128 2791
1
2
3
4
5
6
7
8
9
10
11
12
13
14
15
16
17
18
19
20
21
22
23
24
25
26
27
28
29
30
31
32
33
34
35
36
37
38
39
40
41
42
43
44
45
46
47
48
49
50
51
52
53
54
55
56
57
58
59
60
61
62
63
64
65
66
67
68
69
70
71
72
73
74
75
76
77
78
79
80
81
82
83
84
85
86
87
88
89
90
91
92
93
94
95
96
97
98
99
100
101
102
103
104
105
106
107
108
109
110
111
112
113
114
115
116
117
118
119
120
121
122
123
124
125
126
127
128
1 2 
1 9 
1 11 
1 13 
1 14 
1 18 
1 19 
1 20 
1 21 
1 25 
1 26 
1 30 
1 31 
1 37 
1 38 
1 41 
1 44 
1 48 
1 53 
1 55 
1 59 
1 66 
1 68 
1 70 
1 80 
1 81 
1 84 
1 90 
1 94 
1 104 
1 116 
1 119 
1 121 
1 122 
1 125 
1 127 
2 4 
2 6 
2 7 
2 8 
2 11 
2 12 
2 16 
2 18 
2 22 
2 24 
2 27 
2 35 
2 37 
2 38 
2 45 
2 46 
2 51 
2 52 
2 54 
2 55 
2 56 
2 66 
2 67 
2 68 
2 69 
2 71 
2 78 
2 88 
2 91 
2 105 
2 106 
2 107 
2 109 
2 114 
2 116 
2 119 
2 120 
2 122 
3 4 
3 6 
3 10 
3 11 
3 13 
3 18 
3 22 
3 23 
3 28 
3 30 
3 32 
3 35 
3 36 
3 40 
3 42 
3 43 
3 44 
3 45 
3 46 
3 51 
3 56 
3 61 
3 65 
3 75 
3 76 
3 77 
3 79 
3 80 
3 81 
3 82 
3 84 
3 86 
3 90 
3 91 
3 93 
3 94 
3 96 
3 99 
3 106 
3 110 
3 113 
3 117 
3 120 
3 124 
4 5 
4 6 
4 13 
4 16 
4 18 
4 19 
4 28 
4 36 
4 37 
4 39 
4 40 
4 41 
4 42 
4 44 
4 45 
4 46 
4 47 
4 48 
4 50 
4 55 
4 56 
4 60 
4 62 
4 70 
4 71 
4 72 
4 73 
4 74 
4 76 
4 79 
4 81 
4 83 
4 85 
4 88 
4 91 
4 94 
4 96 
4 97 
4 99 
4 102 
4 104 
4 109 
4 116 
4 125 
5 13 
5 14 
5 16 
5 19 
5 20 
5 22 
5 23 
5 25 
5 26 
5 30 
5 34 
5 36 
5 37 
5 47 
5 50 
5 52 
5 53 
5 56 
5 57 
5 59 
5 62 
5 63 
5 64 
5 66 
5 67 
5 69 
5 70 
5 71 
5 74 
5 78 
5 79 
5 84 
5 85 
5 86 
5 87 
5 89 
5 90 
5 95 
5 97 
5 98 
5 101 
5 103 
5 104 
5 110 
5 113 
5 114 
5 115 
5 116 
5 119 
5 121 
5 126 
5 127 
6 8 
6 16 
6 17 
6 19 
6 25 
6 26 
6 31 
6 35 
6 37 
6 40 
6 48 
6 50 
6 51 
6 52 
6 53 
6 56 
6 65 
6 68 
6 75 
6 78 
6 80 
6 82 
6 84 
6 89 
6 90 
6 91 
6 95 
6 97 
6 98 
6 99 
6 103 
6 105 
6 106 
6 107 
6 109 
6 113 
6 118 
6 119 
6 120 
6 121 
6 124 
6 125 
6 126 
7 13 
7 19 
7 21 
7 22 
7 23 
7 25 
7 27 
7 28 
7 32 
7 33 
7 34 
7 35 
7 43 
7 44 
7 45 
7 47 
7 49 
7 51 
7 52 
7 53 
7 55 
7 57 
7 60 
7 62 
7 65 
7 68 
7 72 
7 76 
7 79 
7 80 
7 81 
7 86 
7 87 
7 91 
7 97 
7 100 
7 103 
7 122 
7 126 
8 9 
8 11 
8 13 
8 15 
8 16 
8 24 
8 26 
8 29 
8 30 
8 33 
8 34 
8 38 
8 42 
8 43 
8 49 
8 50 
8 52 
8 53 
8 58 
8 64 
8 65 
8 67 
8 69 
8 72 
8 73 
8 75 
8 80 
8 82 
8 84 
8 86 
8 87 
8 93 
8 94 
8 95 
8 100 
8 109 
8 113 
8 114 
8 115 
8 117 
8 118 
8 122 
8 123 
8 124 
8 126 
8 128 
9 18 
9 20 
9 21 
9 23 
9 24 
9 27 
9 28 
9 32 
9 34 
9 38 
9 43 
9 49 
9 52 
9 63 
9 64 
9 67 
9 71 
9 72 
9 75 
9 77 
9 79 
9 82 
9 83 
9 87 
9 88 
9 91 
9 94 
9 96 
9 97 
9 101 
9 113 
9 114 
9 116 
9 117 
9 119 
9 123 
9 124 
9 125 
10 13 
10 14 
10 16 
10 20 
10 22 
10 24 
10 25 
10 29 
10 33 
10 37 
10 39 
10 44 
10 49 
10 60 
10 62 
10 72 
10 77 
10 79 
10 86 
10 89 
10 91 
10 95 
10 96 
10 97 
10 98 
10 99 
10 107 
10 110 
10 112 
10 113 
10 115 
10 116 
10 118 
10 123 
10 124 
10 128 
11 19 
11 21 
11 24 
11 26 
11 28 
11 29 
11 31 
11 37 
11 41 
11 46 
11 47 
11 49 
11 55 
11 57 
11 61 
11 63 
11 66 
11 67 
11 70 
11 71 
11 72 
11 74 
11 80 
11 86 
11 87 
11 92 
11 96 
11 97 
11 99 
11 103 
11 107 
11 108 
11 110 
11 113 
11 117 
11 120 
11 124 
11 125 
11 128 
12 13 
12 15 
12 17 
12 18 
12 22 
12 25 
12 26 
12 28 
12 29 
12 37 
12 39 
12 41 
12 44 
12 45 
12 46 
12 48 
12 49 
12 59 
12 60 
12 61 
12 63 
12 64 
12 65 
12 67 
12 72 
12 75 
12 80 
12 82 
12 83 
12 84 
12 85 
12 86 
12 89 
12 91 
12 97 
12 100 
12 104 
12 107 
12 108 
12 112 
12 113 
12 115 
12 117 
12 118 
12 120 
12 122 
12 123 
12 124 
12 126 
12 128 
13 15 
13 16 
13 17 
13 20 
13 22 
13 27 
13 29 
13 33 
13 35 
13 41 
13 48 
13 51 
13 54 
13 55 
13 56 
13 58 
13 59 
13 60 
13 63 
13 69 
13 70 
13 73 
13 74 
13 80 
13 84 
13 85 
13 89 
13 105 
13 106 
13 107 
13 110 
13 111 
13 113 
13 116 
13 117 
13 120 
13 121 
13 122 
13 123 
13 126 
13 127 
14 18 
14 20 
14 26 
14 28 
14 29 
14 32 
14 34 
14 40 
14 42 
14 53 
14 58 
14 59 
14 62 
14 64 
14 65 
14 67 
14 75 
14 83 
14 85 
14 88 
14 91 
14 92 
14 99 
14 108 
14 110 
14 111 
14 113 
14 114 
14 124 
14 125 
14 127 
15 18 
15 19 
15 21 
15 22 
15 24 
15 25 
15 28 
15 29 
15 33 
15 37 
15 39 
15 43 
15 46 
15 47 
15 54 
15 55 
15 58 
15 60 
15 63 
15 64 
15 68 
15 69 
15 70 
15 71 
15 72 
15 74 
15 82 
15 83 
15 84 
15 87 
15 91 
15 93 
15 95 
15 96 
15 100 
15 103 
15 107 
15 108 
15 110 
15 117 
15 125 
16 19 
16 20 
16 22 
16 25 
16 26 
16 27 
16 32 
16 38 
16 41 
16 46 
16 48 
16 49 
16 52 
16 54 
16 57 
16 61 
16 62 
16 68 
16 70 
16 71 
16 73 
16 76 
16 78 
16 79 
16 80 
16 81 
16 86 
16 92 
16 93 
16 98 
16 110 
16 112 
16 116 
16 117 
16 120 
16 124 
16 125 
17 24 
17 25 
17 26 
17 28 
17 33 
17 44 
17 47 
17 48 
17 49 
17 51 
17 54 
17 55 
17 58 
17 60 
17 63 
17 65 
17 74 
17 76 
17 86 
17 87 
17 89 
17 90 
17 91 
17 92 
17 93 
17 94 
17 95 
17 97 
17 100 
17 102 
17 105 
17 109 
17 111 
17 112 
17 114 
17 120 
17 121 
17 124 
17 125 
17 128 
18 19 
18 24 
18 32 
18 34 
18 41 
18 43 
18 48 
18 51 
18 53 
18 54 
18 60 
18 69 
18 72 
18 73 
18 78 
18 79 
18 87 
18 88 
18 91 
18 92 
18 96 
18 98 
18 104 
18 107 
18 110 
18 112 
18 114 
18 115 
18 116 
18 119 
18 122 
18 123 
18 124 
18 126 
19 21 
19 25 
19 27 
19 30 
19 33 
19 34 
19 35 
19 40 
19 46 
19 47 
19 48 
19 51 
19 55 
19 58 
19 66 
19 70 
19 73 
19 76 
19 79 
19 82 
19 92 
19 96 
19 108 
19 109 
19 110 
19 111 
19 112 
19 117 
19 119 
19 120 
19 121 
19 122 
19 123 
19 127 
20 22 
20 25 
20 28 
20 31 
20 32 
20 33 
20 34 
20 35 
20 40 
20 42 
20 43 
20 44 
20 46 
20 47 
20 48 
20 50 
20 51 
20 54 
20 55 
20 57 
20 58 
20 60 
20 61 
20 64 
20 68 
20 78 
20 80 
20 82 
20 89 
20 90 
20 92 
20 93 
20 94 
20 95 
20 96 
20 98 
20 104 
20 106 
20 113 
20 123 
20 124 
20 125 
20 127 
21 24 
21 25 
21 26 
21 27 
21 32 
21 44 
21 45 
21 50 
21 52 
21 54 
21 57 
21 58 
21 60 
21 61 
21 62 
21 63 
21 65 
21 66 
21 68 
21 75 
21 76 
21 82 
21 84 
21 86 
21 87 
21 91 
21 95 
21 97 
21 99 
21 100 
21 101 
21 104 
21 109 
21 113 
21 121 
21 124 
21 127 
22 25 
22 27 
22 31 
22 32 
22 34 
22 35 
22 38 
22 39 
22 40 
22 43 
22 55 
22 56 
22 57 
22 59 
22 61 
22 64 
22 65 
22 67 
22 69 
22 70 
22 71 
22 72 
22 74 
22 75 
22 77 
22 81 
22 87 
22 89 
22 93 
22 94 
22 99 
22 101 
22 103 
22 106 
22 108 
22 113 
22 114 
22 116 
22 119 
22 120 
22 121 
22 125 
22 128 
23 24 
23 28 
23 29 
23 34 
23 36 
23 40 
23 44 
23 48 
23 53 
23 54 
23 56 
23 57 
23 58 
23 59 
23 60 
23 63 
23 68 
23 70 
23 75 
23 77 
23 79 
23 80 
23 83 
23 85 
23 86 
23 88 
23 90 
23 92 
23 95 
23 96 
23 104 
23 106 
23 107 
23 108 
23 109 
23 114 
23 122 
23 124 
23 126 
24 26 
24 28 
24 30 
24 32 
24 34 
24 35 
24 36 
24 37 
24 39 
24 40 
24 41 
24 46 
24 50 
24 52 
24 56 
24 57 
24 60 
24 61 
24 62 
24 64 
24 74 
24 76 
24 77 
24 79 
24 80 
24 87 
24 88 
24 89 
24 91 
24 96 
24 100 
24 107 
24 109 
24 110 
24 113 
24 114 
24 116 
24 120 
24 126 
24 127 
25 29 
25 35 
25 38 
25 43 
25 44 
25 50 
25 52 
25 56 
25 57 
25 58 
25 63 
25 66 
25 67 
25 71 
25 74 
25 77 
25 78 
25 79 
25 85 
25 90 
25 105 
25 108 
25 113 
25 117 
25 118 
25 121 
26 27 
26 28 
26 31 
26 32 
26 39 
26 40 
26 41 
26 43 
26 44 
26 45 
26 55 
26 57 
26 61 
26 72 
26 77 
26 80 
26 85 
26 86 
26 87 
26 91 
26 99 
26 100 
26 102 
26 104 
26 106 
26 111 
26 114 
26 116 
26 119 
26 121 
26 127 
27 32 
27 34 
27 41 
27 42 
27 46 
27 50 
27 51 
27 52 
27 54 
27 55 
27 59 
27 67 
27 69 
27 71 
27 72 
27 76 
27 79 
27 90 
27 93 
27 94 
27 98 
27 99 
27 100 
27 101 
27 103 
27 105 
27 114 
27 117 
27 120 
27 121 
27 122 
27 123 
27 124 
27 125 
27 128 
28 29 
28 31 
28 32 
28 40 
28 42 
28 47 
28 50 
28 51 
28 53 
28 55 
28 56 
28 57 
28 59 
28 61 
28 62 
28 64 
28 66 
28 70 
28 71 
28 78 
28 82 
28 83 
28 88 
28 89 
28 90 
28 99 
28 101 
28 107 
28 111 
28 116 
28 117 
28 118 
28 121 
28 124 
28 126 
28 127 
29 32 
29 33 
29 35 
29 38 
29 41 
29 46 
29 47 
29 48 
29 52 
29 57 
29 62 
29 65 
29 66 
29 67 
29 68 
29 72 
29 74 
29 75 
29 79 
29 83 
29 86 
29 91 
29 94 
29 97 
29 99 
29 100 
29 101 
29 108 
29 109 
29 114 
29 115 
29 120 
29 121 
29 128 
30 32 
30 33 
30 34 
30 35 
30 39 
30 40 
30 47 
30 49 
30 56 
30 57 
30 58 
30 59 
30 61 
30 65 
30 66 
30 68 
30 72 
30 73 
30 74 
30 79 
30 81 
30 84 
30 86 
30 88 
30 90 
30 94 
30 95 
30 97 
30 100 
30 103 
30 110 
30 112 
30 113 
30 117 
30 122 
30 124 
30 127 
31 32 
31 35 
31 38 
31 43 
31 45 
31 48 
31 51 
31 54 
31 61 
31 62 
31 63 
31 67 
31 68 
31 70 
31 71 
31 72 
31 74 
31 77 
31 78 
31 83 
31 88 
31 93 
31 94 
31 96 
31 105 
31 107 
31 109 
31 115 
31 116 
31 121 
31 122 
31 123 
31 124 
31 127 
32 34 
32 40 
32 46 
32 49 
32 50 
32 51 
32 52 
32 55 
32 56 
32 58 
32 60 
32 66 
32 71 
32 72 
32 76 
32 77 
32 79 
32 82 
32 85 
32 86 
32 87 
32 88 
32 91 
32 95 
32 97 
32 101 
32 102 
32 113 
32 114 
32 116 
32 118 
32 119 
32 125 
32 126 
32 127 
32 128 
33 34 
33 41 
33 43 
33 49 
33 51 
33 52 
33 54 
33 56 
33 58 
33 60 
33 61 
33 62 
33 64 
33 68 
33 70 
33 76 
33 77 
33 84 
33 87 
33 88 
33 92 
33 94 
33 96 
33 98 
33 100 
33 101 
33 103 
33 108 
33 111 
33 113 
33 119 
33 121 
33 128 
34 37 
34 46 
34 51 
34 52 
34 53 
34 59 
34 60 
34 62 
34 66 
34 69 
34 80 
34 81 
34 83 
34 84 
34 90 
34 91 
34 95 
34 99 
34 104 
34 105 
34 107 
34 113 
34 116 
34 118 
34 120 
34 121 
34 124 
35 36 
35 39 
35 42 
35 46 
35 50 
35 51 
35 52 
35 53 
35 54 
35 58 
35 61 
35 63 
35 65 
35 67 
35 69 
35 70 
35 71 
35 73 
35 75 
35 77 
35 83 
35 87 
35 98 
35 99 
35 100 
35 101 
35 102 
35 103 
35 106 
35 108 
35 114 
35 117 
35 119 
35 126 
35 127 
36 39 
36 42 
36 48 
36 54 
36 58 
36 60 
36 68 
36 71 
36 73 
36 75 
36 77 
36 78 
36 80 
36 81 
36 84 
36 85 
36 86 
36 87 
36 88 
36 89 
36 91 
36 92 
36 93 
36 101 
36 104 
36 107 
36 108 
36 111 
36 113 
36 117 
36 122 
36 128 
37 40 
37 47 
37 50 
37 53 
37 54 
37 59 
37 60 
37 64 
37 67 
37 68 
37 72 
37 73 
37 77 
37 78 
37 79 
37 82 
37 83 
37 88 
37 91 
37 92 
37 96 
37 99 
37 103 
37 106 
37 109 
37 110 
37 114 
37 115 
37 116 
37 117 
37 119 
37 121 
37 123 
37 124 
37 125 
37 127 
38 40 
38 43 
38 45 
38 46 
38 48 
38 49 
38 51 
38 52 
38 53 
38 55 
38 58 
38 68 
38 70 
38 73 
38 76 
38 81 
38 83 
38 86 
38 87 
38 88 
38 92 
38 94 
38 101 
38 102 
38 103 
38 111 
38 114 
38 116 
38 118 
38 119 
38 122 
38 127 
38 128 
39 40 
39 41 
39 44 
39 46 
39 50 
39 51 
39 52 
39 53 
39 55 
39 56 
39 58 
39 63 
39 64 
39 66 
39 67 
39 69 
39 72 
39 73 
39 74 
39 80 
39 82 
39 84 
39 87 
39 90 
39 91 
39 94 
39 97 
39 103 
39 104 
39 105 
39 106 
39 109 
39 111 
39 112 
39 115 
39 119 
39 122 
39 128 
40 42 
40 43 
40 44 
40 49 
40 51 
40 52 
40 55 
40 57 
40 58 
40 63 
40 66 
40 68 
40 70 
40 71 
40 73 
40 74 
40 81 
40 84 
40 86 
40 90 
40 92 
40 93 
40 94 
40 104 
40 108 
40 111 
40 113 
40 116 
40 120 
40 121 
40 123 
40 124 
40 127 
41 43 
41 46 
41 47 
41 51 
41 52 
41 60 
41 63 
41 67 
41 68 
41 72 
41 74 
41 76 
41 77 
41 79 
41 83 
41 86 
41 89 
41 91 
41 92 
41 96 
41 99 
41 104 
41 108 
41 111 
41 112 
41 114 
41 118 
41 120 
41 121 
41 125 
42 45 
42 50 
42 61 
42 63 
42 64 
42 68 
42 70 
42 74 
42 75 
42 81 
42 83 
42 94 
42 95 
42 97 
42 100 
42 101 
42 102 
42 103 
42 108 
42 110 
42 112 
42 113 
42 116 
42 119 
42 120 
42 121 
42 123 
42 125 
42 127 
42 128 
43 44 
43 45 
43 47 
43 50 
43 54 
43 64 
43 65 
43 67 
43 72 
43 76 
43 78 
43 83 
43 86 
43 92 
43 93 
43 95 
43 98 
43 99 
43 101 
43 103 
43 106 
43 112 
43 113 
43 114 
43 115 
43 119 
43 127 
44 45 
44 53 
44 54 
44 60 
44 62 
44 65 
44 66 
44 69 
44 74 
44 82 
44 84 
44 87 
44 94 
44 98 
44 99 
44 100 
44 104 
44 110 
44 111 
44 112 
44 119 
44 120 
44 121 
44 122 
44 128 
45 46 
45 49 
45 55 
45 58 
45 60 
45 66 
45 69 
45 71 
45 74 
45 75 
45 80 
45 81 
45 82 
45 84 
45 85 
45 91 
45 100 
45 111 
45 120 
45 124 
45 128 
46 54 
46 57 
46 58 
46 61 
46 62 
46 63 
46 64 
46 65 
46 68 
46 71 
46 78 
46 79 
46 80 
46 85 
46 96 
46 97 
46 99 
46 103 
46 104 
46 105 
46 106 
46 114 
46 117 
46 120 
46 121 
46 128 
47 51 
47 53 
47 57 
47 58 
47 59 
47 60 
47 67 
47 69 
47 78 
47 85 
47 86 
47 87 
47 89 
47 90 
47 92 
47 97 
47 98 
47 99 
47 105 
47 108 
47 109 
47 114 
47 115 
47 116 
47 118 
47 123 
47 126 
48 52 
48 53 
48 54 
48 55 
48 56 
48 65 
48 81 
48 87 
48 89 
48 91 
48 92 
48 93 
48 96 
48 97 
48 98 
48 100 
48 106 
48 110 
48 111 
48 112 
48 114 
48 115 
48 119 
48 121 
48 124 
49 50 
49 51 
49 54 
49 55 
49 63 
49 64 
49 65 
49 67 
49 73 
49 74 
49 76 
49 78 
49 81 
49 83 
49 87 
49 88 
49 89 
49 93 
49 97 
49 98 
49 101 
49 102 
49 103 
49 115 
49 120 
49 122 
49 123 
49 126 
50 55 
50 57 
50 60 
50 63 
50 65 
50 69 
50 71 
50 77 
50 79 
50 86 
50 89 
50 93 
50 94 
50 95 
50 96 
50 97 
50 98 
50 104 
50 107 
50 111 
50 115 
50 116 
50 118 
50 120 
50 125 
50 128 
51 52 
51 54 
51 56 
51 59 
51 63 
51 65 
51 70 
51 71 
51 76 
51 80 
51 85 
51 86 
51 87 
51 89 
51 98 
51 108 
51 109 
51 115 
51 119 
51 123 
51 126 
52 55 
52 58 
52 59 
52 65 
52 66 
52 68 
52 70 
52 76 
52 77 
52 80 
52 89 
52 90 
52 92 
52 95 
52 98 
52 103 
52 107 
52 109 
52 110 
52 111 
52 113 
52 115 
52 122 
53 55 
53 57 
53 63 
53 69 
53 70 
53 71 
53 72 
53 73 
53 74 
53 77 
53 78 
53 79 
53 87 
53 89 
53 90 
53 93 
53 96 
53 97 
53 98 
53 100 
53 102 
53 104 
53 105 
53 106 
53 109 
53 110 
53 114 
53 116 
53 119 
53 120 
53 123 
53 127 
54 57 
54 58 
54 60 
54 62 
54 65 
54 66 
54 71 
54 75 
54 77 
54 80 
54 86 
54 88 
54 89 
54 91 
54 92 
54 93 
54 94 
54 98 
54 104 
54 107 
54 108 
54 109 
54 110 
54 113 
54 117 
54 125 
54 127 
55 56 
55 57 
55 58 
55 64 
55 73 
55 74 
55 82 
55 86 
55 87 
55 88 
55 93 
55 96 
55 97 
55 98 
55 102 
55 107 
55 109 
55 111 
55 117 
55 118 
55 119 
55 123 
55 126 
55 128 
56 59 
56 67 
56 69 
56 70 
56 75 
56 76 
56 77 
56 85 
56 89 
56 91 
56 92 
56 96 
56 99 
56 103 
56 106 
56 107 
56 108 
56 110 
56 111 
56 115 
56 117 
57 61 
57 62 
57 64 
57 65 
57 67 
57 71 
57 72 
57 74 
57 85 
57 88 
57 90 
57 93 
57 99 
57 100 
57 106 
57 107 
57 114 
57 116 
57 118 
57 123 
57 124 
57 125 
57 126 
58 62 
58 64 
58 65 
58 66 
58 67 
58 68 
58 69 
58 70 
58 72 
58 74 
58 75 
58 81 
58 86 
58 87 
58 96 
58 98 
58 99 
58 100 
58 103 
58 104 
58 107 
58 113 
58 115 
58 118 
58 121 
58 123 
58 125 
59 61 
59 63 
59 64 
59 65 
59 69 
59 73 
59 75 
59 86 
59 88 
59 90 
59 95 
59 97 
59 100 
59 102 
59 104 
59 105 
59 109 
59 111 
59 114 
59 122 
59 123 
59 126 
60 61 
60 64 
60 69 
60 77 
60 79 
60 80 
60 82 
60 83 
60 84 
60 85 
60 87 
60 89 
60 91 
60 93 
60 99 
60 101 
60 103 
60 106 
60 107 
60 109 
60 112 
60 117 
60 119 
60 122 
60 126 
60 128 
61 62 
61 65 
61 69 
61 71 
61 72 
61 73 
61 74 
61 75 
61 79 
61 80 
61 81 
61 89 
61 92 
61 93 
61 95 
61 98 
61 102 
61 103 
61 107 
61 113 
61 116 
61 117 
61 121 
61 123 
62 64 
62 65 
62 66 
62 68 
62 73 
62 74 
62 75 
62 79 
62 82 
62 86 
62 87 
62 92 
62 93 
62 94 
62 101 
62 104 
62 105 
62 109 
62 113 
62 115 
62 120 
62 121 
62 127 
63 64 
63 65 
63 69 
63 72 
63 73 
63 74 
63 76 
63 81 
63 82 
63 83 
63 84 
63 85 
63 86 
63 87 
63 88 
63 91 
63 92 
63 93 
63 95 
63 96 
63 100 
63 101 
63 109 
63 110 
63 111 
63 118 
63 126 
63 128 
64 66 
64 68 
64 70 
64 71 
64 72 
64 75 
64 77 
64 78 
64 81 
64 83 
64 86 
64 88 
64 89 
64 96 
64 97 
64 98 
64 101 
64 106 
64 109 
64 111 
64 115 
64 116 
64 117 
64 119 
64 121 
64 123 
64 125 
64 126 
64 128 
65 66 
65 67 
65 70 
65 71 
65 75 
65 76 
65 77 
65 78 
65 83 
65 84 
65 91 
65 98 
65 100 
65 101 
65 109 
65 110 
65 113 
65 114 
65 115 
65 122 
65 123 
66 68 
66 69 
66 77 
66 82 
66 85 
66 88 
66 92 
66 98 
66 106 
66 110 
66 111 
66 116 
66 117 
66 118 
66 119 
66 120 
66 126 
66 127 
67 74 
67 77 
67 79 
67 80 
67 85 
67 86 
67 91 
67 92 
67 98 
67 101 
67 102 
67 103 
67 104 
67 106 
67 117 
67 119 
67 120 
68 70 
68 74 
68 76 
68 81 
68 82 
68 83 
68 85 
68 89 
68 90 
68 92 
68 93 
68 95 
68 96 
68 111 
68 116 
68 117 
68 118 
68 119 
68 120 
68 122 
68 123 
68 124 
68 125 
68 126 
69 73 
69 74 
69 77 
69 78 
69 80 
69 87 
69 88 
69 89 
69 90 
69 91 
69 92 
69 93 
69 101 
69 104 
69 108 
69 112 
69 118 
69 120 
69 124 
69 125 
69 128 
70 76 
70 78 
70 79 
70 84 
70 85 
70 88 
70 90 
70 93 
70 94 
70 96 
70 98 
70 108 
70 110 
70 111 
70 113 
70 114 
70 117 
70 119 
70 121 
70 128 
71 73 
71 75 
71 76 
71 77 
71 78 
71 79 
71 80 
71 84 
71 87 
71 89 
71 90 
71 91 
71 92 
71 98 
71 99 
71 100 
71 115 
71 116 
71 117 
71 118 
71 122 
71 123 
71 124 
71 125 
71 128 
72 73 
72 76 
72 79 
72 84 
72 90 
72 91 
72 94 
72 95 
72 96 
72 97 
72 99 
72 101 
72 103 
72 106 
72 108 
72 113 
72 116 
72 122 
72 124 
72 125 
73 75 
73 77 
73 81 
73 82 
73 86 
73 90 
73 92 
73 95 
73 97 
73 100 
73 102 
73 105 
73 112 
73 115 
73 121 
73 126 
73 127 
74 76 
74 79 
74 80 
74 82 
74 83 
74 86 
74 87 
74 91 
74 96 
74 99 
74 101 
74 103 
74 104 
74 108 
74 112 
74 115 
74 116 
74 118 
74 120 
74 124 
75 77 
75 78 
75 81 
75 82 
75 83 
75 89 
75 91 
75 94 
75 96 
75 97 
75 107 
75 115 
75 117 
75 125 
76 81 
76 87 
76 94 
76 96 
76 99 
76 102 
76 103 
76 105 
76 108 
76 111 
76 112 
76 113 
76 117 
76 121 
76 123 
76 126 
77 80 
77 81 
77 84 
77 86 
77 88 
77 90 
77 97 
77 103 
77 108 
77 109 
77 111 
77 115 
77 116 
77 117 
77 118 
77 119 
77 127 
78 80 
78 81 
78 82 
78 86 
78 89 
78 92 
78 93 
78 103 
78 107 
78 108 
78 110 
78 112 
78 120 
78 121 
78 123 
78 125 
79 80 
79 93 
79 99 
79 100 
79 101 
79 103 
79 104 
79 106 
79 108 
79 110 
79 112 
79 113 
79 115 
79 124 
79 126 
79 127 
79 128 
80 85 
80 94 
80 98 
80 99 
80 100 
80 106 
80 115 
80 119 
80 125 
80 126 
81 82 
81 83 
81 95 
81 98 
81 106 
81 111 
81 113 
81 116 
81 118 
81 123 
81 125 
82 83 
82 87 
82 89 
82 90 
82 91 
82 92 
82 96 
82 99 
82 100 
82 102 
82 107 
82 109 
82 121 
82 124 
82 126 
83 84 
83 88 
83 94 
83 96 
83 98 
83 99 
83 102 
83 104 
83 113 
83 121 
83 122 
83 124 
83 125 
83 126 
84 86 
84 88 
84 92 
84 96 
84 97 
84 104 
84 106 
84 109 
84 112 
84 113 
84 116 
84 126 
85 88 
85 91 
85 93 
85 95 
85 96 
85 99 
85 102 
85 113 
85 117 
85 121 
86 87 
86 88 
86 96 
86 98 
86 102 
86 103 
86 106 
86 107 
86 108 
86 110 
86 115 
86 119 
86 126 
86 127 
87 93 
87 94 
87 95 
87 100 
87 101 
87 102 
87 103 
87 106 
87 108 
87 109 
87 111 
87 119 
87 120 
87 121 
87 123 
87 126 
88 89 
88 94 
88 97 
88 98 
88 100 
88 105 
88 106 
88 110 
88 115 
88 116 
88 118 
88 119 
88 120 
88 122 
88 123 
88 126 
88 127 
88 128 
89 91 
89 92 
89 94 
89 98 
89 113 
89 123 
89 124 
89 127 
90 91 
90 92 
90 95 
90 96 
90 100 
90 106 
90 108 
90 109 
90 117 
90 118 
90 123 
90 125 
91 95 
91 99 
91 101 
91 102 
91 104 
91 107 
91 110 
91 111 
91 112 
91 114 
91 115 
91 121 
91 123 
91 124 
91 126 
92 95 
92 100 
92 101 
92 103 
92 104 
92 106 
92 107 
92 108 
92 109 
92 110 
92 111 
92 115 
92 118 
92 120 
92 121 
92 122 
92 123 
92 124 
92 125 
92 126 
92 127 
92 128 
93 97 
93 99 
93 103 
93 106 
93 110 
93 112 
93 116 
93 119 
93 121 
93 125 
93 126 
93 127 
93 128 
94 96 
94 98 
94 99 
94 100 
94 105 
94 113 
94 115 
94 120 
94 121 
94 122 
94 125 
94 126 
95 99 
95 100 
95 110 
95 113 
95 114 
95 115 
95 123 
95 126 
95 127 
96 102 
96 106 
96 108 
96 110 
96 111 
96 112 
96 115 
96 117 
96 118 
96 127 
97 99 
97 100 
97 105 
97 112 
97 116 
97 119 
97 120 
97 121 
97 126 
97 127 
98 103 
98 110 
98 113 
98 115 
98 118 
98 121 
98 122 
98 124 
98 128 
99 100 
99 102 
99 103 
99 110 
99 112 
99 113 
99 114 
99 120 
99 124 
99 127 
99 128 
100 102 
100 104 
100 107 
100 108 
100 109 
100 112 
100 114 
100 117 
100 120 
100 121 
101 103 
101 108 
101 111 
101 115 
101 121 
101 124 
101 125 
102 104 
102 112 
102 114 
102 118 
102 119 
102 120 
102 123 
102 124 
102 125 
102 126 
102 127 
103 111 
103 113 
103 115 
103 120 
103 124 
103 125 
104 107 
104 110 
104 112 
104 114 
104 117 
104 122 
104 123 
104 125 
105 109 
105 111 
105 113 
105 114 
105 118 
105 121 
105 125 
105 126 
106 107 
106 112 
106 115 
106 121 
106 122 
106 125 
106 126 
106 127 
107 109 
107 114 
107 116 
107 119 
107 122 
107 123 
107 128 
108 111 
108 112 
108 117 
108 118 
108 119 
108 120 
108 122 
108 123 
108 128 
109 116 
109 118 
109 119 
109 120 
109 122 
109 125 
109 127 
109 128 
110 115 
110 116 
110 122 
110 123 
110 124 
110 126 
111 112 
111 118 
111 121 
111 122 
111 123 
111 128 
112 119 
112 120 
112 121 
112 125 
112 126 
113 121 
113 123 
113 125 
113 126 
113 127 
114 115 
114 117 
114 118 
114 119 
114 120 
114 121 
114 124 
114 125 
115 117 
115 119 
115 120 
115 124 
116 117 
116 119 
116 122 
116 123 
116 126 
117 121 
117 123 
118 121 
118 122 
118 124 
119 124 
119 128 
120 124 
120 126 
120 127 
120 128 
121 122 
121 123 
121 125 
122 125 
122 128 
123 125 
123 127 
125 126 
126 128 
