128 821
1 4
1 6
1 9
1 16
1 27
1 56
1 57
1 62
1 87
1 95
1 97
1 100
1 103
1 104
2 8
2 9
2 35
2 46
2 54
2 66
2 68
2 95
2 104
2 124
3 22
3 31
3 38
3 47
3 51
3 59
3 70
3 80
3 91
3 94
3 113
3 128
4 12
4 31
4 35
4 40
4 66
4 72
4 96
4 103
4 128
5 9
5 35
5 61
5 65
5 82
5 83
5 93
5 94
5 112
5 113
5 119
5 120
5 121
5 125
6 28
6 32
6 36
6 37
6 40
6 82
6 84
6 88
6 93
6 108
7 10
7 12
7 13
7 17
7 22
7 46
7 74
7 78
7 99
7 108
7 112
7 117
7 124
8 14
8 28
8 33
8 53
8 56
8 85
8 113
8 115
8 122
8 125
9 10
9 11
9 35
9 36
9 39
9 61
9 78
9 95
9 99
9 102
9 105
9 123
10 63
10 71
10 87
10 98
10 102
10 105
10 128
11 22
11 34
11 36
11 44
11 52
11 53
11 61
11 63
11 66
11 74
11 105
11 118
12 22
12 24
12 27
12 34
12 48
12 53
12 56
12 66
12 77
12 80
12 93
12 115
13 26
13 38
13 84
13 94
13 98
13 100
13 106
13 112
13 122
14 18
14 29
14 34
14 39
14 43
14 48
14 53
14 58
14 73
14 108
14 128
15 16
15 20
15 26
15 38
15 49
15 51
15 60
15 65
15 66
15 84
15 91
15 98
15 110
16 29
16 30
16 41
16 43
16 52
16 58
16 65
16 79
16 89
16 120
17 19
17 35
17 36
17 41
17 44
17 51
17 71
17 73
17 85
17 92
17 93
17 95
17 101
18 39
18 41
18 48
18 50
18 55
18 60
18 63
18 73
18 105
18 124
19 20
19 27
19 46
19 62
19 66
19 67
19 71
19 75
19 82
19 86
19 87
19 88
19 92
19 93
19 107
19 115
19 116
19 123
19 127
20 25
20 35
20 60
20 72
20 83
20 88
20 92
20 100
20 102
20 108
20 110
20 116
20 122
21 31
21 45
21 48
21 58
21 60
21 61
21 65
21 66
21 70
21 74
21 92
21 96
21 116
21 121
22 24
22 34
22 38
22 40
22 41
22 71
22 76
22 78
22 86
22 96
22 103
22 104
22 107
22 113
22 114
22 121
22 123
22 124
23 26
23 31
23 34
23 48
23 52
23 55
23 58
23 63
23 94
23 117
23 118
23 128
24 29
24 37
24 43
24 55
24 67
24 71
24 83
24 91
24 106
24 128
25 45
25 60
25 86
25 101
25 109
25 118
26 41
26 62
26 73
26 92
26 99
26 110
26 111
26 120
26 126
27 32
27 77
27 80
27 90
27 92
27 98
27 112
27 115
28 52
28 75
28 78
28 83
28 99
28 110
28 117
28 121
28 123
28 124
29 53
29 57
29 60
29 80
29 84
29 90
29 92
29 95
29 103
29 111
29 115
29 127
30 32
30 33
30 45
30 48
30 55
30 75
30 95
30 96
30 101
30 108
30 128
31 33
31 62
31 67
31 71
31 87
31 88
31 100
31 104
31 109
31 125
32 59
32 83
32 103
32 110
32 125
32 127
33 49
33 57
33 79
33 89
33 103
34 36
34 48
34 59
34 79
34 80
34 101
34 103
34 121
34 125
35 45
35 57
35 61
35 80
35 90
35 101
35 105
35 112
36 37
36 57
36 62
36 64
36 111
36 119
36 121
36 125
37 54
37 96
37 124
38 43
38 48
38 53
38 55
38 61
38 64
38 89
38 101
38 109
38 115
38 118
38 123
39 52
39 57
39 60
39 63
39 74
39 83
39 91
39 92
39 104
39 108
39 115
39 121
40 44
40 56
40 58
40 67
40 68
40 70
40 75
40 86
40 87
40 95
40 101
40 111
40 114
40 115
40 118
40 125
41 59
41 115
41 124
41 125
42 43
42 57
42 58
42 62
42 69
42 90
42 92
42 93
42 104
42 111
43 50
43 52
43 68
43 88
43 92
43 98
43 114
43 117
44 81
44 82
44 83
44 118
44 126
45 58
45 80
45 85
45 93
45 100
45 101
45 104
45 105
45 110
45 120
46 50
46 53
46 61
46 80
46 81
46 85
46 87
46 93
46 106
46 107
46 112
46 113
46 122
46 125
47 79
47 85
47 110
47 111
47 114
47 118
47 127
48 49
48 72
48 92
48 93
48 112
48 117
48 121
49 54
49 60
49 69
49 79
49 105
50 63
50 69
50 84
50 108
50 116
50 128
51 52
51 65
51 79
51 82
51 88
51 92
51 98
51 108
51 122
51 124
52 55
52 63
52 79
52 92
52 96
52 106
53 77
53 115
53 118
53 124
54 70
54 89
54 105
55 59
55 91
55 92
55 107
55 118
55 124
56 64
56 97
56 99
56 108
56 115
56 116
56 118
57 87
57 106
57 110
57 122
57 125
58 63
58 65
58 87
58 91
58 97
58 118
58 120
58 123
59 60
59 62
59 68
59 85
59 90
59 91
59 93
59 97
59 111
59 123
60 67
60 94
60 116
60 119
60 124
60 125
61 92
61 98
61 108
61 122
61 123
61 126
61 128
62 63
62 71
62 92
62 115
62 118
63 71
63 80
63 87
63 95
64 69
64 72
64 89
64 105
64 106
64 113
64 119
64 127
65 72
65 82
65 83
65 94
65 101
66 70
66 72
66 80
66 81
66 84
66 87
66 91
66 97
66 98
66 99
66 102
66 114
66 116
66 118
66 124
66 127
67 71
67 82
67 93
67 94
67 111
67 120
67 122
68 76
68 89
68 98
68 101
68 104
68 108
68 112
69 70
69 77
69 84
69 85
69 110
70 76
70 92
70 105
70 114
70 125
71 73
71 86
71 87
71 91
71 92
71 96
71 108
71 109
71 120
71 125
72 83
72 84
72 111
72 114
72 117
72 128
73 84
73 96
73 97
73 118
73 122
73 125
74 75
74 83
74 96
74 104
74 111
74 112
74 124
75 77
75 80
75 88
75 96
75 102
75 105
75 111
75 120
75 121
75 122
76 77
76 87
76 91
76 93
76 100
76 128
77 84
77 85
77 101
77 122
77 124
78 80
78 81
78 82
78 89
78 95
78 96
78 106
78 115
78 119
78 125
78 127
79 98
79 104
79 125
80 85
80 99
80 106
80 122
81 89
81 107
81 123
82 87
82 88
82 91
82 92
82 119
83 101
83 102
83 114
83 117
83 125
84 101
84 105
84 121
84 122
84 125
85 98
85 116
86 95
86 107
86 110
86 125
87 95
87 99
87 114
87 115
87 116
87 119
88 91
88 115
88 118
88 122
88 123
89 128
90 93
90 96
90 107
90 112
90 114
91 92
91 108
91 111
91 126
92 97
92 118
92 123
92 126
93 101
93 108
93 112
93 121
94 100
94 101
94 118
95 97
95 109
95 111
95 112
95 126
96 108
97 105
97 119
98 100
98 102
98 125
98 127
99 109
99 128
100 110
100 116
100 120
101 113
101 115
101 122
102 119
102 121
103 106
103 107
103 111
103 112
103 121
104 107
104 120
104 126
105 106
105 109
105 113
106 118
107 114
107 121
108 116
109 114
109 125
110 114
111 112
111 125
113 114
114 120
114 127
115 119
115 122
116 122
117 126
117 127
119 121
119 128
121 128
122 128
123 128
