128 3847
1 3
1 4
1 5
1 7
1 11
1 12
1 14
1 17
1 21
1 23
1 24
1 30
1 33
1 35
1 39
1 40
1 41
1 45
1 46
1 48
1 50
1 51
1 53
1 55
1 56
1 59
1 62
1 63
1 64
1 72
1 74
1 76
1 78
1 81
1 87
1 88
1 89
1 90
1 91
1 93
1 97
1 98
1 99
1 101
1 103
1 104
1 107
1 109
1 111
1 112
1 113
1 114
1 116
1 118
1 119
1 120
1 121
1 125
1 127
2 3
2 5
2 6
2 7
2 11
2 13
2 16
2 19
2 24
2 25
2 27
2 30
2 33
2 39
2 40
2 41
2 42
2 43
2 44
2 45
2 48
2 49
2 51
2 54
2 58
2 59
2 60
2 62
2 63
2 69
2 72
2 75
2 76
2 78
2 79
2 80
2 81
2 85
2 86
2 87
2 88
2 93
2 95
2 97
2 98
2 100
2 102
2 103
2 106
2 108
2 111
2 113
2 116
2 120
2 121
2 122
2 124
2 125
2 126
2 127
2 128
3 6
3 7
3 8
3 9
3 12
3 13
3 14
3 20
3 21
3 25
3 26
3 30
3 32
3 33
3 35
3 37
3 38
3 40
3 45
3 47
3 49
3 50
3 51
3 52
3 55
3 56
3 60
3 62
3 64
3 65
3 66
3 67
3 68
3 70
3 71
3 73
3 76
3 77
3 79
3 80
3 81
3 85
3 87
3 92
3 93
3 95
3 96
3 97
3 98
3 100
3 105
3 106
3 107
3 109
3 111
3 113
3 115
3 116
3 118
3 120
3 121
3 124
4 9
4 10
4 15
4 16
4 17
4 18
4 20
4 21
4 22
4 23
4 24
4 31
4 35
4 37
4 38
4 39
4 40
4 41
4 49
4 52
4 54
4 60
4 62
4 63
4 64
4 65
4 68
4 69
4 70
4 71
4 74
4 76
4 77
4 78
4 80
4 82
4 85
4 89
4 91
4 94
4 95
4 96
4 97
4 100
4 102
4 106
4 107
4 108
4 112
4 115
4 116
4 120
4 123
4 125
4 126
4 127
5 6
5 7
5 8
5 9
5 10
5 11
5 13
5 17
5 19
5 21
5 23
5 26
5 28
5 29
5 30
5 33
5 34
5 37
5 38
5 39
5 40
5 41
5 46
5 47
5 48
5 53
5 54
5 57
5 59
5 60
5 62
5 63
5 64
5 66
5 67
5 69
5 71
5 72
5 74
5 75
5 81
5 82
5 86
5 91
5 92
5 93
5 95
5 96
5 97
5 98
5 99
5 100
5 101
5 102
5 105
5 106
5 108
5 114
5 116
5 118
5 121
5 122
5 123
6 11
6 12
6 14
6 17
6 19
6 20
6 22
6 23
6 24
6 25
6 28
6 29
6 32
6 37
6 38
6 47
6 48
6 50
6 51
6 55
6 56
6 58
6 59
6 60
6 62
6 63
6 64
6 66
6 67
6 74
6 75
6 76
6 79
6 80
6 84
6 86
6 87
6 88
6 89
6 90
6 91
6 92
6 96
6 97
6 98
6 102
6 106
6 107
6 108
6 109
6 110
6 114
6 115
6 120
6 123
6 124
6 127
7 10
7 12
7 15
7 16
7 18
7 20
7 21
7 26
7 27
7 28
7 29
7 30
7 34
7 35
7 36
7 37
7 39
7 42
7 44
7 45
7 46
7 47
7 48
7 51
7 52
7 53
7 55
7 58
7 59
7 63
7 69
7 74
7 76
7 78
7 80
7 81
7 83
7 88
7 89
7 91
7 93
7 95
7 96
7 97
7 98
7 100
7 103
7 106
7 109
7 111
7 113
7 121
7 122
7 123
7 124
7 125
7 126
7 127
8 12
8 14
8 19
8 22
8 23
8 24
8 25
8 26
8 27
8 29
8 30
8 31
8 36
8 39
8 41
8 43
8 44
8 46
8 49
8 53
8 55
8 58
8 59
8 61
8 62
8 64
8 66
8 70
8 77
8 78
8 80
8 81
8 82
8 84
8 86
8 87
8 89
8 90
8 91
8 92
8 95
8 96
8 97
8 102
8 103
8 106
8 107
8 108
8 109
8 110
8 111
8 112
8 116
8 118
8 119
8 120
8 121
8 122
8 125
8 127
8 128
9 10
9 13
9 16
9 17
9 19
9 20
9 22
9 24
9 25
9 26
9 31
9 33
9 35
9 36
9 38
9 40
9 41
9 42
9 43
9 44
9 57
9 58
9 60
9 61
9 63
9 64
9 66
9 68
9 71
9 78
9 82
9 84
9 86
9 92
9 93
9 96
9 98
9 101
9 102
9 103
9 107
9 108
9 109
9 111
9 112
9 114
9 116
9 121
9 123
9 125
9 127
10 11
10 14
10 17
10 20
10 22
10 24
10 26
10 30
10 34
10 36
10 43
10 45
10 48
10 49
10 50
10 53
10 54
10 55
10 58
10 59
10 60
10 62
10 63
10 64
10 71
10 74
10 75
10 76
10 78
10 79
10 82
10 84
10 85
10 86
10 88
10 89
10 93
10 94
10 96
10 98
10 99
10 100
10 107
10 109
10 110
10 111
10 113
10 114
10 118
10 119
10 120
10 121
10 126
11 16
11 17
11 18
11 20
11 22
11 25
11 28
11 30
11 33
11 34
11 35
11 36
11 37
11 40
11 42
11 44
11 45
11 47
11 52
11 53
11 54
11 61
11 65
11 66
11 67
11 68
11 72
11 73
11 74
11 75
11 76
11 78
11 81
11 83
11 84
11 85
11 87
11 89
11 91
11 92
11 93
11 94
11 97
11 98
11 100
11 102
11 103
11 105
11 106
11 107
11 112
11 113
11 114
11 116
11 117
11 118
11 121
11 123
11 124
11 126
12 13
12 14
12 15
12 20
12 21
12 23
12 30
12 36
12 37
12 38
12 39
12 40
12 42
12 43
12 47
12 49
12 50
12 52
12 53
12 54
12 56
12 58
12 59
12 60
12 66
12 70
12 74
12 75
12 78
12 79
12 80
12 82
12 87
12 91
12 92
12 93
12 94
12 97
12 99
12 102
12 103
12 104
12 105
12 106
12 107
12 108
12 110
12 114
12 119
12 120
13 14
13 15
13 18
13 20
13 24
13 25
13 26
13 29
13 35
13 36
13 37
13 38
13 45
13 47
13 48
13 49
13 50
13 52
13 53
13 54
13 59
13 65
13 66
13 67
13 69
13 76
13 78
13 80
13 81
13 83
13 85
13 86
13 88
13 89
13 90
13 91
13 92
13 93
13 98
13 99
13 100
13 101
13 103
13 105
13 107
13 109
13 111
13 112
13 114
13 118
13 119
13 124
13 128
14 16
14 17
14 21
14 22
14 23
14 25
14 26
14 28
14 29
14 30
14 34
14 37
14 40
14 41
14 45
14 48
14 49
14 52
14 54
14 57
14 65
14 66
14 69
14 70
14 71
14 72
14 73
14 76
14 77
14 78
14 81
14 82
14 84
14 85
14 88
14 89
14 90
14 93
14 95
14 97
14 98
14 99
14 100
14 106
14 111
14 114
14 115
14 116
14 117
14 123
14 126
15 16
15 18
15 19
15 20
15 21
15 23
15 25
15 26
15 33
15 34
15 35
15 36
15 37
15 38
15 39
15 40
15 43
15 44
15 46
15 50
15 51
15 52
15 57
15 60
15 61
15 66
15 70
15 75
15 77
15 79
15 80
15 82
15 83
15 84
15 86
15 88
15 90
15 91
15 92
15 93
15 95
15 96
15 97
15 99
15 102
15 104
15 105
15 106
15 107
15 108
15 111
15 115
15 119
15 120
15 121
15 123
15 125
15 126
15 128
16 17
16 21
16 24
16 27
16 28
16 30
16 31
16 32
16 34
16 35
16 38
16 39
16 40
16 41
16 45
16 46
16 49
16 51
16 53
16 56
16 58
16 60
16 61
16 62
16 63
16 65
16 66
16 69
16 70
16 73
16 78
16 79
16 80
16 84
16 85
16 87
16 88
16 89
16 90
16 92
16 94
16 95
16 96
16 97
16 100
16 102
16 105
16 106
16 107
16 109
16 110
16 112
16 113
16 114
16 115
16 117
16 118
16 120
16 121
16 123
16 125
16 126
17 19
17 20
17 21
17 24
17 25
17 26
17 30
17 32
17 33
17 34
17 36
17 37
17 43
17 45
17 50
17 52
17 53
17 55
17 58
17 63
17 66
17 69
17 71
17 73
17 74
17 75
17 77
17 78
17 79
17 80
17 81
17 84
17 90
17 91
17 93
17 96
17 98
17 99
17 103
17 105
17 106
17 107
17 108
17 112
17 113
17 115
17 116
17 118
17 119
17 120
17 123
17 124
17 125
17 126
17 127
18 19
18 20
18 25
18 26
18 27
18 30
18 31
18 37
18 38
18 39
18 40
18 42
18 46
18 50
18 51
18 53
18 57
18 59
18 61
18 62
18 63
18 65
18 67
18 68
18 69
18 72
18 73
18 75
18 76
18 77
18 79
18 80
18 81
18 82
18 85
18 86
18 87
18 88
18 89
18 92
18 93
18 96
18 97
18 98
18 100
18 105
18 107
18 110
18 113
18 114
18 117
18 118
18 119
18 121
18 122
18 124
18 128
19 23
19 24
19 26
19 27
19 31
19 32
19 36
19 38
19 40
19 42
19 43
19 45
19 46
19 49
19 52
19 55
19 60
19 61
19 63
19 67
19 68
19 69
19 70
19 73
19 74
19 75
19 77
19 80
19 83
19 84
19 85
19 87
19 91
19 92
19 94
19 95
19 98
19 100
19 103
19 104
19 107
19 110
19 111
19 112
19 116
19 117
19 126
19 128
20 22
20 23
20 24
20 25
20 26
20 27
20 28
20 31
20 32
20 35
20 36
20 37
20 38
20 43
20 44
20 46
20 47
20 54
20 57
20 60
20 62
20 63
20 64
20 65
20 70
20 72
20 73
20 75
20 78
20 81
20 84
20 87
20 88
20 89
20 90
20 91
20 92
20 93
20 97
20 98
20 99
20 103
20 104
20 105
20 109
20 111
20 112
20 114
20 116
20 117
20 119
20 121
20 122
20 125
21 24
21 25
21 27
21 28
21 29
21 38
21 40
21 41
21 42
21 46
21 48
21 49
21 51
21 52
21 55
21 58
21 59
21 62
21 63
21 65
21 67
21 74
21 75
21 78
21 80
21 82
21 85
21 86
21 88
21 90
21 91
21 93
21 94
21 97
21 101
21 102
21 103
21 105
21 106
21 107
21 109
21 110
21 112
21 115
21 116
21 118
21 119
21 120
21 121
21 122
21 124
21 126
22 24
22 27
22 28
22 31
22 39
22 43
22 44
22 46
22 47
22 48
22 50
22 54
22 55
22 58
22 59
22 60
22 61
22 62
22 65
22 67
22 68
22 74
22 77
22 78
22 80
22 81
22 82
22 83
22 84
22 93
22 98
22 99
22 100
22 102
22 103
22 105
22 106
22 107
22 108
22 109
22 110
22 111
22 113
22 114
22 116
22 118
22 120
22 121
22 122
22 125
22 127
23 25
23 27
23 28
23 29
23 30
23 32
23 33
23 40
23 42
23 43
23 44
23 45
23 47
23 49
23 50
23 55
23 59
23 60
23 61
23 63
23 67
23 68
23 72
23 73
23 76
23 77
23 80
23 81
23 85
23 86
23 87
23 88
23 89
23 90
23 91
23 93
23 94
23 96
23 97
23 98
23 100
23 101
23 104
23 107
23 108
23 113
23 114
23 115
23 116
23 118
23 119
23 120
23 123
23 124
24 25
24 27
24 28
24 29
24 30
24 32
24 33
24 34
24 37
24 38
24 39
24 40
24 42
24 46
24 48
24 51
24 55
24 56
24 58
24 61
24 62
24 64
24 65
24 66
24 68
24 69
24 70
24 73
24 75
24 76
24 78
24 80
24 83
24 87
24 88
24 89
24 90
24 91
24 92
24 94
24 97
24 100
24 101
24 102
24 104
24 108
24 110
24 114
24 115
24 116
24 117
24 118
24 122
24 124
24 125
24 127
24 128
25 27
25 28
25 29
25 34
25 35
25 37
25 38
25 51
25 52
25 53
25 60
25 65
25 69
25 70
25 71
25 73
25 74
25 75
25 76
25 79
25 80
25 81
25 85
25 91
25 93
25 95
25 96
25 97
25 98
25 99
25 101
25 102
25 103
25 107
25 109
25 110
25 113
25 114
25 116
25 118
25 123
25 125
25 128
26 27
26 29
26 30
26 31
26 36
26 37
26 38
26 41
26 43
26 48
26 49
26 52
26 54
26 62
26 64
26 65
26 66
26 68
26 73
26 74
26 75
26 78
26 82
26 83
26 84
26 87
26 93
26 94
26 95
26 97
26 98
26 103
26 107
26 109
26 112
26 115
26 116
26 117
26 119
26 120
26 121
26 122
26 124
26 125
26 127
26 128
27 28
27 29
27 32
27 34
27 38
27 39
27 41
27 44
27 49
27 51
27 53
27 54
27 58
27 64
27 68
27 72
27 73
27 74
27 76
27 77
27 80
27 85
27 87
27 89
27 91
27 92
27 93
27 95
27 96
27 99
27 101
27 104
27 109
27 110
27 114
27 116
27 118
27 119
27 120
27 121
27 122
27 124
27 126
28 30
28 31
28 32
28 34
28 37
28 38
28 39
28 40
28 41
28 46
28 48
28 51
28 52
28 53
28 54
28 55
28 56
28 58
28 60
28 63
28 69
28 74
28 75
28 78
28 80
28 83
28 85
28 87
28 88
28 89
28 97
28 98
28 100
28 101
28 103
28 104
28 105
28 106
28 111
28 113
28 114
28 115
28 116
28 118
28 119
28 126
28 127
29 32
29 35
29 37
29 40
29 41
29 43
29 49
29 50
29 52
29 54
29 55
29 58
29 59
29 60
29 61
29 62
29 63
29 68
29 69
29 71
29 73
29 75
29 78
29 79
29 80
29 81
29 86
29 88
29 91
29 93
29 98
29 99
29 101
29 106
29 110
29 111
29 112
29 114
29 123
29 124
30 34
30 37
30 41
30 42
30 43
30 46
30 47
30 48
30 51
30 53
30 54
30 63
30 65
30 67
30 68
30 69
30 70
30 71
30 72
30 73
30 74
30 77
30 85
30 87
30 89
30 90
30 92
30 93
30 94
30 95
30 100
30 103
30 106
30 107
30 109
30 110
30 111
30 112
30 118
30 127
31 33
31 36
31 40
31 45
31 47
31 50
31 51
31 52
31 55
31 57
31 59
31 60
31 61
31 62
31 63
31 65
31 72
31 74
31 76
31 77
31 78
31 84
31 85
31 87
31 88
31 89
31 92
31 95
31 96
31 99
31 100
31 103
31 108
31 114
31 115
31 116
31 117
31 118
31 126
31 128
32 33
32 34
32 35
32 37
32 38
32 39
32 40
32 42
32 43
32 45
32 46
32 47
32 48
32 54
32 55
32 56
32 57
32 58
32 59
32 60
32 63
32 68
32 69
32 71
32 72
32 74
32 78
32 81
32 82
32 83
32 84
32 85
32 86
32 89
32 90
32 91
32 92
32 94
32 95
32 97
32 99
32 104
32 110
32 111
32 112
32 113
32 115
32 116
32 117
32 119
32 121
32 122
32 124
32 126
32 127
32 128
33 37
33 40
33 41
33 43
33 48
33 49
33 50
33 51
33 52
33 53
33 58
33 59
33 60
33 64
33 65
33 66
33 70
33 71
33 72
33 73
33 74
33 75
33 84
33 86
33 87
33 88
33 89
33 93
33 96
33 97
33 99
33 101
33 102
33 103
33 105
33 106
33 108
33 110
33 112
33 115
33 118
33 120
33 127
33 128
34 36
34 37
34 38
34 39
34 40
34 47
34 50
34 53
34 55
34 56
34 57
34 58
34 60
34 61
34 62
34 67
34 69
34 79
34 80
34 81
34 82
34 85
34 87
34 88
34 90
34 91
34 92
34 93
34 96
34 97
34 98
34 99
34 102
34 107
34 108
34 110
34 113
34 114
34 116
34 117
34 118
34 125
34 126
34 127
34 128
35 39
35 40
35 41
35 44
35 46
35 47
35 48
35 55
35 56
35 57
35 61
35 62
35 65
35 67
35 69
35 71
35 74
35 76
35 81
35 84
35 87
35 88
35 89
35 95
35 96
35 103
35 104
35 105
35 107
35 108
35 111
35 112
35 116
35 119
35 123
35 127
36 37
36 49
36 50
36 51
36 53
36 54
36 55
36 57
36 61
36 62
36 65
36 66
36 68
36 69
36 70
36 75
36 76
36 79
36 80
36 81
36 82
36 83
36 89
36 90
36 91
36 92
36 94
36 95
36 96
36 98
36 105
36 106
36 107
36 111
36 113
36 117
36 121
37 40
37 43
37 44
37 45
37 46
37 48
37 50
37 51
37 53
37 59
37 60
37 64
37 67
37 68
37 70
37 71
37 77
37 78
37 80
37 81
37 83
37 85
37 86
37 90
37 92
37 94
37 95
37 98
37 101
37 103
37 109
37 110
37 111
37 113
37 122
37 123
37 125
37 127
38 39
38 41
38 42
38 44
38 49
38 51
38 55
38 57
38 60
38 62
38 63
38 65
38 66
38 70
38 72
38 75
38 76
38 78
38 84
38 87
38 89
38 90
38 92
38 93
38 94
38 97
38 98
38 102
38 104
38 105
38 106
38 108
38 109
38 110
38 112
38 113
38 117
38 119
38 120
38 121
38 123
38 128
39 40
39 41
39 45
39 48
39 49
39 50
39 53
39 55
39 57
39 59
39 60
39 64
39 66
39 69
39 73
39 74
39 80
39 82
39 83
39 87
39 88
39 89
39 91
39 92
39 94
39 95
39 98
39 99
39 101
39 102
39 110
39 112
39 117
39 118
39 120
39 121
39 122
39 124
39 125
40 45
40 47
40 48
40 49
40 51
40 54
40 55
40 57
40 60
40 61
40 62
40 65
40 67
40 70
40 74
40 78
40 79
40 89
40 90
40 91
40 93
40 94
40 95
40 97
40 98
40 100
40 101
40 106
40 110
40 112
40 116
40 119
40 123
40 126
41 43
41 44
41 45
41 48
41 51
41 52
41 53
41 55
41 56
41 57
41 61
41 63
41 64
41 65
41 71
41 72
41 73
41 76
41 78
41 80
41 82
41 83
41 84
41 87
41 90
41 91
41 93
41 94
41 101
41 102
41 103
41 105
41 106
41 107
41 108
41 109
41 111
41 113
41 115
41 121
41 122
41 123
41 124
41 125
41 126
42 46
42 49
42 51
42 52
42 54
42 55
42 57
42 62
42 63
42 66
42 68
42 69
42 74
42 76
42 78
42 80
42 82
42 86
42 88
42 90
42 92
42 93
42 96
42 98
42 101
42 102
42 104
42 105
42 107
42 110
42 112
42 116
42 117
42 121
42 122
42 126
43 45
43 49
43 50
43 51
43 52
43 54
43 56
43 61
43 62
43 63
43 68
43 69
43 70
43 72
43 73
43 74
43 77
43 78
43 81
43 83
43 84
43 85
43 86
43 87
43 89
43 91
43 93
43 97
43 98
43 100
43 102
43 104
43 105
43 107
43 109
43 113
43 115
43 117
43 120
43 121
43 126
43 127
44 45
44 47
44 48
44 50
44 52
44 53
44 54
44 56
44 58
44 59
44 62
44 66
44 69
44 71
44 74
44 76
44 78
44 79
44 80
44 81
44 83
44 84
44 86
44 91
44 94
44 97
44 102
44 105
44 108
44 109
44 111
44 112
44 114
44 115
44 117
44 120
44 124
44 127
45 46
45 47
45 49
45 53
45 54
45 55
45 56
45 57
45 62
45 65
45 67
45 69
45 71
45 73
45 74
45 78
45 79
45 83
45 86
45 91
45 95
45 96
45 97
45 98
45 99
45 100
45 102
45 105
45 106
45 108
45 110
45 111
45 112
45 113
45 115
45 118
45 119
45 121
45 122
45 124
45 125
46 49
46 50
46 53
46 59
46 61
46 62
46 64
46 66
46 67
46 68
46 69
46 70
46 71
46 72
46 73
46 74
46 76
46 77
46 78
46 81
46 82
46 85
46 87
46 92
46 95
46 99
46 100
46 101
46 103
46 104
46 105
46 108
46 110
46 111
46 114
46 120
46 122
46 124
46 128
47 48
47 49
47 50
47 54
47 56
47 57
47 58
47 60
47 61
47 63
47 64
47 67
47 68
47 71
47 73
47 75
47 76
47 77
47 80
47 83
47 85
47 86
47 88
47 91
47 92
47 95
47 96
47 98
47 99
47 101
47 104
47 106
47 107
47 108
47 109
47 110
47 112
47 113
47 114
47 115
47 118
47 122
47 128
48 52
48 54
48 57
48 58
48 62
48 68
48 72
48 73
48 78
48 82
48 83
48 86
48 90
48 91
48 95
48 99
48 101
48 107
48 111
48 113
48 115
48 116
48 117
48 119
48 120
48 121
48 124
48 128
49 50
49 52
49 53
49 57
49 58
49 60
49 68
49 71
49 73
49 74
49 75
49 76
49 77
49 81
49 82
49 86
49 88
49 92
49 95
49 96
49 97
49 98
49 103
49 104
49 105
49 106
49 108
49 111
49 113
49 116
49 118
49 120
49 122
49 124
49 126
50 52
50 53
50 54
50 55
50 56
50 60
50 62
50 63
50 69
50 71
50 72
50 73
50 81
50 82
50 84
50 85
50 86
50 87
50 88
50 90
50 91
50 92
50 95
50 99
50 101
50 102
50 103
50 106
50 107
50 109
50 110
50 111
50 113
50 114
50 115
50 116
50 118
50 122
50 127
51 52
51 53
51 55
51 56
51 57
51 59
51 63
51 65
51 66
51 68
51 70
51 71
51 72
51 74
51 75
51 77
51 78
51 82
51 83
51 87
51 88
51 89
51 90
51 91
51 92
51 94
51 95
51 97
51 99
51 100
51 102
51 103
51 104
51 105
51 110
51 112
51 114
51 115
51 116
51 118
51 119
51 120
51 121
51 123
51 124
51 126
52 53
52 54
52 55
52 57
52 58
52 59
52 60
52 63
52 64
52 65
52 67
52 68
52 71
52 72
52 73
52 77
52 78
52 80
52 81
52 83
52 86
52 87
52 89
52 91
52 92
52 93
52 95
52 96
52 97
52 98
52 99
52 101
52 105
52 107
52 108
52 111
52 115
52 116
52 118
52 120
52 122
52 123
52 125
52 126
53 54
53 55
53 56
53 57
53 59
53 61
53 64
53 66
53 71
53 72
53 73
53 76
53 80
53 84
53 85
53 88
53 89
53 90
53 91
53 93
53 97
53 98
53 99
53 101
53 102
53 108
53 111
53 114
53 115
53 123
53 124
53 127
54 55
54 57
54 63
54 64
54 65
54 67
54 71
54 73
54 77
54 82
54 84
54 85
54 86
54 87
54 94
54 95
54 99
54 100
54 101
54 103
54 104
54 106
54 108
54 109
54 112
54 113
54 114
54 115
54 116
54 117
54 119
54 120
54 122
54 125
54 126
54 127
55 56
55 57
55 58
55 60
55 61
55 62
55 63
55 65
55 68
55 70
55 73
55 74
55 75
55 76
55 77
55 78
55 80
55 81
55 82
55 84
55 86
55 88
55 91
55 92
55 93
55 96
55 97
55 100
55 101
55 102
55 104
55 105
55 106
55 111
55 112
55 113
55 114
55 115
55 116
55 118
55 120
55 121
55 125
55 126
55 127
56 60
56 61
56 62
56 63
56 64
56 65
56 68
56 70
56 72
56 75
56 76
56 79
56 81
56 88
56 89
56 90
56 91
56 96
56 97
56 98
56 100
56 101
56 103
56 104
56 108
56 110
56 112
56 113
56 115
56 116
56 118
56 119
56 120
56 121
56 122
56 124
56 126
56 128
57 58
57 59
57 61
57 63
57 67
57 71
57 73
57 74
57 75
57 77
57 81
57 84
57 86
57 87
57 89
57 95
57 97
57 101
57 102
57 103
57 104
57 105
57 106
57 107
57 110
57 112
57 114
57 117
57 119
57 120
57 124
57 128
58 59
58 60
58 61
58 65
58 67
58 68
58 69
58 70
58 71
58 72
58 73
58 74
58 75
58 77
58 79
58 81
58 83
58 93
58 94
58 97
58 99
58 101
58 104
58 107
58 111
58 112
58 113
58 114
58 117
58 118
58 120
58 122
58 124
58 126
58 127
59 60
59 61
59 62
59 69
59 70
59 71
59 73
59 75
59 77
59 79
59 80
59 82
59 86
59 87
59 89
59 90
59 91
59 92
59 93
59 94
59 96
59 97
59 103
59 104
59 106
59 107
59 108
59 111
59 115
59 118
59 119
59 120
59 123
59 125
60 63
60 64
60 68
60 69
60 70
60 72
60 74
60 81
60 82
60 84
60 94
60 95
60 97
60 98
60 99
60 102
60 104
60 110
60 112
60 114
60 116
60 117
60 123
60 124
60 126
61 62
61 65
61 66
61 68
61 71
61 74
61 79
61 81
61 82
61 84
61 85
61 87
61 89
61 90
61 93
61 94
61 95
61 97
61 100
61 101
61 103
61 104
61 105
61 109
61 110
61 113
61 114
61 115
61 117
61 121
61 122
61 123
61 125
62 67
62 68
62 69
62 71
62 73
62 76
62 77
62 82
62 83
62 85
62 86
62 88
62 91
62 92
62 97
62 100
62 102
62 105
62 109
62 110
62 111
62 113
62 116
62 117
62 118
62 120
62 122
62 124
62 125
62 127
63 64
63 68
63 70
63 72
63 73
63 75
63 76
63 77
63 78
63 79
63 84
63 86
63 87
63 88
63 93
63 95
63 96
63 97
63 100
63 101
63 102
63 103
63 107
63 109
63 115
63 116
63 120
63 121
63 124
63 128
64 67
64 69
64 70
64 71
64 74
64 75
64 76
64 77
64 79
64 80
64 83
64 84
64 87
64 91
64 92
64 93
64 100
64 101
64 112
64 113
64 115
64 116
64 120
64 123
64 124
64 125
64 126
64 128
65 68
65 69
65 72
65 73
65 76
65 78
65 83
65 84
65 87
65 89
65 90
65 91
65 92
65 97
65 99
65 102
65 104
65 106
65 107
65 109
65 111
65 112
65 114
65 115
65 116
65 117
65 120
65 121
65 122
65 123
65 125
65 127
66 68
66 69
66 70
66 73
66 74
66 76
66 78
66 79
66 80
66 81
66 82
66 84
66 87
66 89
66 91
66 94
66 95
66 97
66 99
66 100
66 101
66 102
66 105
66 106
66 107
66 109
66 110
66 112
66 113
66 114
66 115
66 118
66 121
66 126
66 128
67 68
67 69
67 70
67 71
67 74
67 75
67 77
67 81
67 82
67 86
67 89
67 90
67 93
67 94
67 96
67 97
67 98
67 99
67 105
67 106
67 107
67 108
67 110
67 111
67 116
67 119
67 120
67 121
67 122
67 124
67 126
68 75
68 77
68 79
68 81
68 84
68 86
68 89
68 90
68 93
68 97
68 99
68 100
68 101
68 102
68 103
68 104
68 110
68 111
68 112
68 115
68 120
68 121
68 122
68 123
68 125
68 127
69 71
69 72
69 73
69 76
69 77
69 79
69 82
69 83
69 85
69 87
69 89
69 90
69 94
69 97
69 99
69 100
69 103
69 104
69 105
69 106
69 107
69 108
69 109
69 111
69 114
69 115
69 116
69 117
69 119
69 120
69 121
69 126
69 127
70 74
70 77
70 79
70 81
70 83
70 85
70 87
70 88
70 89
70 91
70 94
70 97
70 98
70 99
70 100
70 101
70 102
70 104
70 108
70 109
70 110
70 111
70 113
70 117
70 118
70 120
70 123
70 124
70 125
70 126
70 127
70 128
71 72
71 75
71 76
71 78
71 79
71 81
71 82
71 84
71 86
71 90
71 91
71 92
71 93
71 96
71 97
71 100
71 103
71 104
71 105
71 106
71 107
71 111
71 112
71 113
71 114
71 116
71 118
71 119
71 122
71 124
71 127
72 73
72 74
72 77
72 81
72 82
72 84
72 85
72 87
72 89
72 94
72 95
72 100
72 103
72 104
72 106
72 109
72 110
72 111
72 115
72 117
72 120
72 121
72 124
72 125
72 126
72 127
72 128
73 76
73 79
73 80
73 82
73 84
73 87
73 94
73 96
73 97
73 98
73 99
73 100
73 103
73 109
73 111
73 113
73 117
73 118
73 119
73 121
73 122
73 123
73 124
73 126
73 127
73 128
74 75
74 76
74 78
74 79
74 87
74 88
74 91
74 92
74 98
74 99
74 101
74 102
74 103
74 105
74 106
74 112
74 116
74 117
74 119
74 120
74 125
74 126
74 128
75 78
75 81
75 82
75 85
75 86
75 87
75 90
75 91
75 93
75 95
75 97
75 102
75 104
75 106
75 109
75 111
75 113
75 114
75 117
75 118
75 119
75 123
75 127
75 128
76 77
76 81
76 83
76 86
76 87
76 90
76 93
76 96
76 101
76 104
76 106
76 109
76 110
76 112
76 116
76 117
76 118
76 120
76 123
76 125
76 126
76 127
77 79
77 81
77 82
77 84
77 87
77 92
77 95
77 97
77 98
77 99
77 102
77 103
77 108
77 111
77 112
77 113
77 114
77 115
77 117
77 119
77 120
77 124
77 126
77 127
77 128
78 79
78 81
78 84
78 85
78 87
78 88
78 90
78 91
78 92
78 94
78 98
78 101
78 106
78 109
78 110
78 111
78 112
78 117
78 119
78 120
78 122
78 123
78 125
79 85
79 87
79 89
79 90
79 92
79 93
79 94
79 95
79 97
79 98
79 99
79 102
79 104
79 106
79 107
79 108
79 111
79 115
79 117
79 125
79 127
80 84
80 85
80 86
80 89
80 90
80 94
80 95
80 98
80 100
80 103
80 105
80 108
80 110
80 112
80 114
80 116
80 118
80 120
80 124
80 125
80 126
80 127
81 82
81 83
81 84
81 86
81 87
81 88
81 96
81 98
81 99
81 100
81 102
81 103
81 105
81 106
81 107
81 110
81 111
81 114
81 115
81 116
81 117
81 118
81 119
81 120
81 126
81 127
82 87
82 89
82 90
82 91
82 92
82 94
82 98
82 100
82 101
82 104
82 107
82 110
82 111
82 115
82 117
82 118
82 119
82 124
82 126
82 128
83 84
83 85
83 88
83 89
83 93
83 98
83 100
83 101
83 102
83 104
83 107
83 108
83 109
83 111
83 115
83 116
83 118
83 120
83 122
83 125
84 85
84 89
84 91
84 93
84 95
84 96
84 97
84 98
84 102
84 103
84 105
84 106
84 107
84 112
84 113
84 114
84 115
84 116
84 117
84 118
84 121
84 125
84 126
85 86
85 89
85 90
85 92
85 94
85 98
85 99
85 100
85 103
85 106
85 108
85 109
85 112
85 113
85 115
85 117
85 122
85 125
86 88
86 89
86 91
86 95
86 96
86 98
86 101
86 102
86 103
86 105
86 108
86 109
86 115
86 116
86 119
86 124
87 88
87 89
87 91
87 101
87 103
87 105
87 106
87 109
87 110
87 111
87 113
87 115
87 116
87 118
87 121
87 127
87 128
88 91
88 92
88 94
88 96
88 97
88 100
88 101
88 102
88 103
88 110
88 111
88 116
88 118
88 119
88 120
88 121
88 127
88 128
89 91
89 96
89 98
89 99
89 101
89 103
89 104
89 107
89 110
89 116
89 117
89 120
89 121
89 123
89 126
89 127
89 128
90 91
90 92
90 93
90 94
90 96
90 103
90 104
90 105
90 107
90 108
90 109
90 110
90 111
90 112
90 115
90 116
90 117
90 119
90 120
90 121
90 122
90 123
90 125
90 126
91 92
91 93
91 95
91 98
91 101
91 102
91 105
91 109
91 110
91 111
91 112
91 114
91 115
91 117
91 118
91 126
91 127
91 128
92 93
92 99
92 100
92 105
92 107
92 108
92 110
92 111
92 112
92 113
92 114
92 115
92 116
92 120
92 122
92 123
92 124
92 125
92 127
93 98
93 104
93 105
93 107
93 108
93 109
93 111
93 112
93 113
93 114
93 115
93 118
93 119
93 128
94 97
94 101
94 105
94 107
94 108
94 112
94 114
94 116
94 117
94 120
94 123
94 124
94 125
95 96
95 99
95 100
95 102
95 103
95 106
95 108
95 109
95 115
95 117
95 118
95 119
95 121
95 123
95 126
96 98
96 100
96 101
96 103
96 106
96 110
96 113
96 114
96 118
96 120
96 122
96 124
96 127
97 100
97 103
97 108
97 110
97 111
97 117
97 119
97 120
97 121
97 122
97 123
97 125
97 127
97 128
98 100
98 103
98 104
98 105
98 106
98 112
98 113
98 114
98 116
98 117
98 118
98 121
98 124
98 125
98 127
98 128
99 100
99 102
99 103
99 106
99 107
99 109
99 110
99 114
99 120
99 122
99 123
99 124
99 125
99 126
100 104
100 105
100 106
100 109
100 112
100 118
100 122
100 123
100 124
100 128
101 103
101 104
101 105
101 106
101 108
101 110
101 115
101 116
101 117
101 118
101 121
101 124
101 125
101 126
101 127
102 104
102 108
102 111
102 114
102 124
102 128
103 104
103 105
103 106
103 112
103 113
103 117
103 120
103 123
103 126
104 107
104 110
104 113
104 115
104 117
104 118
104 119
104 120
104 125
105 106
105 113
105 114
105 116
105 117
105 120
105 121
105 123
105 125
105 126
105 127
106 107
106 110
106 112
106 113
106 115
106 116
106 117
106 118
106 119
106 121
106 124
106 127
106 128
107 109
107 110
107 111
107 112
107 113
107 117
107 118
107 121
107 122
107 123
107 128
108 109
108 110
108 113
108 114
108 115
108 121
108 123
108 124
108 125
108 127
108 128
109 111
109 114
109 115
109 116
109 118
109 119
109 125
109 128
110 111
110 112
110 114
110 116
110 117
110 118
110 119
110 120
110 121
110 122
110 123
110 124
110 125
110 126
110 128
111 114
111 118
111 120
111 121
111 124
111 128
112 113
112 115
112 119
112 120
112 123
112 127
113 115
113 122
113 125
113 128
114 119
114 120
114 121
114 122
114 123
114 128
115 117
115 118
115 120
115 121
115 123
115 124
115 125
115 127
115 128
116 118
116 119
116 121
116 122
116 123
116 124
116 126
116 128
117 118
117 119
117 122
117 123
117 125
117 126
117 127
118 121
118 125
119 120
119 122
119 123
119 124
119 126
119 127
120 121
120 122
120 124
120 127
121 123
121 126
121 127
121 128
122 124
122 125
122 126
123 125
123 127
124 127
125 126
125 127
125 128
126 128
127 128
