Using bound 7707
Instance with 945 vertices and 387461 edges
No edges = 58579
Tried aggregator 1 time.
Presolve has eliminated 851795 rows and 0 columns...
MIP Presolve eliminated 851795 rows and 0 columns.
MIP Presolve modified 42175 coefficients.
Reduced MIP has 41232 rows, 1890 columns, and 706375 nonzeros.
Reduced MIP has 1890 binaries, 0 generals, 0 SOSs, and 0 indicators.
Presolve time = 57.33 sec. (23611.91 ticks)
Probing time = 0.10 sec. (5.78 ticks)
Tried aggregator 1 time.
Reduced MIP has 41232 rows, 1890 columns, and 706375 nonzeros.
Reduced MIP has 1890 binaries, 0 generals, 0 SOSs, and 0 indicators.
Presolve time = 2.57 sec. (957.27 ticks)
Probing time = 0.02 sec. (5.72 ticks)
Clique table members: 41230.
MIP emphasis: balance optimality and feasibility.
MIP search method: dynamic search.
Parallel mode: deterministic, using up to 8 threads.
Root relaxation solution time = 19.20 sec. (4895.17 ticks)

        Nodes                                         Cuts/
   Node  Left     Objective  IInf  Best Integer    Best Bound    ItCnt     Gap

      0     0     8021.2261   867                   8021.2261       22
*     0+    0                         7707.0000     8021.2261             4.08%
      0     0     7736.5585   889     7707.0000     Cuts: 951     6638    0.38%
      0     0        cutoff           7707.0000                   7286     ---
Elapsed time = 222.75 sec. (87277.01 ticks, tree = 0.01 MB, solutions = 1)

Clique cuts applied:  545
Gomory fractional cuts applied:  1

Root node processing (before b&c):
  Real time             =  222.76 sec. (87279.19 ticks)
Parallel b&c, 8 threads:
  Real time             =    0.00 sec. (0.00 ticks)
  Sync time (average)   =    0.00 sec.
  Wait time (average)   =    0.00 sec.
                          ------------
Total (root+branch&cut) =  222.76 sec. (87279.19 ticks)
MaximumVertices: 7707
x: 74 80 86 88 90 92 93 94 99 104 105 107 114 115 117 118 120 124 127 129 136 137 138 139 141 142 143 144 146 147 148 149 150 152 153 154 155 156 157 158 159 160 161 162 164 165 166 167 169 170 171 172 173 174 175 176 177 178 179 180 181 182 183 184 185 186 187 188 189 190 191 192 193 194 195 196 197 198 199 200 248 267 273 280 281 289 293 302 305 306 307 312 313 314 317 320 321 322 324 325 326 327 329 330 332 333 334 336 337 339 340 341 342 343 344 345 346 347 348 349 350 353 354 355 356 357 358 359 360 361 362 363 364 365 366 367 368 369 370 371 372 373 374 375 376 377 378 379 380 385 386 387 388 392 393 394 397 398 399 400 471 485 486 489 496 505 506 507 509 510 511 513 514 515 517 518 521 522 523 524 526 529 530 531 532 533 534 535 536 537 540 541 543 544 545 546 548 549 551 552 556 558 559 561 563 564 566 568 569 570 571 572 573 574 575 576 577 578 579 580 581 582 583 584 585 586 587 588 589 590 591 592 593 595 596 597 598 599 600 654 658 661 666 672 688 689 690 691 694 696 702 710 712 713 714 721 724 726 727 730 734 735 736 737 738 739 740 741 743 745 746 747 748 749 750 751 752 753 755 757 758 760 761 762 763 764 765 767 768 769 771 772 773 774 775 776 778 782 783 786 798 799 800 873 882 884 887 888 892 893 896 898 900 903 904 906 907 908 909 910 911 912 913 914 916 918 919 923 927 929 931 932 933 939 941 942 943 945
y: 42 49 65 67 71 73 74 76 77 78 80 82 90 91 92 93 104 107 108 110 111 112 117 118 125 128 130 132 133 135 136 140 141 142 143 145 147 155 157 158 159 160 161 162 167 169 171 172 175 178 180 182 183 184 185 187 188 189 191 195 242 248 259 267 273 281 293 296 301 309 312 319 320 326 329 331 332 333 334 338 342 350 355 357 358 361 363 365 367 368 369 371 375 377 379 381 382 388 391 392 393 396 398 465 472 477 480 481 482 485 486 488 489 491 492 493 497 498 499 500 504 506 507 508 510 512 513 517 518 521 522 523 524 525 526 529 531 533 535 542 548 553 555 558 560 563 566 572 576 578 579 581 584 589 594 596 600 614 655 658 666 668 672 690 691 696 698 700 710 714 715 717 719 722 725 727 729 731 732 734 735 736 737 739 740 742 744 745 746 747 750 753 755 759 760 762 764 765 769 771 772 778 779 780 781 782 783 784 785 786 787 788 789 790 791 792 793 794 795 796 797 798 842 844 845 846 853 892 896 900 901 907 909 913 914 919 920 926 930 931 932 933 935 938 939 940 942 945