128 707
1
2
3
4
5
6
7
8
9
10
11
12
13
14
15
16
17
18
19
20
21
22
23
24
25
26
27
28
29
30
31
32
33
34
35
36
37
38
39
40
41
42
43
44
45
46
47
48
49
50
51
52
53
54
55
56
57
58
59
60
61
62
63
64
65
66
67
68
69
70
71
72
73
74
75
76
77
78
79
80
81
82
83
84
85
86
87
88
89
90
91
92
93
94
95
96
97
98
99
100
101
102
103
104
105
106
107
108
109
110
111
112
113
114
115
116
117
118
119
120
121
122
123
124
125
126
127
128
1 18 
1 28 
1 36 
1 40 
1 48 
1 51 
1 72 
1 77 
1 88 
1 101 
1 105 
1 110 
1 122 
1 126 
2 37 
2 63 
2 74 
2 81 
2 93 
2 112 
2 120 
3 34 
3 35 
3 49 
3 70 
3 73 
3 77 
3 80 
3 87 
3 92 
3 101 
3 111 
4 9 
4 14 
4 21 
4 27 
4 37 
4 54 
4 59 
4 77 
4 78 
4 85 
4 89 
4 97 
4 109 
4 119 
4 123 
4 126 
5 24 
5 37 
5 39 
5 46 
5 54 
5 55 
5 58 
5 70 
5 74 
5 76 
5 81 
5 82 
5 87 
5 94 
5 97 
5 105 
5 108 
5 119 
5 122 
6 22 
6 30 
6 49 
6 55 
6 74 
6 77 
6 90 
6 96 
6 98 
6 118 
6 127 
7 20 
7 39 
7 41 
7 44 
7 45 
7 62 
7 65 
7 86 
7 90 
7 97 
7 103 
7 109 
8 21 
8 34 
8 59 
8 88 
8 95 
8 96 
8 109 
8 111 
8 114 
8 125 
8 127 
9 10 
9 27 
9 44 
9 45 
9 50 
9 51 
9 62 
9 86 
9 91 
9 104 
9 108 
9 111 
9 117 
10 17 
10 21 
10 32 
10 33 
10 38 
10 40 
10 54 
10 64 
10 89 
10 112 
10 122 
11 15 
11 33 
11 44 
11 46 
11 55 
11 73 
11 85 
11 126 
12 16 
12 24 
12 35 
12 43 
12 49 
12 66 
12 88 
12 102 
12 106 
13 16 
13 40 
13 41 
13 42 
13 47 
13 48 
13 71 
13 74 
13 101 
13 105 
13 115 
13 127 
14 23 
14 28 
14 31 
14 61 
14 89 
14 96 
15 23 
15 33 
15 36 
15 45 
15 67 
15 68 
15 88 
15 98 
15 108 
15 115 
15 119 
16 19 
16 63 
16 73 
16 87 
16 99 
16 112 
17 34 
17 43 
17 69 
17 96 
17 104 
17 109 
17 126 
18 22 
18 27 
18 33 
18 37 
18 43 
18 49 
18 53 
18 81 
18 87 
18 91 
18 101 
18 102 
18 107 
18 124 
18 128 
19 25 
19 27 
19 38 
19 54 
19 56 
19 59 
19 60 
19 85 
19 108 
19 115 
19 128 
20 47 
20 52 
20 57 
20 69 
20 79 
20 87 
20 91 
20 105 
20 107 
21 54 
21 61 
21 65 
21 70 
21 80 
21 84 
21 89 
21 93 
22 27 
22 29 
22 37 
22 54 
22 56 
22 61 
22 89 
23 25 
23 45 
23 47 
23 59 
23 63 
23 69 
23 71 
23 104 
23 115 
23 124 
24 27 
24 41 
24 43 
24 64 
24 70 
24 77 
24 85 
24 88 
24 91 
24 97 
24 98 
24 108 
24 119 
25 36 
25 38 
25 58 
25 59 
25 94 
25 95 
25 107 
25 127 
26 28 
26 30 
26 46 
26 47 
26 48 
26 81 
26 85 
26 86 
26 97 
27 45 
27 57 
27 69 
27 74 
27 78 
27 99 
27 102 
27 108 
28 32 
28 56 
28 59 
28 80 
28 82 
28 92 
28 106 
28 114 
28 121 
29 35 
29 36 
29 49 
29 77 
29 85 
29 89 
29 92 
29 95 
29 121 
30 43 
30 46 
30 52 
30 59 
30 75 
30 78 
30 80 
30 104 
30 111 
30 120 
31 44 
31 52 
31 77 
31 94 
31 98 
31 110 
32 38 
32 41 
32 64 
32 85 
32 86 
32 98 
32 99 
32 102 
32 121 
32 126 
33 65 
33 74 
33 82 
33 95 
33 101 
33 107 
34 48 
34 50 
34 55 
34 58 
34 67 
34 74 
34 79 
34 81 
34 90 
34 93 
34 94 
34 117 
34 119 
35 46 
35 51 
35 55 
35 56 
35 99 
35 103 
35 111 
35 124 
36 41 
36 55 
36 59 
36 60 
36 62 
36 64 
36 67 
36 68 
36 69 
36 125 
37 44 
37 57 
37 73 
37 108 
37 121 
38 50 
38 57 
38 72 
38 90 
38 98 
38 100 
38 110 
38 116 
38 122 
39 43 
39 51 
39 53 
39 59 
39 65 
39 75 
39 76 
39 82 
39 91 
39 98 
39 119 
39 125 
39 126 
40 44 
40 75 
40 91 
40 104 
40 121 
40 122 
41 45 
41 48 
41 83 
41 84 
41 89 
41 104 
41 117 
41 119 
42 51 
42 56 
42 59 
42 61 
42 72 
42 80 
42 90 
42 102 
42 107 
43 56 
43 66 
43 73 
43 74 
43 75 
43 82 
43 99 
43 107 
43 113 
43 115 
43 118 
43 123 
44 67 
44 71 
44 95 
44 112 
44 115 
44 116 
45 68 
45 90 
45 100 
45 121 
45 122 
46 52 
46 81 
46 86 
46 92 
46 94 
46 98 
47 77 
47 83 
47 101 
47 113 
47 128 
48 49 
48 61 
48 73 
48 76 
48 78 
48 105 
48 112 
48 128 
49 64 
49 72 
49 73 
49 90 
49 96 
49 118 
49 127 
50 55 
50 56 
50 59 
50 108 
50 121 
50 122 
51 56 
51 81 
51 96 
51 128 
52 73 
52 110 
53 54 
53 58 
53 62 
53 67 
53 75 
53 76 
53 83 
53 92 
53 103 
53 119 
54 59 
54 68 
54 89 
54 92 
54 101 
54 102 
54 127 
55 62 
55 65 
55 74 
55 77 
55 78 
55 85 
55 91 
55 97 
55 104 
55 127 
56 105 
56 116 
56 117 
57 60 
57 65 
57 105 
57 111 
57 116 
57 124 
58 61 
58 73 
58 120 
59 70 
59 72 
59 79 
59 83 
59 109 
59 127 
60 62 
60 79 
61 67 
61 81 
61 84 
61 101 
61 108 
62 82 
62 97 
62 104 
62 107 
62 110 
63 66 
63 97 
63 101 
63 125 
64 69 
64 78 
64 88 
64 93 
64 107 
64 113 
64 123 
64 124 
65 88 
65 95 
65 123 
65 127 
66 67 
66 69 
66 102 
66 105 
66 111 
67 73 
67 89 
67 113 
67 124 
68 72 
68 79 
69 80 
69 104 
69 118 
70 92 
70 116 
70 118 
70 122 
70 126 
71 75 
71 85 
71 90 
71 107 
71 124 
72 104 
72 125 
73 87 
73 91 
73 97 
73 103 
73 117 
73 128 
74 75 
74 80 
74 82 
74 90 
74 97 
74 100 
75 77 
75 80 
75 85 
75 91 
75 112 
75 115 
75 120 
75 125 
75 128 
76 77 
76 99 
76 105 
76 107 
76 125 
77 78 
77 87 
77 92 
77 94 
77 100 
77 107 
77 119 
77 120 
77 126 
77 127 
78 99 
78 125 
79 84 
79 96 
79 126 
80 90 
81 85 
81 92 
81 105 
81 121 
82 83 
82 92 
82 106 
82 109 
82 111 
82 120 
82 121 
83 94 
83 98 
83 100 
83 102 
83 103 
83 119 
83 124 
84 91 
85 94 
86 87 
86 91 
86 98 
87 110 
88 89 
88 98 
88 102 
88 112 
88 117 
88 124 
89 114 
89 119 
89 128 
91 103 
91 123 
91 128 
92 94 
92 100 
92 105 
92 112 
94 118 
95 120 
95 121 
96 109 
97 103 
97 104 
97 109 
97 111 
97 117 
98 103 
98 104 
98 105 
98 120 
99 100 
99 107 
99 111 
99 118 
99 119 
99 125 
100 125 
101 112 
102 105 
103 116 
104 105 
104 109 
104 121 
105 106 
105 109 
105 111 
105 113 
105 124 
105 125 
106 110 
106 114 
106 118 
106 119 
107 109 
107 128 
108 122 
109 114 
109 121 
109 125 
110 128 
111 121 
112 116 
112 123 
114 116 
114 119 
114 127 
116 118 
119 127 
120 122 
