128 4259
1
2
3
4
5
6
7
8
9
10
11
12
13
14
15
16
17
18
19
20
21
22
23
24
25
26
27
28
29
30
31
32
33
34
35
36
37
38
39
40
41
42
43
44
45
46
47
48
49
50
51
52
53
54
55
56
57
58
59
60
61
62
63
64
65
66
67
68
69
70
71
72
73
74
75
76
77
78
79
80
81
82
83
84
85
86
87
88
89
90
91
92
93
94
95
96
97
98
99
100
101
102
103
104
105
106
107
108
109
110
111
112
113
114
115
116
117
118
119
120
121
122
123
124
125
126
127
128
1 2 
1 3 
1 5 
1 7 
1 8 
1 9 
1 11 
1 12 
1 13 
1 14 
1 16 
1 18 
1 20 
1 21 
1 23 
1 25 
1 27 
1 28 
1 29 
1 31 
1 32 
1 33 
1 34 
1 36 
1 40 
1 41 
1 42 
1 44 
1 45 
1 47 
1 48 
1 49 
1 50 
1 51 
1 52 
1 55 
1 59 
1 60 
1 61 
1 62 
1 65 
1 68 
1 69 
1 70 
1 71 
1 72 
1 73 
1 75 
1 76 
1 77 
1 78 
1 79 
1 80 
1 82 
1 83 
1 84 
1 89 
1 92 
1 94 
1 98 
1 99 
1 102 
1 104 
1 105 
1 106 
1 107 
1 109 
1 110 
1 111 
1 114 
1 115 
1 119 
1 120 
1 121 
1 122 
1 123 
1 125 
1 126 
1 128 
2 5 
2 6 
2 7 
2 9 
2 11 
2 12 
2 17 
2 18 
2 21 
2 26 
2 31 
2 32 
2 33 
2 34 
2 36 
2 37 
2 38 
2 40 
2 42 
2 46 
2 48 
2 50 
2 52 
2 54 
2 59 
2 60 
2 61 
2 62 
2 65 
2 67 
2 68 
2 69 
2 75 
2 76 
2 77 
2 81 
2 82 
2 85 
2 86 
2 87 
2 89 
2 92 
2 94 
2 95 
2 98 
2 99 
2 101 
2 102 
2 103 
2 107 
2 113 
2 116 
2 117 
2 118 
2 121 
2 123 
2 125 
2 127 
2 128 
3 4 
3 6 
3 8 
3 9 
3 14 
3 17 
3 18 
3 21 
3 22 
3 24 
3 27 
3 30 
3 32 
3 33 
3 36 
3 39 
3 40 
3 44 
3 45 
3 47 
3 48 
3 51 
3 52 
3 55 
3 56 
3 57 
3 58 
3 59 
3 60 
3 61 
3 62 
3 63 
3 67 
3 68 
3 70 
3 71 
3 72 
3 73 
3 74 
3 75 
3 77 
3 78 
3 79 
3 81 
3 83 
3 85 
3 86 
3 87 
3 88 
3 90 
3 91 
3 93 
3 94 
3 96 
3 106 
3 107 
3 108 
3 109 
3 113 
3 114 
3 116 
3 119 
3 121 
3 123 
3 127 
4 7 
4 8 
4 13 
4 14 
4 15 
4 16 
4 18 
4 19 
4 22 
4 24 
4 25 
4 26 
4 29 
4 31 
4 35 
4 36 
4 37 
4 40 
4 43 
4 44 
4 47 
4 50 
4 56 
4 58 
4 60 
4 61 
4 63 
4 65 
4 66 
4 67 
4 69 
4 70 
4 74 
4 76 
4 77 
4 79 
4 80 
4 87 
4 88 
4 90 
4 92 
4 94 
4 95 
4 97 
4 98 
4 99 
4 100 
4 101 
4 102 
4 103 
4 105 
4 106 
4 107 
4 110 
4 111 
4 112 
4 113 
4 114 
4 120 
4 122 
4 123 
4 124 
4 127 
5 8 
5 9 
5 10 
5 11 
5 12 
5 14 
5 18 
5 19 
5 22 
5 24 
5 25 
5 27 
5 28 
5 29 
5 30 
5 31 
5 33 
5 34 
5 35 
5 36 
5 39 
5 40 
5 41 
5 46 
5 47 
5 48 
5 50 
5 52 
5 54 
5 60 
5 61 
5 62 
5 63 
5 64 
5 66 
5 67 
5 69 
5 70 
5 71 
5 77 
5 79 
5 81 
5 83 
5 84 
5 86 
5 88 
5 90 
5 92 
5 94 
5 95 
5 96 
5 98 
5 99 
5 102 
5 106 
5 107 
5 112 
5 114 
5 116 
5 119 
5 120 
5 121 
5 122 
5 124 
5 125 
5 128 
6 11 
6 17 
6 18 
6 20 
6 21 
6 23 
6 24 
6 25 
6 26 
6 28 
6 29 
6 34 
6 37 
6 38 
6 39 
6 42 
6 45 
6 47 
6 49 
6 51 
6 52 
6 53 
6 55 
6 56 
6 57 
6 58 
6 59 
6 60 
6 62 
6 63 
6 65 
6 68 
6 70 
6 71 
6 75 
6 76 
6 80 
6 82 
6 83 
6 84 
6 88 
6 90 
6 92 
6 94 
6 95 
6 96 
6 98 
6 99 
6 101 
6 102 
6 104 
6 105 
6 106 
6 108 
6 111 
6 113 
6 114 
6 116 
6 118 
6 122 
6 123 
6 124 
6 125 
6 126 
6 128 
7 8 
7 9 
7 12 
7 14 
7 15 
7 16 
7 18 
7 19 
7 22 
7 24 
7 25 
7 26 
7 27 
7 28 
7 31 
7 34 
7 36 
7 38 
7 39 
7 42 
7 45 
7 46 
7 47 
7 48 
7 49 
7 51 
7 54 
7 56 
7 57 
7 60 
7 63 
7 65 
7 66 
7 67 
7 68 
7 69 
7 71 
7 72 
7 77 
7 78 
7 80 
7 81 
7 83 
7 84 
7 86 
7 88 
7 89 
7 90 
7 91 
7 93 
7 94 
7 97 
7 98 
7 100 
7 101 
7 102 
7 105 
7 106 
7 109 
7 110 
7 111 
7 112 
7 114 
7 118 
7 119 
7 120 
7 122 
7 125 
7 127 
7 128 
8 10 
8 11 
8 14 
8 15 
8 16 
8 18 
8 19 
8 20 
8 21 
8 26 
8 27 
8 28 
8 29 
8 31 
8 32 
8 36 
8 40 
8 41 
8 45 
8 50 
8 52 
8 53 
8 54 
8 55 
8 56 
8 57 
8 59 
8 60 
8 62 
8 64 
8 65 
8 66 
8 68 
8 69 
8 74 
8 76 
8 77 
8 79 
8 83 
8 84 
8 85 
8 86 
8 89 
8 90 
8 92 
8 93 
8 94 
8 95 
8 97 
8 99 
8 103 
8 106 
8 108 
8 109 
8 111 
8 115 
8 117 
8 118 
8 120 
8 121 
8 122 
8 123 
8 126 
8 127 
9 10 
9 14 
9 17 
9 18 
9 21 
9 22 
9 25 
9 28 
9 30 
9 31 
9 32 
9 34 
9 36 
9 39 
9 40 
9 43 
9 44 
9 48 
9 49 
9 50 
9 53 
9 54 
9 57 
9 61 
9 63 
9 64 
9 65 
9 66 
9 67 
9 68 
9 71 
9 73 
9 74 
9 75 
9 79 
9 81 
9 83 
9 84 
9 87 
9 88 
9 90 
9 94 
9 95 
9 96 
9 97 
9 100 
9 102 
9 104 
9 106 
9 108 
9 112 
9 113 
9 115 
9 117 
9 121 
9 122 
9 123 
9 124 
9 125 
9 126 
9 128 
10 12 
10 15 
10 17 
10 19 
10 21 
10 23 
10 24 
10 26 
10 28 
10 30 
10 32 
10 34 
10 36 
10 41 
10 42 
10 45 
10 46 
10 47 
10 49 
10 51 
10 53 
10 54 
10 55 
10 56 
10 57 
10 59 
10 62 
10 63 
10 65 
10 69 
10 70 
10 71 
10 72 
10 74 
10 76 
10 79 
10 81 
10 82 
10 86 
10 88 
10 92 
10 94 
10 95 
10 97 
10 101 
10 102 
10 103 
10 104 
10 107 
10 108 
10 109 
10 110 
10 112 
10 114 
10 115 
10 116 
10 120 
10 123 
10 125 
10 127 
10 128 
11 14 
11 16 
11 18 
11 19 
11 23 
11 24 
11 25 
11 27 
11 28 
11 30 
11 32 
11 34 
11 35 
11 36 
11 37 
11 38 
11 39 
11 44 
11 45 
11 50 
11 52 
11 57 
11 58 
11 59 
11 61 
11 66 
11 67 
11 69 
11 71 
11 72 
11 73 
11 74 
11 75 
11 78 
11 79 
11 80 
11 82 
11 83 
11 84 
11 86 
11 87 
11 88 
11 89 
11 90 
11 93 
11 94 
11 95 
11 97 
11 99 
11 101 
11 102 
11 104 
11 106 
11 107 
11 109 
11 111 
11 113 
11 114 
11 115 
11 116 
11 117 
11 118 
11 119 
11 120 
11 122 
11 123 
11 124 
11 125 
12 13 
12 15 
12 16 
12 18 
12 19 
12 22 
12 23 
12 24 
12 27 
12 31 
12 35 
12 42 
12 43 
12 44 
12 45 
12 49 
12 50 
12 51 
12 53 
12 55 
12 56 
12 59 
12 62 
12 63 
12 64 
12 70 
12 72 
12 75 
12 76 
12 79 
12 80 
12 81 
12 82 
12 84 
12 85 
12 86 
12 87 
12 89 
12 90 
12 91 
12 92 
12 94 
12 95 
12 97 
12 100 
12 101 
12 103 
12 109 
12 110 
12 111 
12 112 
12 113 
12 115 
12 117 
12 120 
12 121 
12 124 
12 125 
12 126 
12 128 
13 14 
13 15 
13 17 
13 18 
13 20 
13 21 
13 24 
13 25 
13 26 
13 27 
13 28 
13 31 
13 34 
13 36 
13 39 
13 40 
13 41 
13 42 
13 43 
13 44 
13 47 
13 48 
13 49 
13 50 
13 51 
13 52 
13 53 
13 54 
13 55 
13 57 
13 58 
13 60 
13 61 
13 63 
13 64 
13 66 
13 69 
13 70 
13 71 
13 73 
13 75 
13 76 
13 77 
13 79 
13 82 
13 84 
13 86 
13 87 
13 88 
13 89 
13 90 
13 91 
13 92 
13 93 
13 94 
13 96 
13 102 
13 104 
13 105 
13 107 
13 110 
13 111 
13 112 
13 114 
13 115 
13 116 
13 118 
13 119 
13 120 
13 124 
13 126 
13 127 
14 15 
14 17 
14 18 
14 25 
14 26 
14 27 
14 29 
14 32 
14 34 
14 35 
14 37 
14 38 
14 39 
14 40 
14 43 
14 48 
14 49 
14 54 
14 57 
14 59 
14 60 
14 62 
14 64 
14 65 
14 66 
14 68 
14 69 
14 70 
14 71 
14 72 
14 73 
14 74 
14 80 
14 81 
14 82 
14 85 
14 86 
14 88 
14 89 
14 90 
14 91 
14 92 
14 94 
14 95 
14 98 
14 99 
14 100 
14 103 
14 104 
14 105 
14 108 
14 110 
14 115 
14 117 
14 122 
14 123 
14 124 
14 125 
14 127 
15 16 
15 17 
15 18 
15 19 
15 21 
15 25 
15 26 
15 28 
15 32 
15 33 
15 37 
15 38 
15 39 
15 40 
15 45 
15 49 
15 50 
15 51 
15 55 
15 56 
15 58 
15 59 
15 60 
15 63 
15 64 
15 68 
15 69 
15 70 
15 71 
15 73 
15 75 
15 77 
15 79 
15 80 
15 82 
15 84 
15 86 
15 91 
15 92 
15 95 
15 97 
15 98 
15 103 
15 104 
15 105 
15 106 
15 108 
15 109 
15 110 
15 112 
15 113 
15 116 
15 120 
15 121 
15 126 
15 127 
15 128 
16 19 
16 21 
16 24 
16 25 
16 26 
16 28 
16 29 
16 31 
16 32 
16 34 
16 36 
16 38 
16 39 
16 41 
16 43 
16 44 
16 45 
16 46 
16 47 
16 49 
16 50 
16 51 
16 53 
16 56 
16 57 
16 58 
16 59 
16 60 
16 67 
16 69 
16 71 
16 72 
16 73 
16 74 
16 76 
16 82 
16 83 
16 85 
16 87 
16 90 
16 91 
16 92 
16 93 
16 94 
16 96 
16 97 
16 98 
16 99 
16 100 
16 101 
16 102 
16 103 
16 105 
16 106 
16 108 
16 110 
16 114 
16 115 
16 116 
16 118 
16 119 
16 120 
16 122 
16 124 
17 20 
17 22 
17 24 
17 25 
17 26 
17 31 
17 33 
17 34 
17 35 
17 36 
17 38 
17 39 
17 40 
17 44 
17 45 
17 46 
17 47 
17 48 
17 50 
17 52 
17 53 
17 55 
17 56 
17 58 
17 59 
17 60 
17 65 
17 67 
17 70 
17 71 
17 72 
17 74 
17 75 
17 76 
17 77 
17 78 
17 79 
17 80 
17 81 
17 83 
17 84 
17 85 
17 89 
17 90 
17 92 
17 93 
17 94 
17 96 
17 97 
17 101 
17 103 
17 104 
17 105 
17 106 
17 109 
17 110 
17 112 
17 113 
17 115 
17 116 
17 117 
17 118 
17 119 
17 127 
18 20 
18 22 
18 23 
18 25 
18 27 
18 28 
18 29 
18 31 
18 34 
18 35 
18 38 
18 40 
18 43 
18 46 
18 47 
18 48 
18 51 
18 52 
18 55 
18 56 
18 60 
18 61 
18 63 
18 64 
18 65 
18 66 
18 69 
18 70 
18 73 
18 75 
18 77 
18 80 
18 84 
18 85 
18 89 
18 90 
18 91 
18 92 
18 93 
18 95 
18 96 
18 97 
18 99 
18 101 
18 103 
18 104 
18 107 
18 108 
18 109 
18 115 
18 117 
18 118 
18 119 
18 121 
18 123 
18 125 
18 126 
18 127 
19 20 
19 21 
19 23 
19 24 
19 27 
19 28 
19 30 
19 31 
19 33 
19 37 
19 38 
19 41 
19 43 
19 44 
19 45 
19 46 
19 48 
19 50 
19 51 
19 53 
19 54 
19 58 
19 59 
19 60 
19 61 
19 64 
19 66 
19 67 
19 71 
19 73 
19 74 
19 75 
19 77 
19 78 
19 79 
19 81 
19 82 
19 86 
19 87 
19 90 
19 93 
19 94 
19 95 
19 97 
19 98 
19 100 
19 101 
19 103 
19 105 
19 106 
19 108 
19 109 
19 110 
19 112 
19 113 
19 114 
19 115 
19 116 
19 117 
19 120 
19 124 
19 126 
19 128 
20 27 
20 28 
20 30 
20 32 
20 33 
20 34 
20 35 
20 38 
20 39 
20 41 
20 42 
20 45 
20 46 
20 48 
20 50 
20 51 
20 52 
20 53 
20 55 
20 56 
20 61 
20 62 
20 67 
20 68 
20 69 
20 72 
20 73 
20 75 
20 79 
20 80 
20 81 
20 82 
20 84 
20 86 
20 87 
20 89 
20 92 
20 95 
20 103 
20 105 
20 106 
20 107 
20 110 
20 111 
20 112 
20 113 
20 116 
20 117 
20 119 
20 121 
20 122 
20 124 
20 126 
20 127 
20 128 
21 22 
21 23 
21 24 
21 25 
21 27 
21 29 
21 30 
21 31 
21 33 
21 35 
21 36 
21 39 
21 40 
21 41 
21 42 
21 45 
21 46 
21 47 
21 48 
21 50 
21 52 
21 53 
21 54 
21 55 
21 56 
21 57 
21 58 
21 59 
21 63 
21 69 
21 70 
21 72 
21 74 
21 75 
21 78 
21 79 
21 83 
21 84 
21 91 
21 92 
21 94 
21 95 
21 96 
21 106 
21 107 
21 109 
21 111 
21 112 
21 114 
21 117 
21 119 
21 124 
22 25 
22 26 
22 27 
22 28 
22 29 
22 31 
22 32 
22 33 
22 34 
22 37 
22 38 
22 41 
22 42 
22 43 
22 44 
22 53 
22 54 
22 55 
22 56 
22 59 
22 60 
22 61 
22 62 
22 64 
22 66 
22 68 
22 69 
22 70 
22 71 
22 72 
22 75 
22 76 
22 77 
22 80 
22 81 
22 82 
22 84 
22 85 
22 86 
22 87 
22 93 
22 94 
22 95 
22 96 
22 99 
22 100 
22 103 
22 106 
22 107 
22 109 
22 110 
22 112 
22 113 
22 116 
22 117 
22 118 
22 120 
22 121 
22 122 
22 123 
22 124 
22 125 
22 128 
23 25 
23 28 
23 30 
23 31 
23 32 
23 33 
23 34 
23 35 
23 36 
23 40 
23 41 
23 43 
23 44 
23 46 
23 47 
23 53 
23 54 
23 55 
23 56 
23 57 
23 60 
23 61 
23 62 
23 65 
23 66 
23 67 
23 68 
23 71 
23 72 
23 75 
23 76 
23 79 
23 80 
23 81 
23 82 
23 86 
23 89 
23 91 
23 93 
23 94 
23 95 
23 96 
23 97 
23 98 
23 99 
23 100 
23 101 
23 106 
23 107 
23 109 
23 110 
23 112 
23 113 
23 117 
23 118 
23 121 
23 124 
23 125 
23 128 
24 27 
24 29 
24 32 
24 34 
24 37 
24 38 
24 40 
24 43 
24 45 
24 47 
24 48 
24 49 
24 51 
24 53 
24 54 
24 57 
24 60 
24 62 
24 65 
24 66 
24 67 
24 68 
24 71 
24 74 
24 78 
24 79 
24 80 
24 81 
24 82 
24 85 
24 87 
24 90 
24 92 
24 99 
24 101 
24 104 
24 105 
24 106 
24 108 
24 110 
24 111 
24 112 
24 114 
24 115 
24 116 
24 117 
24 121 
24 122 
24 123 
24 125 
24 126 
24 127 
24 128 
25 26 
25 27 
25 31 
25 32 
25 35 
25 36 
25 40 
25 42 
25 44 
25 45 
25 50 
25 51 
25 56 
25 61 
25 62 
25 63 
25 66 
25 67 
25 68 
25 69 
25 70 
25 71 
25 72 
25 73 
25 74 
25 75 
25 76 
25 77 
25 78 
25 79 
25 80 
25 81 
25 84 
25 86 
25 87 
25 90 
25 92 
25 95 
25 96 
25 103 
25 104 
25 105 
25 108 
25 110 
25 111 
25 112 
25 113 
25 114 
25 115 
25 116 
25 117 
25 118 
25 119 
25 120 
25 121 
25 123 
26 29 
26 30 
26 32 
26 33 
26 34 
26 36 
26 38 
26 39 
26 40 
26 41 
26 43 
26 45 
26 46 
26 49 
26 51 
26 53 
26 54 
26 62 
26 63 
26 64 
26 66 
26 67 
26 68 
26 69 
26 70 
26 72 
26 73 
26 76 
26 78 
26 79 
26 80 
26 82 
26 84 
26 85 
26 86 
26 88 
26 92 
26 93 
26 95 
26 96 
26 97 
26 98 
26 101 
26 102 
26 104 
26 105 
26 106 
26 108 
26 109 
26 110 
26 112 
26 117 
26 119 
26 123 
26 124 
26 125 
26 126 
26 128 
27 28 
27 29 
27 30 
27 33 
27 36 
27 37 
27 38 
27 39 
27 40 
27 41 
27 42 
27 43 
27 44 
27 45 
27 46 
27 48 
27 49 
27 53 
27 57 
27 59 
27 60 
27 62 
27 65 
27 67 
27 69 
27 71 
27 72 
27 73 
27 76 
27 82 
27 83 
27 84 
27 85 
27 86 
27 88 
27 89 
27 90 
27 92 
27 93 
27 94 
27 95 
27 96 
27 98 
27 100 
27 101 
27 103 
27 104 
27 107 
27 111 
27 112 
27 113 
27 115 
27 116 
27 119 
27 124 
27 126 
28 29 
28 31 
28 32 
28 33 
28 34 
28 36 
28 37 
28 40 
28 42 
28 43 
28 48 
28 49 
28 50 
28 51 
28 52 
28 53 
28 54 
28 56 
28 59 
28 60 
28 62 
28 64 
28 65 
28 66 
28 67 
28 68 
28 69 
28 70 
28 72 
28 73 
28 74 
28 75 
28 77 
28 78 
28 79 
28 81 
28 84 
28 87 
28 89 
28 90 
28 91 
28 93 
28 94 
28 99 
28 101 
28 102 
28 108 
28 112 
28 113 
28 114 
28 116 
28 118 
28 123 
28 126 
28 128 
29 32 
29 38 
29 41 
29 42 
29 44 
29 45 
29 47 
29 49 
29 50 
29 51 
29 52 
29 53 
29 54 
29 55 
29 56 
29 59 
29 60 
29 65 
29 67 
29 69 
29 70 
29 76 
29 77 
29 78 
29 82 
29 83 
29 87 
29 90 
29 91 
29 93 
29 94 
29 96 
29 97 
29 99 
29 103 
29 104 
29 106 
29 108 
29 109 
29 112 
29 114 
29 115 
29 118 
29 121 
29 122 
29 123 
29 125 
30 32 
30 39 
30 41 
30 42 
30 43 
30 45 
30 46 
30 48 
30 49 
30 52 
30 55 
30 57 
30 58 
30 59 
30 60 
30 61 
30 62 
30 63 
30 64 
30 65 
30 66 
30 68 
30 70 
30 71 
30 77 
30 78 
30 81 
30 83 
30 86 
30 87 
30 88 
30 89 
30 90 
30 91 
30 94 
30 102 
30 103 
30 104 
30 107 
30 109 
30 110 
30 114 
30 116 
30 118 
30 120 
30 121 
30 126 
30 127 
30 128 
31 32 
31 34 
31 35 
31 37 
31 38 
31 40 
31 41 
31 43 
31 46 
31 47 
31 48 
31 49 
31 53 
31 55 
31 58 
31 60 
31 61 
31 64 
31 65 
31 67 
31 70 
31 73 
31 74 
31 75 
31 77 
31 79 
31 80 
31 81 
31 82 
31 83 
31 84 
31 85 
31 86 
31 90 
31 93 
31 95 
31 97 
31 99 
31 100 
31 102 
31 107 
31 108 
31 109 
31 111 
31 112 
31 113 
31 115 
31 117 
31 120 
31 121 
31 122 
31 123 
31 124 
31 128 
32 34 
32 35 
32 37 
32 39 
32 43 
32 45 
32 48 
32 49 
32 54 
32 55 
32 56 
32 57 
32 58 
32 59 
32 60 
32 63 
32 64 
32 67 
32 68 
32 69 
32 72 
32 73 
32 74 
32 75 
32 76 
32 77 
32 78 
32 79 
32 80 
32 81 
32 82 
32 86 
32 89 
32 92 
32 93 
32 94 
32 95 
32 96 
32 102 
32 105 
32 106 
32 107 
32 110 
32 112 
32 113 
32 114 
32 116 
32 119 
32 120 
32 123 
32 124 
32 126 
32 128 
33 34 
33 36 
33 39 
33 40 
33 42 
33 43 
33 44 
33 46 
33 47 
33 48 
33 52 
33 53 
33 54 
33 56 
33 58 
33 62 
33 64 
33 65 
33 66 
33 68 
33 70 
33 72 
33 75 
33 78 
33 79 
33 84 
33 85 
33 86 
33 87 
33 88 
33 90 
33 91 
33 92 
33 94 
33 95 
33 96 
33 98 
33 99 
33 100 
33 101 
33 102 
33 107 
33 112 
33 114 
33 117 
33 121 
33 122 
33 123 
33 125 
33 126 
33 127 
34 35 
34 36 
34 37 
34 38 
34 39 
34 40 
34 43 
34 44 
34 45 
34 46 
34 47 
34 49 
34 50 
34 51 
34 52 
34 54 
34 56 
34 57 
34 58 
34 61 
34 62 
34 63 
34 66 
34 68 
34 72 
34 75 
34 81 
34 83 
34 89 
34 92 
34 94 
34 98 
34 100 
34 101 
34 103 
34 104 
34 106 
34 109 
34 110 
34 113 
34 114 
34 115 
34 116 
34 117 
34 118 
34 119 
34 121 
34 122 
34 123 
34 124 
34 126 
34 128 
35 37 
35 39 
35 40 
35 42 
35 46 
35 47 
35 48 
35 50 
35 53 
35 54 
35 56 
35 61 
35 63 
35 65 
35 66 
35 67 
35 70 
35 73 
35 74 
35 77 
35 78 
35 82 
35 86 
35 94 
35 96 
35 100 
35 101 
35 106 
35 108 
35 110 
35 114 
35 121 
35 123 
35 124 
35 125 
35 127 
36 39 
36 43 
36 46 
36 50 
36 51 
36 52 
36 53 
36 54 
36 55 
36 56 
36 59 
36 60 
36 62 
36 63 
36 64 
36 66 
36 67 
36 68 
36 69 
36 70 
36 80 
36 81 
36 82 
36 83 
36 85 
36 87 
36 88 
36 89 
36 90 
36 92 
36 93 
36 94 
36 98 
36 100 
36 101 
36 102 
36 106 
36 107 
36 109 
36 110 
36 111 
36 112 
36 115 
36 117 
36 119 
36 122 
36 124 
36 125 
36 126 
36 127 
37 39 
37 42 
37 43 
37 44 
37 45 
37 46 
37 47 
37 48 
37 49 
37 51 
37 52 
37 56 
37 57 
37 61 
37 62 
37 63 
37 68 
37 70 
37 75 
37 76 
37 77 
37 78 
37 79 
37 83 
37 86 
37 87 
37 88 
37 89 
37 90 
37 91 
37 95 
37 96 
37 97 
37 99 
37 101 
37 106 
37 107 
37 108 
37 110 
37 112 
37 115 
37 117 
37 119 
37 121 
37 122 
37 123 
37 124 
37 125 
37 126 
38 40 
38 41 
38 42 
38 44 
38 45 
38 47 
38 48 
38 49 
38 51 
38 52 
38 53 
38 56 
38 65 
38 66 
38 67 
38 68 
38 69 
38 70 
38 73 
38 79 
38 81 
38 82 
38 83 
38 86 
38 87 
38 88 
38 89 
38 91 
38 94 
38 95 
38 100 
38 103 
38 105 
38 109 
38 111 
38 112 
38 116 
38 117 
38 118 
38 121 
38 123 
38 124 
38 126 
38 127 
38 128 
39 41 
39 42 
39 43 
39 46 
39 49 
39 50 
39 51 
39 54 
39 56 
39 57 
39 64 
39 66 
39 68 
39 69 
39 71 
39 73 
39 76 
39 77 
39 80 
39 81 
39 85 
39 86 
39 87 
39 88 
39 91 
39 94 
39 97 
39 99 
39 100 
39 101 
39 104 
39 107 
39 109 
39 110 
39 112 
39 116 
39 117 
39 118 
39 123 
39 126 
39 128 
40 41 
40 42 
40 43 
40 44 
40 49 
40 53 
40 54 
40 55 
40 57 
40 59 
40 60 
40 61 
40 64 
40 65 
40 66 
40 67 
40 68 
40 69 
40 71 
40 78 
40 79 
40 80 
40 86 
40 91 
40 92 
40 93 
40 94 
40 96 
40 97 
40 98 
40 99 
40 100 
40 102 
40 103 
40 104 
40 105 
40 106 
40 108 
40 111 
40 112 
40 113 
40 115 
40 118 
40 120 
40 121 
40 122 
40 123 
40 125 
40 126 
40 127 
40 128 
41 42 
41 48 
41 50 
41 52 
41 55 
41 59 
41 65 
41 66 
41 70 
41 71 
41 72 
41 74 
41 76 
41 77 
41 80 
41 84 
41 85 
41 90 
41 92 
41 93 
41 95 
41 97 
41 101 
41 102 
41 103 
41 104 
41 106 
41 107 
41 108 
41 109 
41 111 
41 112 
41 116 
41 117 
41 119 
41 120 
41 122 
41 123 
41 124 
41 125 
41 127 
42 46 
42 48 
42 49 
42 52 
42 53 
42 54 
42 58 
42 62 
42 64 
42 66 
42 67 
42 76 
42 77 
42 79 
42 82 
42 84 
42 85 
42 87 
42 88 
42 89 
42 92 
42 93 
42 96 
42 100 
42 101 
42 106 
42 108 
42 109 
42 111 
42 122 
42 123 
42 124 
42 125 
42 126 
42 127 
42 128 
43 46 
43 47 
43 48 
43 50 
43 54 
43 55 
43 57 
43 59 
43 60 
43 61 
43 62 
43 63 
43 65 
43 67 
43 69 
43 75 
43 77 
43 78 
43 83 
43 85 
43 88 
43 89 
43 90 
43 91 
43 92 
43 95 
43 98 
43 99 
43 102 
43 103 
43 105 
43 107 
43 108 
43 109 
43 112 
43 115 
43 116 
43 117 
43 120 
43 121 
43 123 
43 125 
43 126 
43 128 
44 47 
44 50 
44 51 
44 52 
44 58 
44 60 
44 64 
44 66 
44 68 
44 71 
44 73 
44 74 
44 75 
44 79 
44 81 
44 82 
44 87 
44 88 
44 89 
44 93 
44 95 
44 96 
44 97 
44 98 
44 101 
44 105 
44 106 
44 107 
44 108 
44 110 
44 111 
44 114 
44 116 
44 117 
44 118 
44 119 
44 123 
44 124 
44 125 
45 46 
45 47 
45 52 
45 55 
45 59 
45 63 
45 65 
45 66 
45 69 
45 73 
45 74 
45 77 
45 85 
45 86 
45 87 
45 88 
45 90 
45 91 
45 93 
45 94 
45 95 
45 96 
45 97 
45 98 
45 99 
45 102 
45 106 
45 107 
45 108 
45 109 
45 118 
45 119 
45 120 
45 122 
45 124 
45 125 
46 47 
46 48 
46 50 
46 53 
46 55 
46 56 
46 57 
46 59 
46 60 
46 64 
46 65 
46 67 
46 68 
46 70 
46 72 
46 73 
46 74 
46 75 
46 81 
46 82 
46 83 
46 84 
46 85 
46 89 
46 91 
46 93 
46 94 
46 95 
46 96 
46 98 
46 100 
46 101 
46 103 
46 104 
46 105 
46 109 
46 112 
46 113 
46 114 
46 115 
46 117 
46 122 
46 124 
46 125 
46 126 
46 128 
47 48 
47 50 
47 51 
47 52 
47 53 
47 55 
47 57 
47 59 
47 62 
47 69 
47 70 
47 73 
47 74 
47 75 
47 76 
47 77 
47 78 
47 81 
47 84 
47 85 
47 90 
47 91 
47 94 
47 95 
47 98 
47 100 
47 104 
47 106 
47 108 
47 109 
47 110 
47 111 
47 112 
47 114 
47 116 
47 117 
47 118 
47 122 
47 123 
47 125 
47 128 
48 51 
48 55 
48 56 
48 58 
48 59 
48 61 
48 62 
48 63 
48 64 
48 66 
48 68 
48 70 
48 72 
48 73 
48 74 
48 76 
48 78 
48 79 
48 82 
48 86 
48 87 
48 88 
48 89 
48 91 
48 92 
48 95 
48 97 
48 98 
48 100 
48 101 
48 103 
48 104 
48 105 
48 106 
48 108 
48 109 
48 110 
48 114 
48 116 
48 117 
48 118 
48 119 
48 122 
48 123 
48 126 
48 128 
49 52 
49 53 
49 55 
49 58 
49 64 
49 65 
49 73 
49 75 
49 76 
49 78 
49 82 
49 85 
49 88 
49 93 
49 96 
49 98 
49 100 
49 103 
49 104 
49 105 
49 108 
49 114 
49 115 
49 116 
49 118 
49 122 
49 125 
50 51 
50 53 
50 55 
50 56 
50 57 
50 58 
50 61 
50 63 
50 66 
50 67 
50 72 
50 75 
50 76 
50 77 
50 84 
50 89 
50 91 
50 93 
50 96 
50 97 
50 99 
50 100 
50 101 
50 102 
50 103 
50 104 
50 105 
50 108 
50 109 
50 111 
50 112 
50 114 
50 117 
50 118 
50 120 
50 123 
50 124 
50 127 
50 128 
51 53 
51 55 
51 56 
51 59 
51 61 
51 62 
51 63 
51 65 
51 66 
51 67 
51 69 
51 72 
51 75 
51 79 
51 81 
51 82 
51 85 
51 87 
51 89 
51 90 
51 93 
51 94 
51 96 
51 97 
51 98 
51 99 
51 101 
51 102 
51 103 
51 104 
51 105 
51 106 
51 108 
51 109 
51 110 
51 111 
51 112 
51 113 
51 115 
51 116 
51 117 
51 120 
51 121 
51 123 
51 127 
51 128 
52 53 
52 54 
52 57 
52 58 
52 62 
52 63 
52 64 
52 66 
52 72 
52 76 
52 78 
52 79 
52 80 
52 81 
52 83 
52 84 
52 87 
52 88 
52 90 
52 92 
52 94 
52 97 
52 100 
52 101 
52 103 
52 105 
52 107 
52 111 
52 112 
52 113 
52 114 
52 116 
52 120 
52 121 
52 122 
52 123 
53 55 
53 57 
53 58 
53 60 
53 61 
53 63 
53 66 
53 67 
53 70 
53 72 
53 73 
53 76 
53 77 
53 78 
53 79 
53 81 
53 82 
53 85 
53 86 
53 87 
53 88 
53 89 
53 90 
53 91 
53 92 
53 93 
53 95 
53 99 
53 104 
53 105 
53 109 
53 111 
53 112 
53 113 
53 114 
53 120 
53 124 
53 127 
53 128 
54 55 
54 57 
54 58 
54 60 
54 62 
54 63 
54 65 
54 66 
54 68 
54 69 
54 71 
54 73 
54 77 
54 79 
54 83 
54 84 
54 90 
54 94 
54 97 
54 98 
54 99 
54 105 
54 107 
54 108 
54 109 
54 113 
54 114 
54 116 
54 120 
54 121 
54 124 
54 125 
55 59 
55 60 
55 61 
55 63 
55 64 
55 65 
55 66 
55 67 
55 68 
55 73 
55 74 
55 75 
55 80 
55 87 
55 88 
55 90 
55 91 
55 93 
55 95 
55 97 
55 98 
55 101 
55 102 
55 103 
55 104 
55 106 
55 107 
55 108 
55 109 
55 116 
55 118 
55 119 
55 120 
55 121 
55 122 
55 123 
55 125 
55 127 
55 128 
56 61 
56 62 
56 65 
56 67 
56 70 
56 72 
56 73 
56 74 
56 76 
56 77 
56 79 
56 83 
56 84 
56 86 
56 87 
56 90 
56 91 
56 95 
56 96 
56 98 
56 99 
56 100 
56 101 
56 102 
56 104 
56 107 
56 108 
56 109 
56 112 
56 118 
56 121 
56 123 
56 124 
56 125 
56 126 
56 127 
57 58 
57 63 
57 64 
57 67 
57 69 
57 70 
57 74 
57 77 
57 78 
57 79 
57 84 
57 89 
57 90 
57 92 
57 93 
57 94 
57 97 
57 99 
57 100 
57 103 
57 104 
57 105 
57 108 
57 109 
57 112 
57 113 
57 114 
57 117 
57 118 
57 126 
57 127 
58 59 
58 60 
58 65 
58 66 
58 68 
58 69 
58 70 
58 78 
58 79 
58 80 
58 81 
58 83 
58 84 
58 86 
58 87 
58 89 
58 91 
58 100 
58 105 
58 106 
58 109 
58 110 
58 111 
58 112 
58 113 
58 114 
58 115 
58 125 
58 126 
58 127 
58 128 
59 60 
59 64 
59 65 
59 67 
59 69 
59 73 
59 74 
59 76 
59 77 
59 78 
59 79 
59 80 
59 82 
59 83 
59 85 
59 86 
59 87 
59 92 
59 94 
59 97 
59 98 
59 101 
59 102 
59 105 
59 106 
59 107 
59 109 
59 111 
59 113 
59 115 
59 119 
59 124 
59 125 
59 126 
59 127 
60 64 
60 65 
60 66 
60 70 
60 71 
60 72 
60 74 
60 76 
60 77 
60 80 
60 89 
60 90 
60 92 
60 93 
60 94 
60 96 
60 97 
60 98 
60 99 
60 100 
60 101 
60 103 
60 104 
60 106 
60 111 
60 112 
60 113 
60 117 
60 118 
60 121 
60 123 
60 124 
60 126 
60 128 
61 62 
61 64 
61 65 
61 66 
61 67 
61 68 
61 69 
61 70 
61 71 
61 72 
61 73 
61 74 
61 81 
61 84 
61 85 
61 86 
61 88 
61 89 
61 91 
61 95 
61 96 
61 97 
61 98 
61 100 
61 102 
61 104 
61 106 
61 107 
61 108 
61 110 
61 111 
61 113 
61 114 
61 115 
61 119 
61 121 
61 122 
61 123 
61 124 
61 125 
62 63 
62 64 
62 67 
62 71 
62 73 
62 75 
62 76 
62 78 
62 81 
62 82 
62 84 
62 86 
62 87 
62 88 
62 90 
62 91 
62 94 
62 95 
62 98 
62 101 
62 104 
62 106 
62 109 
62 110 
62 111 
62 113 
62 115 
62 118 
62 119 
62 121 
62 122 
62 123 
62 125 
62 126 
62 127 
62 128 
63 70 
63 73 
63 75 
63 77 
63 79 
63 80 
63 82 
63 83 
63 87 
63 89 
63 90 
63 92 
63 93 
63 95 
63 97 
63 98 
63 102 
63 103 
63 110 
63 113 
63 116 
63 120 
63 122 
63 123 
63 124 
63 126 
63 128 
64 65 
64 66 
64 70 
64 71 
64 72 
64 74 
64 75 
64 76 
64 77 
64 78 
64 80 
64 81 
64 84 
64 85 
64 86 
64 88 
64 89 
64 90 
64 91 
64 92 
64 95 
64 97 
64 98 
64 99 
64 102 
64 107 
64 108 
64 109 
64 110 
64 111 
64 116 
64 117 
64 118 
64 120 
64 121 
64 122 
64 123 
64 124 
64 125 
64 127 
65 67 
65 69 
65 71 
65 72 
65 73 
65 74 
65 75 
65 79 
65 80 
65 82 
65 83 
65 87 
65 90 
65 91 
65 94 
65 96 
65 97 
65 99 
65 105 
65 109 
65 112 
65 114 
65 116 
65 117 
65 123 
65 125 
65 126 
65 127 
65 128 
66 67 
66 68 
66 69 
66 74 
66 75 
66 77 
66 78 
66 80 
66 81 
66 84 
66 87 
66 90 
66 91 
66 95 
66 100 
66 101 
66 103 
66 105 
66 106 
66 108 
66 109 
66 111 
66 112 
66 114 
66 116 
66 118 
66 121 
66 124 
66 125 
66 126 
66 128 
67 68 
67 69 
67 71 
67 73 
67 75 
67 78 
67 79 
67 81 
67 82 
67 84 
67 85 
67 86 
67 87 
67 88 
67 91 
67 92 
67 95 
67 97 
67 98 
67 99 
67 100 
67 103 
67 105 
67 106 
67 110 
67 111 
67 115 
67 116 
67 117 
67 118 
67 119 
67 120 
67 125 
67 126 
68 69 
68 71 
68 72 
68 73 
68 80 
68 81 
68 82 
68 83 
68 84 
68 85 
68 87 
68 89 
68 90 
68 93 
68 96 
68 98 
68 99 
68 100 
68 102 
68 104 
68 107 
68 108 
68 112 
68 113 
68 114 
68 115 
68 117 
68 118 
68 119 
68 120 
68 122 
68 125 
68 127 
69 70 
69 71 
69 73 
69 75 
69 76 
69 77 
69 78 
69 79 
69 80 
69 81 
69 82 
69 84 
69 86 
69 87 
69 89 
69 90 
69 93 
69 94 
69 96 
69 102 
69 104 
69 105 
69 106 
69 107 
69 108 
69 111 
69 112 
69 114 
69 115 
69 118 
69 122 
69 125 
69 126 
69 127 
69 128 
70 71 
70 72 
70 73 
70 78 
70 81 
70 84 
70 88 
70 91 
70 92 
70 95 
70 97 
70 100 
70 101 
70 102 
70 103 
70 108 
70 109 
70 110 
70 111 
70 112 
70 114 
70 115 
70 116 
70 117 
70 118 
70 119 
70 120 
70 125 
71 72 
71 73 
71 75 
71 76 
71 77 
71 80 
71 81 
71 82 
71 83 
71 84 
71 85 
71 90 
71 91 
71 92 
71 93 
71 96 
71 97 
71 98 
71 102 
71 106 
71 107 
71 108 
71 109 
71 111 
71 114 
71 116 
71 117 
71 118 
71 120 
71 122 
71 126 
71 127 
72 75 
72 76 
72 79 
72 80 
72 81 
72 83 
72 85 
72 91 
72 92 
72 94 
72 95 
72 97 
72 98 
72 99 
72 100 
72 102 
72 103 
72 114 
72 115 
72 117 
72 118 
72 119 
72 120 
72 123 
72 124 
72 125 
72 126 
72 127 
73 75 
73 76 
73 79 
73 81 
73 84 
73 85 
73 86 
73 87 
73 88 
73 92 
73 93 
73 95 
73 96 
73 99 
73 102 
73 103 
73 105 
73 106 
73 111 
73 112 
73 113 
73 116 
73 117 
73 120 
73 122 
73 128 
74 75 
74 80 
74 81 
74 82 
74 85 
74 88 
74 89 
74 90 
74 95 
74 97 
74 99 
74 101 
74 102 
74 104 
74 106 
74 107 
74 111 
74 112 
74 113 
74 120 
74 122 
74 125 
74 126 
74 127 
75 76 
75 82 
75 83 
75 85 
75 86 
75 87 
75 88 
75 89 
75 90 
75 91 
75 92 
75 96 
75 102 
75 103 
75 106 
75 107 
75 112 
75 113 
75 114 
75 116 
75 117 
75 118 
75 121 
75 122 
75 123 
75 125 
75 126 
75 127 
76 77 
76 78 
76 80 
76 81 
76 83 
76 86 
76 88 
76 91 
76 93 
76 96 
76 97 
76 98 
76 99 
76 100 
76 102 
76 106 
76 107 
76 108 
76 109 
76 111 
76 115 
76 120 
76 122 
76 126 
76 127 
77 78 
77 80 
77 81 
77 83 
77 84 
77 85 
77 87 
77 89 
77 91 
77 92 
77 93 
77 94 
77 95 
77 96 
77 98 
77 99 
77 100 
77 102 
77 104 
77 105 
77 106 
77 108 
77 109 
77 110 
77 114 
77 115 
77 118 
77 119 
77 120 
77 123 
77 126 
78 79 
78 80 
78 85 
78 87 
78 96 
78 97 
78 99 
78 100 
78 104 
78 106 
78 108 
78 111 
78 113 
78 114 
78 115 
78 119 
78 120 
78 122 
78 126 
79 82 
79 83 
79 84 
79 86 
79 88 
79 89 
79 90 
79 94 
79 96 
79 97 
79 98 
79 100 
79 101 
79 102 
79 103 
79 105 
79 106 
79 107 
79 108 
79 109 
79 110 
79 111 
79 112 
79 113 
79 114 
79 117 
79 118 
79 120 
79 122 
79 123 
79 125 
79 127 
79 128 
80 84 
80 86 
80 88 
80 89 
80 90 
80 91 
80 94 
80 95 
80 97 
80 102 
80 106 
80 107 
80 108 
80 109 
80 110 
80 112 
80 113 
80 116 
80 117 
80 119 
80 121 
80 122 
80 123 
80 124 
80 128 
81 83 
81 85 
81 89 
81 90 
81 91 
81 92 
81 93 
81 94 
81 96 
81 97 
81 99 
81 102 
81 104 
81 106 
81 108 
81 109 
81 110 
81 111 
81 113 
81 115 
81 118 
81 119 
81 121 
81 122 
81 123 
81 124 
81 126 
81 127 
81 128 
82 85 
82 88 
82 90 
82 92 
82 93 
82 95 
82 97 
82 99 
82 103 
82 105 
82 106 
82 107 
82 108 
82 110 
82 111 
82 114 
82 116 
82 118 
82 121 
82 122 
82 125 
82 126 
82 127 
83 84 
83 85 
83 88 
83 90 
83 91 
83 93 
83 96 
83 97 
83 98 
83 100 
83 101 
83 102 
83 104 
83 107 
83 108 
83 109 
83 110 
83 114 
83 115 
83 122 
83 125 
83 127 
83 128 
84 85 
84 86 
84 89 
84 91 
84 97 
84 98 
84 99 
84 102 
84 103 
84 104 
84 106 
84 109 
84 112 
84 113 
84 114 
84 117 
84 120 
84 121 
84 122 
84 123 
84 124 
84 126 
84 127 
85 88 
85 90 
85 91 
85 92 
85 93 
85 94 
85 95 
85 96 
85 98 
85 100 
85 104 
85 105 
85 107 
85 108 
85 109 
85 111 
85 112 
85 113 
85 114 
85 115 
85 117 
85 118 
85 121 
85 123 
85 124 
85 126 
85 127 
85 128 
86 87 
86 89 
86 90 
86 93 
86 96 
86 98 
86 99 
86 100 
86 102 
86 105 
86 108 
86 111 
86 112 
86 116 
86 117 
86 118 
86 120 
86 121 
86 122 
86 128 
87 88 
87 94 
87 96 
87 97 
87 98 
87 99 
87 101 
87 102 
87 103 
87 105 
87 106 
87 108 
87 109 
87 111 
87 112 
87 113 
87 114 
87 116 
87 124 
87 126 
87 128 
88 90 
88 95 
88 96 
88 97 
88 98 
88 112 
88 113 
88 114 
88 116 
88 118 
88 121 
88 123 
89 91 
89 95 
89 98 
89 99 
89 100 
89 101 
89 104 
89 107 
89 108 
89 110 
89 111 
89 113 
89 114 
89 116 
89 117 
89 118 
89 119 
89 120 
89 121 
89 128 
90 91 
90 92 
90 95 
90 96 
90 100 
90 102 
90 110 
90 111 
90 112 
90 115 
90 117 
90 119 
90 121 
90 122 
90 124 
90 126 
90 127 
90 128 
91 92 
91 93 
91 94 
91 95 
91 98 
91 101 
91 103 
91 104 
91 105 
91 107 
91 108 
91 110 
91 111 
91 113 
91 115 
91 116 
91 119 
91 121 
91 123 
91 125 
91 126 
91 127 
92 93 
92 94 
92 97 
92 98 
92 99 
92 100 
92 101 
92 103 
92 104 
92 105 
92 108 
92 110 
92 111 
92 112 
92 113 
92 115 
92 117 
92 120 
92 121 
92 122 
92 123 
92 125 
93 95 
93 99 
93 100 
93 102 
93 104 
93 106 
93 109 
93 110 
93 113 
93 117 
93 118 
93 119 
93 121 
93 122 
93 123 
93 124 
93 125 
93 128 
94 96 
94 99 
94 100 
94 102 
94 103 
94 104 
94 109 
94 116 
94 117 
94 118 
94 120 
94 122 
94 123 
94 124 
94 128 
95 96 
95 97 
95 98 
95 106 
95 107 
95 108 
95 111 
95 112 
95 114 
95 115 
95 117 
95 119 
95 121 
95 122 
95 123 
95 124 
95 125 
95 126 
95 127 
96 97 
96 98 
96 99 
96 100 
96 102 
96 103 
96 106 
96 107 
96 108 
96 115 
96 117 
96 121 
96 122 
96 123 
96 125 
96 128 
97 101 
97 103 
97 104 
97 109 
97 110 
97 112 
97 113 
97 115 
97 117 
97 120 
97 122 
98 100 
98 101 
98 102 
98 103 
98 104 
98 105 
98 106 
98 108 
98 109 
98 114 
98 115 
98 116 
98 119 
98 120 
98 122 
98 123 
98 126 
98 127 
98 128 
99 100 
99 103 
99 104 
99 107 
99 109 
99 112 
99 113 
99 115 
99 117 
99 118 
99 119 
99 123 
99 125 
99 126 
99 128 
100 102 
100 103 
100 104 
100 105 
100 107 
100 108 
100 109 
100 110 
100 111 
100 113 
100 115 
100 117 
100 118 
100 120 
100 122 
100 127 
101 103 
101 104 
101 106 
101 107 
101 108 
101 110 
101 111 
101 112 
101 114 
101 116 
101 117 
101 119 
101 121 
101 123 
101 124 
101 125 
101 128 
102 104 
102 105 
102 106 
102 107 
102 108 
102 111 
102 112 
102 113 
102 115 
102 116 
102 117 
102 118 
102 120 
102 121 
102 122 
102 124 
103 105 
103 106 
103 108 
103 113 
103 115 
103 116 
103 118 
103 119 
103 121 
103 122 
103 123 
103 124 
103 125 
103 126 
103 128 
104 106 
104 109 
104 110 
104 111 
104 113 
104 116 
104 121 
104 122 
104 123 
104 124 
104 126 
105 106 
105 107 
105 110 
105 115 
105 117 
105 118 
105 119 
105 120 
105 121 
105 122 
105 124 
105 125 
105 126 
105 127 
106 107 
106 108 
106 110 
106 113 
106 114 
106 118 
106 120 
106 121 
106 124 
106 126 
106 127 
107 109 
107 110 
107 113 
107 115 
107 119 
107 121 
107 122 
107 123 
107 124 
107 125 
107 126 
107 127 
108 110 
108 111 
108 112 
108 114 
108 115 
108 116 
108 117 
108 118 
108 121 
108 123 
108 124 
108 125 
108 128 
109 110 
109 111 
109 112 
109 114 
109 115 
109 117 
109 119 
109 123 
109 124 
109 125 
109 126 
109 127 
109 128 
110 111 
110 112 
110 113 
110 115 
110 116 
110 119 
110 121 
110 123 
110 124 
110 125 
110 126 
110 127 
110 128 
111 112 
111 114 
111 117 
111 118 
111 119 
111 121 
111 123 
111 124 
111 125 
111 126 
111 128 
112 113 
112 114 
112 120 
112 126 
112 128 
113 115 
113 116 
113 119 
113 120 
113 128 
114 117 
114 118 
114 119 
114 120 
114 121 
114 122 
114 123 
114 124 
115 117 
115 121 
115 124 
115 126 
116 118 
116 119 
116 120 
116 121 
116 123 
116 125 
117 118 
117 119 
117 120 
117 124 
117 126 
117 127 
118 121 
118 128 
119 121 
119 122 
119 123 
119 124 
119 125 
119 126 
120 122 
120 123 
120 124 
120 125 
120 126 
121 122 
121 123 
121 124 
122 123 
122 125 
122 126 
122 128 
123 124 
123 125 
123 126 
123 127 
124 126 
124 128 
125 127 
126 127 
