128 3062
1
2
3
4
5
6
7
8
9
10
11
12
13
14
15
16
17
18
19
20
21
22
23
24
25
26
27
28
29
30
31
32
33
34
35
36
37
38
39
40
41
42
43
44
45
46
47
48
49
50
51
52
53
54
55
56
57
58
59
60
61
62
63
64
65
66
67
68
69
70
71
72
73
74
75
76
77
78
79
80
81
82
83
84
85
86
87
88
89
90
91
92
93
94
95
96
97
98
99
100
101
102
103
104
105
106
107
108
109
110
111
112
113
114
115
116
117
118
119
120
121
122
123
124
125
126
127
128
1 2 
1 12 
1 14 
1 16 
1 17 
1 23 
1 27 
1 31 
1 33 
1 34 
1 37 
1 40 
1 46 
1 49 
1 50 
1 52 
1 55 
1 56 
1 57 
1 58 
1 60 
1 63 
1 65 
1 69 
1 72 
1 73 
1 74 
1 77 
1 79 
1 82 
1 83 
1 86 
1 89 
1 90 
1 92 
1 99 
1 101 
1 102 
1 104 
1 109 
1 118 
1 126 
2 5 
2 6 
2 11 
2 14 
2 18 
2 20 
2 22 
2 23 
2 24 
2 27 
2 28 
2 32 
2 35 
2 36 
2 37 
2 40 
2 41 
2 45 
2 46 
2 47 
2 52 
2 63 
2 66 
2 70 
2 71 
2 72 
2 75 
2 76 
2 77 
2 78 
2 84 
2 90 
2 91 
2 92 
2 96 
2 100 
2 101 
2 106 
2 107 
2 111 
2 117 
2 121 
2 125 
3 4 
3 5 
3 8 
3 14 
3 18 
3 21 
3 26 
3 28 
3 33 
3 35 
3 38 
3 39 
3 43 
3 44 
3 45 
3 47 
3 51 
3 52 
3 55 
3 56 
3 60 
3 64 
3 68 
3 70 
3 72 
3 73 
3 74 
3 78 
3 81 
3 83 
3 85 
3 88 
3 94 
3 98 
3 100 
3 104 
3 110 
3 111 
3 113 
3 115 
3 121 
3 122 
3 123 
4 9 
4 13 
4 14 
4 17 
4 18 
4 19 
4 21 
4 23 
4 25 
4 28 
4 29 
4 30 
4 32 
4 33 
4 34 
4 35 
4 36 
4 38 
4 43 
4 44 
4 46 
4 52 
4 55 
4 56 
4 59 
4 60 
4 61 
4 63 
4 64 
4 69 
4 70 
4 74 
4 75 
4 76 
4 78 
4 80 
4 81 
4 82 
4 84 
4 86 
4 88 
4 89 
4 93 
4 102 
4 105 
4 106 
4 108 
4 111 
4 117 
4 118 
4 120 
4 127 
4 128 
5 7 
5 10 
5 11 
5 12 
5 13 
5 14 
5 15 
5 17 
5 19 
5 21 
5 23 
5 24 
5 26 
5 27 
5 28 
5 30 
5 33 
5 38 
5 39 
5 42 
5 44 
5 45 
5 47 
5 50 
5 52 
5 53 
5 57 
5 62 
5 63 
5 68 
5 73 
5 75 
5 81 
5 82 
5 83 
5 85 
5 87 
5 88 
5 89 
5 91 
5 95 
5 96 
5 99 
5 102 
5 104 
5 107 
5 108 
5 110 
5 112 
5 113 
5 117 
5 118 
5 122 
5 124 
5 125 
5 127 
5 128 
6 8 
6 10 
6 12 
6 17 
6 23 
6 24 
6 31 
6 32 
6 35 
6 37 
6 42 
6 43 
6 45 
6 47 
6 48 
6 50 
6 53 
6 55 
6 59 
6 61 
6 63 
6 64 
6 77 
6 80 
6 81 
6 83 
6 84 
6 93 
6 96 
6 97 
6 99 
6 101 
6 103 
6 111 
6 113 
6 114 
6 115 
6 116 
6 117 
6 118 
6 126 
6 128 
7 8 
7 10 
7 12 
7 13 
7 16 
7 26 
7 27 
7 29 
7 34 
7 36 
7 38 
7 41 
7 47 
7 49 
7 51 
7 53 
7 56 
7 63 
7 64 
7 65 
7 74 
7 75 
7 78 
7 79 
7 87 
7 90 
7 91 
7 92 
7 95 
7 98 
7 117 
7 118 
7 120 
7 122 
7 123 
7 125 
7 127 
7 128 
8 10 
8 14 
8 17 
8 18 
8 20 
8 23 
8 25 
8 26 
8 27 
8 28 
8 31 
8 32 
8 33 
8 35 
8 36 
8 37 
8 40 
8 43 
8 46 
8 47 
8 48 
8 53 
8 54 
8 55 
8 56 
8 58 
8 63 
8 64 
8 66 
8 69 
8 70 
8 78 
8 79 
8 81 
8 83 
8 85 
8 87 
8 89 
8 90 
8 92 
8 94 
8 96 
8 97 
8 98 
8 99 
8 101 
8 102 
8 104 
8 108 
8 109 
8 113 
8 115 
8 116 
8 123 
8 124 
9 11 
9 13 
9 24 
9 25 
9 26 
9 27 
9 28 
9 30 
9 33 
9 34 
9 38 
9 40 
9 47 
9 51 
9 54 
9 59 
9 63 
9 64 
9 67 
9 70 
9 72 
9 74 
9 76 
9 81 
9 84 
9 92 
9 95 
9 97 
9 100 
9 101 
9 105 
9 109 
9 110 
9 111 
9 112 
9 116 
9 117 
9 119 
9 122 
9 126 
10 15 
10 16 
10 20 
10 21 
10 22 
10 25 
10 26 
10 29 
10 30 
10 36 
10 37 
10 39 
10 42 
10 45 
10 48 
10 49 
10 50 
10 53 
10 54 
10 64 
10 69 
10 70 
10 73 
10 76 
10 78 
10 82 
10 86 
10 87 
10 88 
10 90 
10 91 
10 96 
10 98 
10 100 
10 101 
10 103 
10 106 
10 107 
10 109 
10 110 
10 112 
10 113 
10 115 
10 118 
10 120 
10 121 
10 123 
10 124 
11 12 
11 15 
11 16 
11 18 
11 20 
11 22 
11 28 
11 32 
11 41 
11 42 
11 43 
11 46 
11 48 
11 50 
11 54 
11 57 
11 58 
11 64 
11 65 
11 67 
11 68 
11 70 
11 72 
11 79 
11 84 
11 86 
11 91 
11 92 
11 101 
11 105 
11 108 
11 112 
11 115 
11 116 
11 121 
11 122 
11 128 
12 14 
12 15 
12 19 
12 20 
12 22 
12 27 
12 31 
12 32 
12 33 
12 38 
12 39 
12 40 
12 41 
12 51 
12 53 
12 55 
12 58 
12 69 
12 75 
12 76 
12 81 
12 82 
12 89 
12 90 
12 92 
12 93 
12 94 
12 95 
12 96 
12 101 
12 102 
12 103 
12 105 
12 107 
12 114 
12 119 
12 123 
13 15 
13 20 
13 23 
13 24 
13 25 
13 26 
13 30 
13 36 
13 37 
13 39 
13 41 
13 42 
13 45 
13 46 
13 50 
13 53 
13 54 
13 55 
13 57 
13 61 
13 65 
13 66 
13 68 
13 69 
13 74 
13 78 
13 81 
13 88 
13 89 
13 91 
13 92 
13 93 
13 96 
13 98 
13 101 
13 103 
13 104 
13 105 
13 108 
13 111 
13 112 
13 113 
13 114 
13 115 
13 117 
13 120 
13 122 
13 127 
13 128 
14 17 
14 19 
14 21 
14 22 
14 26 
14 29 
14 30 
14 31 
14 32 
14 34 
14 40 
14 43 
14 49 
14 51 
14 53 
14 55 
14 58 
14 61 
14 62 
14 63 
14 64 
14 65 
14 66 
14 68 
14 72 
14 74 
14 75 
14 77 
14 80 
14 90 
14 95 
14 98 
14 100 
14 104 
14 108 
14 111 
14 113 
14 120 
14 123 
14 124 
14 125 
15 18 
15 19 
15 22 
15 23 
15 24 
15 26 
15 28 
15 41 
15 43 
15 44 
15 45 
15 48 
15 49 
15 56 
15 57 
15 58 
15 62 
15 64 
15 66 
15 67 
15 70 
15 71 
15 77 
15 78 
15 80 
15 82 
15 89 
15 90 
15 92 
15 93 
15 95 
15 100 
15 101 
15 104 
15 109 
15 113 
15 114 
15 117 
15 118 
15 120 
15 121 
15 122 
15 125 
16 21 
16 25 
16 26 
16 28 
16 30 
16 37 
16 39 
16 41 
16 44 
16 45 
16 46 
16 48 
16 49 
16 50 
16 52 
16 54 
16 56 
16 60 
16 65 
16 66 
16 67 
16 71 
16 73 
16 74 
16 79 
16 84 
16 91 
16 93 
16 96 
16 101 
16 103 
16 107 
16 109 
16 111 
16 112 
16 114 
16 115 
16 116 
16 117 
16 120 
16 121 
16 122 
16 124 
16 125 
16 126 
17 28 
17 32 
17 34 
17 44 
17 46 
17 48 
17 51 
17 52 
17 57 
17 60 
17 70 
17 71 
17 72 
17 74 
17 77 
17 78 
17 79 
17 80 
17 81 
17 85 
17 86 
17 87 
17 88 
17 90 
17 93 
17 94 
17 99 
17 100 
17 102 
17 104 
17 107 
17 109 
17 110 
17 111 
17 115 
17 117 
17 118 
17 119 
17 120 
17 124 
18 19 
18 21 
18 24 
18 26 
18 27 
18 34 
18 39 
18 41 
18 44 
18 45 
18 46 
18 47 
18 50 
18 51 
18 57 
18 58 
18 61 
18 63 
18 66 
18 67 
18 70 
18 74 
18 78 
18 80 
18 81 
18 84 
18 85 
18 94 
18 96 
18 98 
18 99 
18 100 
18 101 
18 102 
18 104 
18 109 
18 110 
18 111 
18 112 
18 113 
18 115 
18 118 
18 120 
18 128 
19 21 
19 23 
19 24 
19 25 
19 26 
19 28 
19 29 
19 38 
19 39 
19 41 
19 42 
19 45 
19 48 
19 49 
19 51 
19 52 
19 54 
19 58 
19 60 
19 61 
19 64 
19 71 
19 73 
19 77 
19 78 
19 79 
19 80 
19 84 
19 88 
19 89 
19 91 
19 94 
19 97 
19 98 
19 100 
19 104 
19 111 
19 112 
19 114 
19 118 
19 119 
19 120 
19 121 
19 122 
19 123 
19 124 
19 128 
20 21 
20 28 
20 30 
20 32 
20 35 
20 37 
20 40 
20 44 
20 45 
20 47 
20 52 
20 59 
20 61 
20 64 
20 65 
20 68 
20 70 
20 71 
20 75 
20 76 
20 77 
20 82 
20 83 
20 90 
20 96 
20 102 
20 104 
20 112 
20 113 
20 115 
20 117 
20 119 
20 121 
20 123 
20 126 
20 127 
21 22 
21 23 
21 24 
21 27 
21 29 
21 30 
21 31 
21 35 
21 37 
21 39 
21 40 
21 41 
21 47 
21 51 
21 52 
21 54 
21 56 
21 59 
21 60 
21 61 
21 70 
21 72 
21 76 
21 77 
21 78 
21 80 
21 82 
21 86 
21 92 
21 93 
21 94 
21 97 
21 99 
21 102 
21 103 
21 105 
21 106 
21 109 
21 110 
21 111 
21 113 
21 116 
21 117 
21 119 
21 121 
21 124 
22 26 
22 37 
22 42 
22 44 
22 45 
22 50 
22 51 
22 57 
22 58 
22 60 
22 61 
22 63 
22 66 
22 69 
22 70 
22 76 
22 78 
22 82 
22 90 
22 91 
22 94 
22 97 
22 99 
22 102 
22 106 
22 111 
22 113 
22 126 
22 127 
22 128 
23 25 
23 26 
23 27 
23 29 
23 30 
23 31 
23 32 
23 34 
23 38 
23 41 
23 44 
23 46 
23 50 
23 53 
23 57 
23 58 
23 64 
23 68 
23 69 
23 71 
23 72 
23 75 
23 76 
23 77 
23 78 
23 79 
23 81 
23 84 
23 85 
23 86 
23 87 
23 90 
23 96 
23 100 
23 103 
23 104 
23 107 
23 108 
23 109 
23 111 
23 112 
23 113 
23 114 
23 115 
23 118 
23 121 
23 124 
23 125 
24 27 
24 29 
24 30 
24 31 
24 32 
24 36 
24 42 
24 43 
24 50 
24 52 
24 56 
24 57 
24 61 
24 64 
24 65 
24 67 
24 69 
24 70 
24 73 
24 76 
24 78 
24 85 
24 87 
24 88 
24 89 
24 90 
24 91 
24 93 
24 95 
24 97 
24 103 
24 105 
24 106 
24 107 
24 109 
24 110 
24 112 
24 113 
24 117 
24 118 
24 120 
24 123 
24 124 
24 126 
24 127 
24 128 
25 27 
25 33 
25 37 
25 44 
25 53 
25 54 
25 55 
25 56 
25 57 
25 63 
25 64 
25 65 
25 68 
25 69 
25 70 
25 71 
25 74 
25 78 
25 79 
25 80 
25 82 
25 84 
25 94 
25 96 
25 98 
25 100 
25 101 
25 105 
25 106 
25 114 
25 117 
25 118 
25 120 
25 123 
25 124 
25 126 
25 127 
26 29 
26 30 
26 33 
26 37 
26 38 
26 39 
26 43 
26 46 
26 52 
26 58 
26 60 
26 61 
26 66 
26 71 
26 72 
26 75 
26 77 
26 83 
26 84 
26 86 
26 89 
26 94 
26 95 
26 98 
26 100 
26 101 
26 102 
26 103 
26 108 
26 109 
26 113 
26 121 
26 122 
26 123 
26 125 
26 127 
27 28 
27 33 
27 34 
27 36 
27 38 
27 39 
27 40 
27 44 
27 47 
27 49 
27 50 
27 51 
27 54 
27 55 
27 60 
27 61 
27 62 
27 65 
27 72 
27 76 
27 79 
27 82 
27 84 
27 87 
27 92 
27 93 
27 97 
27 99 
27 100 
27 101 
27 103 
27 104 
27 107 
27 111 
27 112 
27 114 
27 115 
27 117 
27 118 
27 123 
27 125 
27 127 
28 29 
28 38 
28 40 
28 44 
28 49 
28 50 
28 53 
28 58 
28 61 
28 62 
28 64 
28 72 
28 73 
28 74 
28 78 
28 81 
28 83 
28 84 
28 85 
28 86 
28 87 
28 95 
28 97 
28 99 
28 108 
28 113 
28 115 
28 116 
28 119 
28 120 
28 121 
28 124 
28 126 
29 32 
29 33 
29 34 
29 37 
29 39 
29 40 
29 42 
29 43 
29 44 
29 45 
29 48 
29 50 
29 53 
29 60 
29 61 
29 66 
29 67 
29 68 
29 69 
29 70 
29 72 
29 74 
29 75 
29 77 
29 78 
29 79 
29 81 
29 83 
29 90 
29 91 
29 93 
29 94 
29 97 
29 100 
29 101 
29 103 
29 104 
29 105 
29 106 
29 110 
29 114 
29 116 
29 118 
29 119 
29 120 
29 122 
29 123 
29 124 
29 125 
29 126 
29 127 
29 128 
30 32 
30 37 
30 39 
30 41 
30 43 
30 44 
30 45 
30 47 
30 49 
30 52 
30 57 
30 58 
30 62 
30 63 
30 64 
30 69 
30 72 
30 74 
30 75 
30 78 
30 85 
30 87 
30 88 
30 97 
30 101 
30 103 
30 108 
30 110 
30 113 
30 119 
30 121 
30 122 
31 32 
31 33 
31 38 
31 39 
31 41 
31 42 
31 43 
31 44 
31 49 
31 54 
31 57 
31 64 
31 74 
31 75 
31 77 
31 79 
31 81 
31 83 
31 90 
31 91 
31 94 
31 97 
31 98 
31 99 
31 100 
31 103 
31 106 
31 107 
31 110 
31 111 
31 124 
32 35 
32 36 
32 37 
32 40 
32 41 
32 43 
32 45 
32 49 
32 51 
32 53 
32 56 
32 58 
32 63 
32 66 
32 68 
32 71 
32 72 
32 74 
32 76 
32 77 
32 79 
32 85 
32 93 
32 94 
32 96 
32 102 
32 103 
32 109 
32 110 
32 120 
32 122 
32 127 
33 34 
33 36 
33 37 
33 38 
33 41 
33 45 
33 48 
33 51 
33 52 
33 56 
33 57 
33 62 
33 67 
33 69 
33 70 
33 71 
33 78 
33 81 
33 82 
33 83 
33 84 
33 86 
33 87 
33 90 
33 92 
33 93 
33 99 
33 102 
33 103 
33 105 
33 110 
33 111 
33 116 
33 117 
33 123 
33 125 
33 127 
34 35 
34 38 
34 40 
34 45 
34 47 
34 50 
34 51 
34 52 
34 53 
34 54 
34 55 
34 56 
34 60 
34 61 
34 62 
34 68 
34 70 
34 73 
34 74 
34 76 
34 77 
34 79 
34 80 
34 81 
34 82 
34 87 
34 92 
34 93 
34 117 
34 120 
34 122 
34 125 
34 127 
35 43 
35 50 
35 51 
35 52 
35 56 
35 61 
35 63 
35 66 
35 67 
35 68 
35 70 
35 73 
35 74 
35 76 
35 77 
35 82 
35 83 
35 84 
35 85 
35 86 
35 89 
35 93 
35 94 
35 108 
35 109 
35 111 
35 113 
35 117 
35 118 
35 119 
35 120 
35 121 
35 123 
35 125 
35 126 
36 40 
36 41 
36 42 
36 45 
36 47 
36 48 
36 50 
36 53 
36 55 
36 65 
36 69 
36 74 
36 77 
36 78 
36 80 
36 83 
36 84 
36 85 
36 88 
36 97 
36 101 
36 103 
36 110 
36 112 
36 113 
36 114 
36 115 
36 117 
36 123 
36 124 
36 128 
37 38 
37 40 
37 42 
37 45 
37 50 
37 51 
37 53 
37 64 
37 65 
37 69 
37 70 
37 71 
37 74 
37 76 
37 79 
37 81 
37 82 
37 85 
37 86 
37 88 
37 90 
37 92 
37 93 
37 94 
37 98 
37 99 
37 107 
37 109 
37 110 
37 112 
37 113 
37 116 
37 124 
38 41 
38 42 
38 45 
38 47 
38 49 
38 50 
38 56 
38 62 
38 65 
38 69 
38 71 
38 77 
38 78 
38 82 
38 86 
38 88 
38 99 
38 100 
38 102 
38 104 
38 107 
38 110 
38 113 
38 120 
38 122 
38 125 
38 128 
39 44 
39 51 
39 55 
39 57 
39 58 
39 62 
39 63 
39 64 
39 65 
39 68 
39 75 
39 76 
39 77 
39 78 
39 79 
39 81 
39 84 
39 86 
39 89 
39 90 
39 91 
39 93 
39 96 
39 97 
39 98 
39 100 
39 102 
39 103 
39 106 
39 110 
39 111 
39 112 
39 121 
39 123 
39 124 
39 127 
40 42 
40 45 
40 46 
40 47 
40 49 
40 51 
40 54 
40 56 
40 61 
40 71 
40 73 
40 74 
40 76 
40 78 
40 81 
40 86 
40 87 
40 89 
40 90 
40 91 
40 93 
40 94 
40 95 
40 98 
40 100 
40 103 
40 104 
40 105 
40 106 
40 107 
40 109 
40 111 
40 112 
40 114 
40 115 
40 120 
40 121 
40 122 
40 126 
40 127 
41 42 
41 48 
41 49 
41 50 
41 51 
41 54 
41 55 
41 56 
41 58 
41 61 
41 62 
41 63 
41 65 
41 72 
41 73 
41 76 
41 77 
41 78 
41 79 
41 84 
41 85 
41 86 
41 87 
41 91 
41 92 
41 93 
41 94 
41 95 
41 97 
41 99 
41 101 
41 103 
41 116 
41 119 
41 120 
41 122 
41 127 
41 128 
42 44 
42 51 
42 54 
42 57 
42 59 
42 62 
42 63 
42 68 
42 69 
42 71 
42 72 
42 73 
42 76 
42 78 
42 79 
42 80 
42 81 
42 83 
42 87 
42 88 
42 90 
42 91 
42 93 
42 96 
42 105 
42 107 
42 108 
42 110 
42 112 
42 118 
42 119 
42 125 
42 126 
42 127 
43 45 
43 47 
43 52 
43 59 
43 61 
43 62 
43 64 
43 67 
43 68 
43 70 
43 72 
43 74 
43 79 
43 84 
43 85 
43 86 
43 87 
43 89 
43 95 
43 97 
43 98 
43 99 
43 100 
43 101 
43 104 
43 105 
43 107 
43 118 
43 120 
43 125 
43 126 
43 127 
44 46 
44 49 
44 51 
44 54 
44 55 
44 63 
44 64 
44 67 
44 70 
44 71 
44 72 
44 74 
44 77 
44 79 
44 83 
44 85 
44 87 
44 88 
44 89 
44 92 
44 93 
44 94 
44 97 
44 98 
44 99 
44 100 
44 101 
44 104 
44 105 
44 107 
44 108 
44 111 
44 114 
44 115 
44 116 
44 118 
44 121 
44 122 
44 123 
44 126 
45 46 
45 48 
45 49 
45 52 
45 53 
45 55 
45 57 
45 59 
45 61 
45 63 
45 65 
45 70 
45 72 
45 75 
45 82 
45 86 
45 89 
45 91 
45 95 
45 98 
45 101 
45 103 
45 106 
45 109 
45 111 
45 112 
45 115 
45 116 
45 119 
45 122 
45 128 
46 47 
46 53 
46 58 
46 60 
46 61 
46 63 
46 70 
46 71 
46 72 
46 73 
46 74 
46 75 
46 76 
46 82 
46 84 
46 86 
46 90 
46 91 
46 93 
46 96 
46 97 
46 98 
46 99 
46 102 
46 106 
46 109 
46 110 
46 111 
46 112 
46 113 
46 114 
46 115 
46 118 
46 120 
46 121 
46 123 
46 124 
46 125 
46 126 
46 127 
46 128 
47 48 
47 53 
47 57 
47 62 
47 63 
47 64 
47 67 
47 69 
47 70 
47 72 
47 75 
47 80 
47 82 
47 83 
47 88 
47 90 
47 91 
47 95 
47 99 
47 101 
47 102 
47 104 
47 112 
47 114 
47 115 
47 118 
47 119 
47 122 
47 126 
47 127 
47 128 
48 50 
48 51 
48 56 
48 57 
48 64 
48 65 
48 67 
48 69 
48 72 
48 73 
48 74 
48 75 
48 77 
48 79 
48 80 
48 81 
48 84 
48 85 
48 86 
48 88 
48 90 
48 94 
48 95 
48 97 
48 100 
48 101 
48 103 
48 106 
48 108 
48 111 
48 112 
48 118 
48 119 
48 122 
48 124 
49 50 
49 53 
49 56 
49 60 
49 63 
49 64 
49 66 
49 68 
49 72 
49 76 
49 77 
49 79 
49 80 
49 83 
49 86 
49 92 
49 95 
49 98 
49 99 
49 100 
49 102 
49 103 
49 105 
49 106 
49 107 
49 122 
49 125 
49 128 
50 60 
50 61 
50 66 
50 69 
50 73 
50 75 
50 77 
50 78 
50 79 
50 81 
50 82 
50 83 
50 86 
50 89 
50 90 
50 91 
50 93 
50 101 
50 106 
50 109 
50 114 
50 118 
50 120 
50 121 
50 122 
50 123 
51 52 
51 57 
51 61 
51 62 
51 64 
51 66 
51 70 
51 76 
51 77 
51 79 
51 84 
51 85 
51 86 
51 89 
51 92 
51 95 
51 98 
51 99 
51 101 
51 102 
51 105 
51 106 
51 107 
51 108 
51 110 
51 113 
51 116 
51 117 
51 118 
51 120 
51 122 
51 124 
51 125 
51 126 
51 127 
52 57 
52 60 
52 62 
52 64 
52 65 
52 68 
52 72 
52 73 
52 76 
52 77 
52 79 
52 80 
52 81 
52 84 
52 85 
52 88 
52 89 
52 91 
52 92 
52 97 
52 105 
52 109 
52 110 
52 113 
52 117 
52 118 
52 124 
52 126 
52 127 
52 128 
53 56 
53 59 
53 65 
53 71 
53 72 
53 73 
53 74 
53 75 
53 78 
53 79 
53 82 
53 90 
53 91 
53 101 
53 103 
53 107 
53 109 
53 114 
53 115 
53 116 
53 120 
53 125 
53 128 
54 56 
54 61 
54 66 
54 68 
54 70 
54 71 
54 75 
54 83 
54 84 
54 85 
54 87 
54 91 
54 95 
54 96 
54 97 
54 100 
54 108 
54 111 
54 112 
54 113 
54 114 
54 118 
54 119 
54 126 
54 128 
55 59 
55 62 
55 63 
55 70 
55 74 
55 76 
55 80 
55 85 
55 86 
55 87 
55 89 
55 90 
55 91 
55 95 
55 98 
55 100 
55 107 
55 109 
55 112 
55 118 
55 123 
55 124 
55 125 
55 126 
55 127 
56 57 
56 62 
56 63 
56 64 
56 66 
56 68 
56 70 
56 71 
56 74 
56 78 
56 80 
56 82 
56 83 
56 84 
56 85 
56 91 
56 92 
56 93 
56 95 
56 96 
56 102 
56 103 
56 104 
56 105 
56 106 
56 111 
56 112 
56 114 
56 117 
56 119 
56 120 
56 121 
56 124 
56 125 
56 127 
56 128 
57 60 
57 61 
57 63 
57 66 
57 67 
57 70 
57 72 
57 76 
57 79 
57 82 
57 84 
57 86 
57 87 
57 88 
57 90 
57 100 
57 101 
57 107 
57 109 
57 110 
57 111 
57 112 
57 119 
57 122 
57 124 
57 125 
57 127 
58 61 
58 63 
58 65 
58 66 
58 68 
58 70 
58 72 
58 78 
58 79 
58 80 
58 81 
58 84 
58 86 
58 87 
58 94 
58 102 
58 103 
58 104 
58 107 
58 108 
58 109 
58 113 
58 114 
58 119 
58 121 
59 62 
59 66 
59 69 
59 75 
59 82 
59 84 
59 86 
59 87 
59 89 
59 90 
59 92 
59 93 
59 94 
59 96 
59 98 
59 100 
59 104 
59 112 
59 114 
59 115 
59 120 
59 124 
59 127 
59 128 
60 64 
60 66 
60 67 
60 70 
60 72 
60 74 
60 83 
60 84 
60 87 
60 95 
60 102 
60 113 
60 114 
60 115 
60 121 
60 122 
60 128 
61 64 
61 65 
61 70 
61 71 
61 74 
61 77 
61 79 
61 86 
61 87 
61 103 
61 104 
61 105 
61 108 
61 110 
61 111 
61 115 
61 116 
61 117 
61 120 
61 123 
61 124 
61 125 
61 126 
61 127 
61 128 
62 64 
62 70 
62 73 
62 74 
62 79 
62 83 
62 89 
62 95 
62 99 
62 102 
62 103 
62 112 
62 113 
62 116 
62 117 
62 118 
62 119 
62 121 
62 123 
62 126 
62 127 
63 64 
63 69 
63 70 
63 73 
63 75 
63 85 
63 88 
63 91 
63 92 
63 94 
63 96 
63 100 
63 101 
63 103 
63 104 
63 105 
63 109 
63 111 
63 113 
63 116 
63 118 
63 120 
63 121 
63 122 
64 69 
64 71 
64 72 
64 76 
64 77 
64 80 
64 81 
64 84 
64 87 
64 92 
64 93 
64 95 
64 99 
64 100 
64 107 
64 108 
64 118 
64 119 
64 120 
64 122 
64 124 
64 126 
64 128 
65 67 
65 69 
65 72 
65 75 
65 80 
65 81 
65 82 
65 83 
65 84 
65 87 
65 89 
65 91 
65 93 
65 94 
65 97 
65 99 
65 100 
65 101 
65 103 
65 104 
65 105 
65 106 
65 107 
65 108 
65 112 
65 115 
65 121 
65 122 
65 123 
65 124 
65 125 
65 127 
66 67 
66 72 
66 73 
66 74 
66 77 
66 78 
66 79 
66 81 
66 87 
66 88 
66 90 
66 92 
66 100 
66 106 
66 110 
66 112 
66 114 
66 115 
66 116 
66 118 
66 119 
66 120 
66 121 
66 123 
66 124 
66 126 
67 74 
67 75 
67 76 
67 77 
67 78 
67 79 
67 81 
67 82 
67 83 
67 86 
67 89 
67 90 
67 93 
67 97 
67 100 
67 105 
67 106 
67 108 
67 111 
67 112 
67 114 
67 115 
67 116 
67 117 
67 118 
67 119 
67 122 
67 123 
68 69 
68 71 
68 72 
68 75 
68 79 
68 80 
68 81 
68 86 
68 89 
68 90 
68 91 
68 92 
68 94 
68 96 
68 97 
68 100 
68 103 
68 106 
68 109 
68 110 
68 122 
68 125 
68 128 
69 72 
69 76 
69 78 
69 79 
69 80 
69 81 
69 84 
69 87 
69 88 
69 95 
69 98 
69 100 
69 103 
69 104 
69 109 
69 111 
69 112 
69 114 
69 116 
69 118 
69 121 
69 123 
69 126 
69 127 
69 128 
70 73 
70 84 
70 86 
70 88 
70 92 
70 99 
70 101 
70 106 
70 107 
70 108 
70 116 
70 117 
70 118 
70 119 
70 120 
70 124 
70 125 
71 76 
71 77 
71 81 
71 84 
71 85 
71 86 
71 89 
71 90 
71 92 
71 97 
71 98 
71 100 
71 101 
71 106 
71 107 
71 108 
71 109 
71 113 
71 114 
71 115 
71 116 
71 117 
71 120 
71 122 
71 124 
72 73 
72 81 
72 82 
72 85 
72 91 
72 92 
72 99 
72 112 
72 114 
72 117 
72 122 
72 124 
72 126 
73 74 
73 77 
73 83 
73 84 
73 85 
73 93 
73 94 
73 96 
73 99 
73 100 
73 101 
73 104 
73 106 
73 107 
73 108 
73 109 
73 112 
73 113 
73 116 
73 117 
73 120 
73 121 
73 127 
74 77 
74 78 
74 79 
74 81 
74 86 
74 89 
74 92 
74 93 
74 94 
74 95 
74 98 
74 99 
74 100 
74 103 
74 105 
74 106 
74 107 
74 109 
74 110 
74 112 
74 113 
74 114 
74 115 
74 118 
74 119 
74 123 
74 124 
75 79 
75 81 
75 86 
75 90 
75 91 
75 97 
75 98 
75 99 
75 100 
75 102 
75 105 
75 106 
75 111 
75 113 
75 118 
75 120 
75 122 
75 127 
76 77 
76 84 
76 87 
76 91 
76 96 
76 100 
76 102 
76 112 
76 113 
76 115 
76 116 
76 117 
76 118 
76 120 
76 122 
76 124 
76 126 
76 127 
77 79 
77 81 
77 87 
77 89 
77 90 
77 93 
77 100 
77 103 
77 105 
77 106 
77 111 
77 116 
77 120 
77 127 
77 128 
78 82 
78 84 
78 88 
78 89 
78 90 
78 93 
78 99 
78 101 
78 103 
78 105 
78 106 
78 111 
78 120 
78 121 
78 122 
78 124 
78 128 
79 80 
79 81 
79 83 
79 86 
79 87 
79 91 
79 92 
79 93 
79 98 
79 103 
79 104 
79 107 
79 108 
79 114 
79 116 
79 120 
79 122 
79 124 
79 126 
79 128 
80 83 
80 92 
80 98 
80 100 
80 102 
80 105 
80 106 
80 108 
80 109 
80 110 
80 117 
80 120 
80 121 
80 123 
80 125 
80 126 
81 85 
81 90 
81 102 
81 103 
81 104 
81 108 
81 111 
81 112 
81 115 
81 118 
81 122 
81 125 
81 126 
82 83 
82 88 
82 91 
82 94 
82 96 
82 99 
82 100 
82 104 
82 106 
82 109 
82 111 
82 112 
82 113 
82 115 
82 119 
82 120 
82 125 
82 126 
83 84 
83 87 
83 88 
83 99 
83 100 
83 104 
83 106 
83 108 
83 110 
83 113 
83 117 
83 121 
83 122 
83 123 
83 125 
84 87 
84 88 
84 100 
84 107 
84 108 
84 109 
84 114 
84 115 
84 116 
84 119 
84 123 
84 126 
85 92 
85 97 
85 99 
85 100 
85 101 
85 104 
85 109 
85 111 
85 114 
85 115 
85 117 
85 123 
86 88 
86 91 
86 97 
86 98 
86 101 
86 102 
86 106 
86 107 
86 109 
86 114 
86 115 
86 117 
86 118 
86 119 
86 120 
86 121 
86 125 
87 88 
87 90 
87 92 
87 94 
87 95 
87 97 
87 102 
87 103 
87 106 
87 109 
87 110 
87 111 
87 112 
87 113 
87 116 
87 120 
87 124 
87 126 
87 128 
88 89 
88 94 
88 96 
88 98 
88 100 
88 102 
88 103 
88 104 
88 106 
88 109 
88 115 
88 120 
88 122 
88 124 
89 92 
89 94 
89 99 
89 101 
89 104 
89 110 
89 112 
89 113 
89 117 
89 122 
89 127 
89 128 
90 93 
90 95 
90 101 
90 107 
90 108 
90 109 
90 111 
90 114 
90 116 
90 118 
90 122 
90 124 
90 125 
91 96 
91 103 
91 104 
91 105 
91 111 
91 115 
91 122 
91 126 
92 94 
92 96 
92 97 
92 102 
92 103 
92 104 
92 105 
92 111 
92 114 
92 115 
92 116 
92 117 
92 118 
92 121 
92 122 
92 127 
93 101 
93 105 
93 106 
93 108 
93 112 
93 115 
93 121 
93 122 
93 125 
93 128 
94 96 
94 98 
94 99 
94 101 
94 102 
94 103 
94 107 
94 110 
94 111 
94 116 
94 117 
94 118 
94 123 
94 124 
94 127 
94 128 
95 98 
95 103 
95 104 
95 113 
95 116 
95 120 
95 122 
95 128 
96 97 
96 102 
96 104 
96 105 
96 107 
96 110 
96 111 
96 112 
96 118 
96 127 
97 99 
97 102 
97 105 
97 110 
97 111 
97 113 
97 119 
97 122 
97 126 
97 127 
98 99 
98 106 
98 108 
98 110 
98 111 
98 112 
98 114 
98 116 
98 117 
98 127 
99 104 
99 106 
99 111 
99 113 
99 114 
99 121 
99 122 
99 123 
99 128 
100 101 
100 102 
100 110 
100 111 
100 114 
100 115 
100 119 
100 123 
100 124 
100 126 
100 127 
100 128 
101 103 
101 104 
101 105 
101 111 
101 112 
101 113 
101 114 
101 117 
101 119 
101 122 
101 123 
101 124 
101 125 
101 128 
102 103 
102 104 
102 107 
102 108 
102 110 
102 115 
102 116 
102 118 
102 122 
102 123 
103 105 
103 106 
103 107 
103 112 
103 114 
103 117 
103 119 
103 120 
103 121 
103 123 
103 126 
103 127 
103 128 
104 111 
104 112 
104 114 
104 125 
104 127 
105 107 
105 108 
105 110 
105 111 
105 112 
105 115 
105 116 
105 118 
105 120 
105 122 
106 109 
106 113 
106 117 
106 118 
106 121 
106 123 
106 124 
106 125 
106 126 
107 108 
107 110 
107 115 
107 116 
107 117 
107 118 
107 124 
107 126 
107 127 
107 128 
108 111 
108 116 
108 118 
108 120 
108 122 
108 123 
109 117 
109 118 
109 120 
109 122 
109 123 
110 111 
110 112 
110 113 
110 115 
110 116 
110 118 
110 119 
110 120 
110 121 
110 123 
110 126 
111 112 
111 117 
111 118 
111 119 
111 121 
111 124 
111 125 
112 113 
112 114 
112 117 
112 120 
112 121 
112 126 
113 115 
113 116 
113 118 
113 120 
113 126 
114 120 
114 121 
114 124 
115 116 
115 119 
115 120 
115 121 
115 122 
115 123 
115 124 
115 126 
115 128 
116 124 
116 125 
116 126 
116 127 
117 124 
118 121 
118 124 
118 125 
118 127 
119 121 
120 121 
120 122 
121 122 
121 124 
121 125 
121 128 
122 123 
122 125 
122 126 
122 127 
122 128 
123 125 
123 126 
123 127 
124 128 
125 127 
126 127 
126 128 
127 128 
