128 1207
1 10
1 13
1 20
1 32
1 33
1 34
1 36
1 53
1 59
1 61
1 68
1 84
1 88
1 91
1 92
1 113
1 117
2 6
2 18
2 26
2 31
2 37
2 48
2 50
2 66
2 90
2 93
2 98
2 104
2 113
2 122
2 128
3 7
3 9
3 21
3 29
3 33
3 44
3 45
3 52
3 54
3 64
3 65
3 69
3 71
3 94
3 97
3 100
3 101
3 118
3 119
3 124
4 8
4 42
4 45
4 58
4 68
4 75
4 106
4 116
4 125
5 7
5 15
5 21
5 44
5 46
5 53
5 59
5 72
5 76
5 90
5 91
5 97
5 100
5 104
5 123
5 126
6 7
6 15
6 18
6 25
6 28
6 29
6 31
6 37
6 38
6 41
6 48
6 51
6 60
6 61
6 62
6 65
6 70
6 72
6 83
6 85
6 100
6 103
6 104
6 107
6 108
6 110
6 119
6 125
7 8
7 30
7 34
7 40
7 41
7 43
7 57
7 62
7 81
7 83
7 97
7 101
7 109
7 111
7 115
7 119
7 121
8 9
8 12
8 29
8 38
8 53
8 57
8 60
8 63
8 75
8 79
8 90
8 101
8 105
8 110
8 127
9 12
9 15
9 21
9 43
9 47
9 54
9 68
9 72
9 78
9 84
9 91
9 93
9 99
9 103
9 106
9 107
9 113
9 114
9 120
9 126
10 21
10 25
10 26
10 29
10 35
10 41
10 42
10 46
10 48
10 49
10 53
10 57
10 61
10 65
10 66
10 68
10 80
10 88
10 96
10 100
10 105
10 107
10 111
10 113
10 122
10 126
11 20
11 27
11 29
11 31
11 35
11 50
11 53
11 59
11 67
11 75
11 82
11 83
11 85
11 92
11 94
11 104
11 105
11 114
11 116
11 125
11 128
12 26
12 33
12 39
12 44
12 45
12 51
12 55
12 56
12 72
12 76
12 85
12 86
12 97
12 100
12 106
12 111
12 117
12 125
12 127
12 128
13 23
13 26
13 33
13 44
13 59
13 60
13 67
13 69
13 72
13 76
13 87
13 92
13 103
13 110
13 111
14 32
14 39
14 41
14 45
14 47
14 50
14 55
14 57
14 61
14 64
14 66
14 89
14 92
14 101
14 104
14 116
14 126
15 22
15 46
15 65
15 69
15 73
15 76
15 78
15 89
15 98
15 103
15 112
15 123
15 124
15 126
16 17
16 36
16 55
16 60
16 61
16 64
16 86
16 90
16 93
16 95
16 117
16 123
16 124
17 23
17 28
17 41
17 43
17 46
17 47
17 61
17 64
17 74
17 76
17 79
17 81
17 90
17 103
17 104
17 106
17 110
17 113
17 116
17 117
17 121
17 122
17 126
18 20
18 21
18 31
18 43
18 48
18 54
18 55
18 59
18 62
18 82
18 91
18 93
18 116
18 123
19 32
19 34
19 46
19 49
19 51
19 68
19 95
19 98
19 102
19 120
19 121
19 125
20 21
20 29
20 31
20 44
20 45
20 49
20 62
20 64
20 67
20 88
20 101
20 105
20 112
20 118
21 24
21 34
21 35
21 40
21 45
21 49
21 50
21 51
21 59
21 61
21 70
21 72
21 85
21 93
21 94
21 99
21 108
21 124
21 125
21 127
22 28
22 38
22 45
22 47
22 48
22 62
22 72
22 73
22 74
22 76
22 79
22 87
22 89
22 93
22 103
22 105
22 108
22 110
22 113
22 116
22 123
22 126
23 30
23 52
23 69
23 73
23 86
23 93
23 94
23 100
23 120
24 36
24 40
24 43
24 47
24 51
24 53
24 55
24 60
24 64
24 72
24 81
24 86
24 104
24 114
25 26
25 33
25 43
25 45
25 58
25 60
25 68
25 80
25 81
25 90
25 95
25 98
25 115
25 122
26 39
26 45
26 54
26 55
26 60
26 78
26 83
26 85
26 105
26 107
26 108
26 113
26 120
27 30
27 39
27 50
27 65
27 70
27 71
27 93
27 110
27 113
27 122
28 29
28 49
28 56
28 66
28 69
28 77
28 79
28 80
28 91
28 96
28 108
28 115
28 125
29 38
29 43
29 44
29 52
29 71
29 82
29 88
29 94
29 101
29 102
29 108
29 115
29 124
29 126
30 46
30 56
30 68
30 73
30 75
30 87
30 91
30 94
30 102
30 106
30 113
30 118
30 121
30 125
31 34
31 36
31 38
31 52
31 65
31 66
31 81
31 87
31 93
31 99
31 105
31 110
31 116
31 122
31 127
32 51
32 72
32 80
32 85
32 92
32 93
32 96
32 101
32 118
32 123
32 128
33 49
33 67
33 68
33 69
33 75
33 77
33 81
33 90
33 94
33 99
33 113
33 121
34 47
34 48
34 51
34 63
34 68
34 84
34 87
34 92
34 94
34 100
34 111
34 112
34 117
35 65
35 66
35 68
35 70
35 72
35 74
35 84
35 86
35 88
35 93
35 96
35 102
35 109
35 115
35 120
36 45
36 46
36 53
36 62
36 66
36 74
36 76
36 79
36 95
36 97
36 98
36 103
36 107
36 114
36 115
36 117
36 118
36 125
36 127
37 42
37 43
37 47
37 57
37 58
37 59
37 62
37 64
37 67
37 75
37 81
37 83
37 96
37 101
37 102
37 109
37 114
38 78
38 84
38 91
38 96
38 97
38 108
38 110
38 114
38 122
39 44
39 49
39 51
39 62
39 64
39 76
39 78
39 86
39 87
39 102
39 115
39 116
39 119
39 121
39 126
40 48
40 49
40 55
40 61
40 65
40 67
40 68
40 72
40 87
40 89
40 93
40 95
40 99
40 101
40 113
40 116
40 117
40 122
40 127
41 58
41 61
41 91
41 99
42 49
42 55
42 60
42 62
42 67
42 73
42 86
42 89
42 102
42 110
42 114
42 122
42 124
42 127
43 44
43 50
43 61
43 62
43 73
43 75
43 83
43 92
43 104
43 111
43 119
43 121
44 53
44 64
44 79
44 83
44 87
44 90
44 95
44 108
44 114
44 116
44 128
45 47
45 65
45 66
45 71
45 75
45 78
45 113
45 114
45 117
45 123
45 127
46 56
46 59
46 60
46 65
46 67
46 81
46 84
46 92
46 95
46 102
46 108
46 112
46 113
46 117
46 126
46 128
47 49
47 62
47 67
47 71
47 74
47 76
47 81
47 87
47 93
47 95
47 111
48 50
48 51
48 53
48 56
48 63
48 76
48 81
48 87
48 111
48 112
48 113
48 121
48 123
49 53
49 55
49 56
49 59
49 61
49 63
49 75
49 88
49 92
49 97
49 117
49 118
50 54
50 60
50 66
50 77
50 85
50 101
50 103
50 121
50 124
51 53
51 54
51 68
51 71
51 73
51 74
51 94
51 95
51 96
51 112
51 122
51 125
52 55
52 58
52 62
52 68
52 76
52 85
52 91
52 96
52 98
52 109
52 110
52 112
52 122
52 125
53 67
53 70
53 76
53 77
53 78
53 90
53 97
53 103
53 106
53 121
53 122
53 126
53 128
54 60
54 64
54 76
54 84
54 89
54 93
54 97
54 98
54 103
54 115
54 116
54 120
54 121
54 122
55 62
55 70
55 86
55 104
55 118
55 125
56 73
56 78
56 85
56 92
56 99
56 102
56 103
56 113
56 121
57 61
57 70
57 82
57 89
57 90
57 92
57 95
57 99
57 110
57 112
57 113
57 116
57 123
57 124
58 70
58 72
58 74
58 75
58 83
58 84
58 90
58 95
58 100
58 104
58 114
58 116
58 117
58 128
59 65
59 69
59 83
59 84
59 86
59 99
59 102
59 108
59 115
59 120
59 122
60 61
60 66
60 77
60 82
60 86
60 96
60 101
60 104
60 114
60 117
60 123
61 65
61 77
61 81
61 89
61 94
61 97
61 99
61 107
61 113
61 116
61 121
62 72
62 74
62 80
62 89
62 91
62 102
62 113
62 116
63 64
63 65
63 71
63 72
63 78
63 79
63 90
63 94
63 98
63 105
63 113
63 121
63 122
63 128
64 66
64 74
64 76
64 78
64 82
64 85
64 88
64 99
64 104
64 107
64 114
64 123
65 72
65 73
65 76
65 83
65 91
65 97
65 99
65 100
65 102
65 104
65 112
65 124
65 127
66 68
66 74
66 78
66 83
66 85
66 87
66 94
66 96
66 100
66 101
66 102
66 103
66 105
66 111
66 113
66 118
66 126
67 68
67 70
67 77
67 80
67 87
67 89
67 90
67 91
67 108
67 111
67 123
68 89
68 98
68 99
68 107
68 121
68 125
68 127
69 72
69 74
69 82
69 94
69 97
69 98
69 116
70 83
70 84
70 85
70 86
70 97
70 102
70 113
70 120
70 124
71 74
71 82
71 85
71 97
71 107
71 108
71 111
72 77
72 87
72 88
72 91
72 103
72 107
72 113
72 114
72 120
72 121
72 125
72 126
72 128
73 82
73 98
73 100
73 105
74 76
74 90
74 102
74 107
74 122
74 127
75 76
75 79
75 84
75 92
75 101
75 107
75 116
75 119
75 123
75 124
76 79
76 89
76 99
76 100
76 106
76 115
76 127
77 80
77 83
77 101
77 113
78 91
78 95
78 96
78 106
78 109
78 111
78 117
78 120
78 124
79 89
79 96
79 99
79 103
79 111
79 113
79 114
79 121
80 86
80 102
80 106
81 87
81 102
81 108
81 120
81 121
81 125
81 127
82 83
82 86
82 87
82 97
82 101
82 107
82 108
82 114
82 117
82 119
82 120
82 122
83 88
83 98
83 105
83 113
83 119
83 122
83 127
83 128
84 111
84 112
84 120
84 124
85 87
85 88
85 92
85 115
85 121
85 124
85 128
86 91
86 102
86 104
86 105
86 110
86 112
87 90
87 93
87 94
87 105
87 112
87 114
87 117
87 123
88 95
88 98
88 107
88 111
88 112
88 114
88 117
88 121
88 126
89 97
89 107
89 111
89 113
89 116
89 120
89 124
90 98
90 102
90 113
90 114
91 109
91 119
91 124
91 125
92 94
92 96
92 112
92 128
93 103
93 114
93 117
93 120
93 126
94 105
94 107
94 121
95 105
95 116
95 119
95 125
96 122
96 124
96 127
97 106
97 118
97 120
97 121
98 103
98 106
98 108
98 112
98 116
99 106
99 112
99 121
99 127
100 104
100 106
100 119
100 120
100 123
101 109
101 111
101 128
102 103
102 110
102 113
102 124
103 113
103 126
104 115
104 120
104 125
105 111
105 113
105 115
105 117
105 119
105 120
106 128
107 111
107 116
107 117
107 127
107 128
108 115
109 122
109 127
110 111
110 118
111 125
111 127
111 128
112 119
112 123
112 127
113 123
113 126
115 118
116 117
116 121
117 119
117 127
118 122
118 124
119 120
120 125
121 123
121 125
126 128
