128 2000
1
2
3
4
5
6
7
8
9
10
11
12
13
14
15
16
17
18
19
20
21
22
23
24
25
26
27
28
29
30
31
32
33
34
35
36
37
38
39
40
41
42
43
44
45
46
47
48
49
50
51
52
53
54
55
56
57
58
59
60
61
62
63
64
65
66
67
68
69
70
71
72
73
74
75
76
77
78
79
80
81
82
83
84
85
86
87
88
89
90
91
92
93
94
95
96
97
98
99
100
101
102
103
104
105
106
107
108
109
110
111
112
113
114
115
116
117
118
119
120
121
122
123
124
125
126
127
128
1 2 
1 6 
1 7 
1 9 
1 12 
1 14 
1 16 
1 21 
1 22 
1 23 
1 26 
1 30 
1 31 
1 33 
1 34 
1 37 
1 43 
1 46 
1 55 
1 56 
1 59 
1 62 
1 66 
1 71 
1 76 
1 78 
1 81 
1 85 
1 86 
1 90 
1 99 
1 103 
1 107 
1 108 
1 112 
1 119 
1 120 
1 123 
1 126 
1 128 
2 7 
2 9 
2 12 
2 13 
2 19 
2 21 
2 25 
2 27 
2 35 
2 36 
2 37 
2 39 
2 41 
2 43 
2 46 
2 53 
2 58 
2 61 
2 68 
2 69 
2 75 
2 78 
2 80 
2 85 
2 91 
2 92 
2 93 
2 98 
2 102 
2 107 
2 108 
2 114 
2 119 
2 122 
3 7 
3 9 
3 10 
3 12 
3 13 
3 16 
3 20 
3 22 
3 23 
3 34 
3 46 
3 47 
3 48 
3 49 
3 50 
3 55 
3 58 
3 67 
3 68 
3 69 
3 70 
3 72 
3 74 
3 75 
3 77 
3 78 
3 82 
3 85 
3 87 
3 91 
3 92 
3 93 
3 94 
3 96 
3 104 
3 106 
3 109 
3 110 
3 112 
3 117 
3 118 
3 120 
3 121 
3 127 
4 13 
4 25 
4 31 
4 34 
4 48 
4 49 
4 54 
4 56 
4 63 
4 65 
4 66 
4 73 
4 74 
4 75 
4 87 
4 88 
4 91 
4 93 
4 105 
4 110 
4 115 
4 117 
4 121 
5 6 
5 12 
5 13 
5 16 
5 17 
5 51 
5 53 
5 55 
5 59 
5 71 
5 73 
5 75 
5 80 
5 84 
5 86 
5 87 
5 100 
5 101 
5 104 
5 109 
5 110 
5 113 
5 114 
5 123 
5 126 
6 10 
6 33 
6 40 
6 46 
6 48 
6 49 
6 54 
6 60 
6 67 
6 69 
6 72 
6 76 
6 78 
6 84 
6 89 
6 92 
6 93 
6 94 
6 109 
6 118 
6 122 
6 127 
7 16 
7 19 
7 22 
7 25 
7 27 
7 28 
7 30 
7 34 
7 35 
7 39 
7 40 
7 45 
7 47 
7 49 
7 50 
7 63 
7 68 
7 70 
7 72 
7 79 
7 91 
7 97 
7 98 
7 105 
7 106 
7 109 
7 112 
7 113 
7 115 
7 127 
8 9 
8 15 
8 19 
8 22 
8 23 
8 24 
8 28 
8 31 
8 32 
8 38 
8 39 
8 42 
8 47 
8 49 
8 53 
8 59 
8 63 
8 71 
8 75 
8 82 
8 88 
8 89 
8 91 
8 92 
8 93 
8 94 
8 96 
8 99 
8 107 
8 115 
8 125 
9 13 
9 16 
9 17 
9 18 
9 29 
9 30 
9 43 
9 49 
9 50 
9 54 
9 56 
9 62 
9 65 
9 66 
9 67 
9 78 
9 81 
9 83 
9 88 
9 89 
9 95 
9 98 
9 101 
9 114 
9 116 
9 119 
9 122 
9 123 
9 125 
10 11 
10 14 
10 19 
10 24 
10 26 
10 29 
10 30 
10 32 
10 35 
10 36 
10 49 
10 53 
10 57 
10 58 
10 63 
10 68 
10 69 
10 70 
10 74 
10 78 
10 83 
10 84 
10 86 
10 90 
10 92 
10 101 
10 108 
10 110 
10 111 
10 118 
10 123 
11 19 
11 20 
11 25 
11 30 
11 31 
11 32 
11 33 
11 48 
11 50 
11 51 
11 53 
11 58 
11 61 
11 76 
11 82 
11 84 
11 89 
11 90 
11 95 
11 99 
11 102 
11 103 
11 111 
11 115 
11 120 
11 126 
12 18 
12 22 
12 23 
12 24 
12 31 
12 45 
12 46 
12 50 
12 54 
12 68 
12 69 
12 71 
12 74 
12 76 
12 79 
12 80 
12 83 
12 86 
12 87 
12 89 
12 97 
12 99 
12 101 
12 102 
12 106 
12 108 
12 111 
12 113 
12 115 
12 118 
13 16 
13 21 
13 33 
13 34 
13 37 
13 38 
13 41 
13 48 
13 51 
13 53 
13 63 
13 65 
13 67 
13 73 
13 74 
13 75 
13 78 
13 85 
13 88 
13 97 
13 98 
13 99 
13 125 
13 127 
13 128 
14 28 
14 31 
14 33 
14 34 
14 37 
14 42 
14 46 
14 50 
14 72 
14 77 
14 79 
14 84 
14 88 
14 102 
14 104 
14 106 
14 107 
14 112 
14 114 
14 120 
14 123 
14 124 
14 125 
15 16 
15 23 
15 24 
15 25 
15 26 
15 27 
15 30 
15 31 
15 35 
15 40 
15 46 
15 50 
15 52 
15 60 
15 64 
15 65 
15 66 
15 68 
15 77 
15 80 
15 81 
15 87 
15 92 
15 96 
15 97 
15 103 
15 105 
15 110 
15 111 
15 113 
15 120 
15 123 
15 126 
15 127 
16 18 
16 19 
16 29 
16 35 
16 37 
16 41 
16 45 
16 50 
16 53 
16 58 
16 59 
16 60 
16 70 
16 74 
16 76 
16 81 
16 89 
16 90 
16 91 
16 92 
16 93 
16 95 
16 98 
16 100 
16 108 
16 110 
16 113 
16 117 
16 118 
16 124 
16 125 
16 126 
16 127 
17 21 
17 22 
17 26 
17 27 
17 32 
17 36 
17 42 
17 48 
17 49 
17 52 
17 53 
17 55 
17 60 
17 67 
17 77 
17 79 
17 83 
17 92 
17 94 
17 97 
17 108 
17 109 
17 115 
17 118 
17 119 
17 122 
17 124 
17 127 
18 20 
18 24 
18 25 
18 26 
18 29 
18 32 
18 36 
18 39 
18 45 
18 49 
18 50 
18 51 
18 56 
18 60 
18 61 
18 66 
18 69 
18 70 
18 71 
18 74 
18 77 
18 81 
18 89 
18 92 
18 97 
18 102 
18 104 
18 110 
18 115 
18 117 
18 118 
18 121 
18 125 
18 127 
18 128 
19 21 
19 28 
19 33 
19 35 
19 36 
19 39 
19 40 
19 44 
19 51 
19 55 
19 58 
19 59 
19 60 
19 65 
19 66 
19 71 
19 73 
19 77 
19 83 
19 85 
19 86 
19 92 
19 95 
19 96 
19 98 
19 107 
19 110 
19 118 
19 123 
19 125 
19 128 
20 34 
20 35 
20 36 
20 37 
20 42 
20 44 
20 47 
20 53 
20 55 
20 59 
20 61 
20 63 
20 73 
20 75 
20 83 
20 84 
20 86 
20 88 
20 90 
20 93 
20 95 
20 101 
20 104 
20 111 
20 116 
20 121 
20 124 
20 126 
21 26 
21 31 
21 37 
21 40 
21 41 
21 50 
21 55 
21 56 
21 57 
21 59 
21 64 
21 68 
21 71 
21 72 
21 73 
21 74 
21 78 
21 87 
21 98 
21 100 
21 107 
21 109 
21 111 
21 112 
21 120 
21 123 
21 126 
21 128 
22 24 
22 26 
22 30 
22 32 
22 35 
22 39 
22 40 
22 52 
22 57 
22 67 
22 72 
22 78 
22 83 
22 85 
22 91 
22 94 
22 95 
22 100 
22 105 
22 113 
22 115 
22 126 
22 127 
23 27 
23 28 
23 29 
23 30 
23 32 
23 36 
23 37 
23 39 
23 47 
23 61 
23 85 
23 87 
23 94 
23 96 
23 101 
23 102 
23 110 
23 113 
23 116 
23 118 
23 124 
24 29 
24 30 
24 31 
24 32 
24 35 
24 42 
24 44 
24 55 
24 56 
24 58 
24 62 
24 65 
24 71 
24 73 
24 76 
24 82 
24 86 
24 89 
24 90 
24 96 
24 100 
24 102 
24 104 
24 109 
24 113 
24 120 
24 127 
25 26 
25 32 
25 35 
25 38 
25 40 
25 42 
25 44 
25 58 
25 63 
25 66 
25 70 
25 79 
25 81 
25 87 
25 90 
25 93 
25 100 
25 104 
25 118 
26 27 
26 30 
26 32 
26 58 
26 61 
26 66 
26 68 
26 80 
26 83 
26 86 
26 89 
26 90 
26 91 
26 94 
26 96 
26 103 
26 107 
26 111 
26 114 
26 116 
26 128 
27 32 
27 36 
27 37 
27 42 
27 43 
27 50 
27 51 
27 52 
27 55 
27 57 
27 58 
27 62 
27 63 
27 64 
27 66 
27 75 
27 78 
27 85 
27 92 
27 95 
27 99 
27 100 
27 101 
27 102 
27 103 
27 105 
27 107 
27 109 
27 111 
27 112 
28 38 
28 39 
28 44 
28 46 
28 51 
28 54 
28 67 
28 76 
28 79 
28 82 
28 83 
28 88 
28 90 
28 92 
28 94 
28 100 
28 101 
28 121 
29 31 
29 40 
29 41 
29 47 
29 53 
29 61 
29 63 
29 64 
29 67 
29 68 
29 74 
29 91 
29 94 
29 98 
29 100 
29 108 
29 109 
29 118 
29 127 
30 43 
30 49 
30 51 
30 64 
30 66 
30 67 
30 68 
30 69 
30 79 
30 80 
30 81 
30 91 
30 95 
30 96 
30 98 
30 103 
30 105 
30 106 
30 108 
30 112 
30 113 
30 117 
30 122 
30 127 
31 44 
31 47 
31 50 
31 51 
31 53 
31 54 
31 55 
31 56 
31 58 
31 66 
31 68 
31 70 
31 73 
31 74 
31 79 
31 80 
31 89 
31 92 
31 95 
31 96 
31 112 
31 122 
31 124 
31 127 
32 34 
32 46 
32 48 
32 49 
32 52 
32 53 
32 57 
32 60 
32 64 
32 66 
32 81 
32 87 
32 91 
32 92 
32 94 
32 99 
32 100 
32 101 
32 104 
32 108 
32 111 
32 112 
32 117 
32 119 
33 34 
33 40 
33 48 
33 49 
33 62 
33 63 
33 67 
33 70 
33 78 
33 83 
33 98 
33 100 
33 116 
33 123 
33 125 
33 128 
34 35 
34 36 
34 37 
34 40 
34 43 
34 50 
34 56 
34 57 
34 59 
34 61 
34 62 
34 70 
34 73 
34 81 
34 83 
34 84 
34 90 
34 95 
34 97 
34 98 
34 105 
34 106 
34 108 
34 114 
34 121 
34 123 
34 124 
34 127 
35 36 
35 39 
35 43 
35 51 
35 58 
35 59 
35 68 
35 76 
35 87 
35 91 
35 92 
35 95 
35 98 
35 100 
35 102 
35 106 
35 109 
35 115 
35 119 
35 123 
35 124 
35 127 
36 43 
36 49 
36 50 
36 61 
36 65 
36 77 
36 81 
36 84 
36 90 
36 96 
36 102 
36 109 
36 115 
36 122 
36 123 
36 126 
36 127 
37 41 
37 51 
37 53 
37 55 
37 56 
37 61 
37 71 
37 87 
37 95 
37 98 
37 101 
37 108 
37 109 
37 110 
37 119 
37 120 
37 121 
37 124 
37 125 
37 127 
38 44 
38 49 
38 52 
38 54 
38 56 
38 64 
38 66 
38 67 
38 71 
38 72 
38 81 
38 85 
38 87 
38 91 
38 93 
38 94 
38 98 
38 102 
38 107 
38 108 
38 109 
38 111 
38 112 
38 113 
38 115 
38 116 
38 118 
38 124 
38 128 
39 40 
39 43 
39 55 
39 56 
39 64 
39 65 
39 68 
39 72 
39 74 
39 81 
39 82 
39 85 
39 86 
39 88 
39 89 
39 90 
39 92 
39 93 
39 95 
39 103 
39 104 
39 105 
39 109 
39 116 
39 118 
39 119 
39 121 
40 45 
40 46 
40 48 
40 50 
40 51 
40 56 
40 57 
40 64 
40 79 
40 81 
40 82 
40 88 
40 89 
40 90 
40 92 
40 101 
40 102 
40 107 
40 108 
40 111 
40 113 
40 117 
40 118 
40 122 
40 124 
41 46 
41 48 
41 49 
41 50 
41 51 
41 61 
41 66 
41 77 
41 80 
41 85 
41 86 
41 87 
41 88 
41 89 
41 92 
41 95 
41 99 
41 100 
41 101 
41 102 
41 104 
41 107 
41 108 
41 117 
41 120 
41 121 
41 125 
42 49 
42 50 
42 53 
42 55 
42 56 
42 60 
42 64 
42 68 
42 69 
42 71 
42 72 
42 79 
42 83 
42 84 
42 87 
42 90 
42 93 
42 97 
42 105 
42 109 
42 111 
42 113 
42 119 
43 44 
43 48 
43 49 
43 50 
43 54 
43 56 
43 58 
43 60 
43 63 
43 65 
43 68 
43 69 
43 70 
43 72 
43 73 
43 78 
43 79 
43 83 
43 91 
43 95 
43 96 
43 101 
43 102 
43 103 
43 109 
43 110 
43 116 
43 118 
44 46 
44 50 
44 59 
44 61 
44 64 
44 65 
44 67 
44 72 
44 78 
44 81 
44 87 
44 98 
44 106 
44 117 
44 127 
44 128 
45 50 
45 52 
45 53 
45 61 
45 65 
45 76 
45 77 
45 85 
45 89 
45 90 
45 94 
45 95 
45 103 
45 108 
45 113 
45 117 
45 119 
45 122 
45 127 
45 128 
46 55 
46 57 
46 58 
46 63 
46 64 
46 65 
46 66 
46 69 
46 70 
46 77 
46 80 
46 88 
46 89 
46 95 
46 98 
46 102 
46 103 
46 104 
46 106 
46 111 
46 115 
46 118 
46 123 
46 126 
47 48 
47 49 
47 52 
47 56 
47 63 
47 65 
47 66 
47 76 
47 77 
47 81 
47 82 
47 83 
47 90 
47 92 
47 107 
47 108 
47 112 
47 118 
47 127 
48 54 
48 55 
48 58 
48 61 
48 62 
48 75 
48 78 
48 80 
48 82 
48 86 
48 87 
48 94 
48 96 
48 97 
48 105 
48 107 
48 116 
48 121 
48 127 
49 53 
49 55 
49 56 
49 57 
49 63 
49 69 
49 77 
49 81 
49 87 
49 88 
49 90 
49 92 
49 98 
49 100 
49 103 
49 108 
49 109 
49 111 
49 116 
49 117 
49 121 
49 126 
50 53 
50 57 
50 60 
50 67 
50 68 
50 70 
50 76 
50 78 
50 79 
50 83 
50 84 
50 95 
50 99 
50 101 
50 109 
50 110 
50 121 
50 122 
50 123 
50 124 
51 52 
51 63 
51 69 
51 70 
51 77 
51 81 
51 84 
51 85 
51 86 
51 100 
51 105 
51 113 
51 118 
51 126 
51 127 
52 56 
52 57 
52 60 
52 64 
52 74 
52 75 
52 80 
52 81 
52 90 
52 98 
52 99 
52 104 
52 107 
52 109 
52 110 
52 111 
52 112 
52 115 
52 118 
53 58 
53 60 
53 65 
53 73 
53 77 
53 94 
53 110 
53 111 
53 114 
53 116 
53 118 
53 119 
53 120 
53 128 
54 55 
54 58 
54 62 
54 64 
54 65 
54 82 
54 93 
54 98 
54 99 
54 104 
54 108 
54 112 
54 123 
54 125 
54 126 
55 57 
55 64 
55 67 
55 68 
55 70 
55 72 
55 73 
55 88 
55 100 
55 107 
55 109 
55 111 
55 112 
55 115 
55 118 
55 120 
56 58 
56 63 
56 64 
56 71 
56 76 
56 78 
56 80 
56 88 
56 90 
56 93 
56 96 
56 100 
56 108 
56 109 
56 114 
56 128 
57 58 
57 59 
57 60 
57 63 
57 64 
57 69 
57 71 
57 73 
57 76 
57 83 
57 89 
57 102 
57 103 
57 104 
57 105 
57 114 
57 117 
57 125 
58 63 
58 64 
58 65 
58 69 
58 73 
58 74 
58 77 
58 78 
58 79 
58 82 
58 88 
58 92 
58 93 
58 104 
58 108 
58 112 
58 114 
58 118 
58 120 
58 124 
59 60 
59 63 
59 65 
59 68 
59 71 
59 72 
59 73 
59 82 
59 88 
59 89 
59 90 
59 93 
59 96 
59 98 
59 99 
59 102 
59 105 
59 113 
59 115 
59 116 
59 118 
59 122 
59 124 
59 126 
60 74 
60 76 
60 79 
60 81 
60 82 
60 89 
60 110 
60 112 
60 115 
60 120 
60 121 
60 122 
60 125 
60 126 
60 128 
61 67 
61 72 
61 77 
61 85 
61 87 
61 89 
61 90 
61 93 
61 95 
61 99 
61 101 
61 104 
61 106 
61 111 
61 112 
61 116 
61 122 
61 125 
62 66 
62 68 
62 73 
62 74 
62 75 
62 80 
62 83 
62 87 
62 89 
62 95 
62 103 
62 104 
62 106 
62 108 
62 113 
62 117 
62 124 
62 125 
62 126 
63 69 
63 71 
63 73 
63 77 
63 78 
63 82 
63 84 
63 86 
63 91 
63 92 
63 95 
63 98 
63 102 
63 107 
63 110 
63 119 
63 125 
63 126 
63 127 
64 70 
64 75 
64 78 
64 79 
64 94 
64 121 
65 70 
65 74 
65 75 
65 80 
65 82 
65 84 
65 93 
65 94 
65 101 
65 105 
65 106 
65 109 
65 113 
65 119 
66 68 
66 70 
66 71 
66 74 
66 77 
66 80 
66 83 
66 85 
66 86 
66 87 
66 98 
66 99 
66 108 
66 110 
66 113 
66 119 
66 121 
66 126 
66 127 
67 69 
67 77 
67 79 
67 83 
67 84 
67 87 
67 90 
67 94 
67 102 
67 110 
67 113 
67 120 
67 121 
67 125 
67 128 
68 73 
68 78 
68 84 
68 86 
68 96 
68 98 
68 104 
68 105 
68 108 
68 109 
68 114 
68 117 
68 121 
68 124 
68 126 
69 72 
69 73 
69 79 
69 82 
69 85 
69 88 
69 89 
69 96 
69 111 
69 115 
69 117 
69 125 
70 71 
70 72 
70 78 
70 81 
70 86 
70 88 
70 98 
70 113 
70 114 
70 121 
70 125 
71 73 
71 75 
71 77 
71 83 
71 85 
71 95 
71 97 
71 99 
71 100 
71 101 
71 104 
71 112 
71 114 
71 124 
71 128 
72 74 
72 76 
72 86 
72 94 
72 95 
72 98 
72 100 
72 105 
72 108 
72 112 
72 116 
72 118 
72 119 
72 123 
73 78 
73 79 
73 83 
73 86 
73 87 
73 88 
73 92 
73 94 
73 99 
73 105 
73 106 
73 107 
73 109 
73 119 
73 128 
74 75 
74 76 
74 84 
74 89 
74 92 
74 94 
74 96 
74 102 
74 105 
74 107 
74 110 
74 115 
74 121 
74 124 
74 125 
74 127 
74 128 
75 77 
75 78 
75 80 
75 83 
75 85 
75 94 
75 99 
75 101 
75 106 
75 110 
75 114 
75 120 
75 122 
75 126 
76 78 
76 81 
76 85 
76 86 
76 87 
76 88 
76 94 
76 97 
76 114 
76 116 
76 119 
76 125 
76 126 
77 81 
77 85 
77 93 
77 95 
77 110 
77 118 
77 124 
77 126 
78 81 
78 85 
78 86 
78 90 
78 92 
78 94 
78 99 
78 105 
78 116 
78 117 
78 118 
78 120 
78 126 
78 127 
79 87 
79 92 
79 96 
79 103 
79 118 
79 127 
79 128 
80 82 
80 89 
80 90 
80 96 
80 97 
80 98 
80 106 
80 112 
80 116 
80 120 
80 121 
80 126 
80 127 
81 83 
81 85 
81 96 
81 98 
81 100 
81 102 
81 105 
81 116 
81 118 
81 124 
81 128 
82 89 
82 93 
82 101 
82 117 
82 124 
82 126 
83 84 
83 86 
83 90 
83 93 
83 96 
83 100 
83 105 
83 114 
83 119 
83 121 
83 124 
84 95 
84 97 
84 102 
84 109 
84 113 
84 115 
84 125 
85 87 
85 95 
85 101 
85 110 
85 117 
85 118 
85 119 
85 121 
86 87 
86 90 
86 102 
86 104 
86 108 
86 117 
86 119 
86 127 
86 128 
87 101 
87 103 
87 110 
87 111 
87 113 
87 114 
87 123 
87 127 
87 128 
88 89 
88 90 
88 92 
88 102 
88 107 
88 109 
88 114 
88 115 
88 119 
88 120 
89 91 
89 94 
89 99 
89 108 
89 109 
89 110 
89 111 
89 112 
89 115 
89 119 
89 121 
89 123 
89 124 
90 93 
90 94 
90 99 
90 111 
90 115 
90 116 
90 118 
90 121 
90 124 
91 92 
91 93 
91 94 
91 96 
91 107 
91 110 
91 113 
91 118 
91 121 
91 127 
92 98 
92 114 
92 124 
93 96 
93 98 
93 100 
93 108 
93 112 
93 115 
93 116 
93 118 
93 121 
93 124 
94 97 
94 99 
94 105 
94 116 
94 117 
94 118 
94 119 
94 121 
94 122 
94 124 
94 125 
94 127 
95 104 
95 107 
95 108 
95 109 
95 117 
95 118 
95 121 
96 97 
96 98 
96 103 
96 110 
96 111 
96 113 
96 115 
96 116 
96 118 
96 119 
96 128 
97 101 
97 103 
97 104 
97 109 
97 112 
97 116 
97 117 
97 124 
98 100 
98 104 
98 105 
98 112 
98 118 
98 124 
98 126 
98 127 
99 105 
99 106 
99 111 
99 119 
99 126 
100 104 
100 106 
100 108 
100 112 
100 114 
100 115 
100 121 
101 103 
101 106 
101 108 
101 109 
101 119 
101 122 
101 123 
101 125 
102 105 
102 108 
102 109 
102 122 
102 128 
103 112 
103 115 
103 118 
103 122 
103 123 
103 124 
103 128 
104 107 
104 108 
104 113 
104 121 
104 123 
105 106 
105 113 
105 115 
105 117 
105 118 
105 123 
105 125 
106 107 
106 109 
106 114 
106 115 
106 117 
106 126 
106 128 
107 108 
107 112 
107 123 
107 124 
107 127 
108 120 
108 121 
108 124 
108 126 
108 127 
108 128 
109 112 
109 117 
110 113 
110 114 
110 116 
110 125 
110 126 
111 116 
111 118 
111 123 
111 124 
111 128 
112 115 
112 118 
112 120 
112 121 
113 114 
114 117 
114 128 
115 118 
115 119 
115 121 
115 125 
116 118 
116 120 
116 123 
116 124 
117 118 
117 119 
117 122 
117 123 
117 126 
118 120 
118 121 
119 125 
119 126 
120 123 
120 124 
121 122 
121 124 
121 126 
124 126 
125 126 
125 128 
