128 5153
1
2
3
4
5
6
7
8
9
10
11
12
13
14
15
16
17
18
19
20
21
22
23
24
25
26
27
28
29
30
31
32
33
34
35
36
37
38
39
40
41
42
43
44
45
46
47
48
49
50
51
52
53
54
55
56
57
58
59
60
61
62
63
64
65
66
67
68
69
70
71
72
73
74
75
76
77
78
79
80
81
82
83
84
85
86
87
88
89
90
91
92
93
94
95
96
97
98
99
100
101
102
103
104
105
106
107
108
109
110
111
112
113
114
115
116
117
118
119
120
121
122
123
124
125
126
127
128
1 2 
1 3 
1 5 
1 6 
1 7 
1 8 
1 10 
1 11 
1 13 
1 14 
1 17 
1 18 
1 23 
1 24 
1 25 
1 26 
1 27 
1 33 
1 35 
1 36 
1 37 
1 38 
1 39 
1 40 
1 41 
1 42 
1 44 
1 46 
1 48 
1 49 
1 50 
1 52 
1 53 
1 55 
1 57 
1 58 
1 59 
1 61 
1 62 
1 64 
1 69 
1 70 
1 71 
1 72 
1 73 
1 74 
1 77 
1 79 
1 80 
1 81 
1 82 
1 84 
1 86 
1 87 
1 88 
1 89 
1 92 
1 95 
1 98 
1 99 
1 100 
1 102 
1 103 
1 105 
1 106 
1 107 
1 109 
1 110 
1 112 
1 113 
1 114 
1 115 
1 116 
1 123 
1 127 
1 128 
2 3 
2 5 
2 9 
2 11 
2 12 
2 13 
2 14 
2 15 
2 17 
2 18 
2 19 
2 20 
2 21 
2 22 
2 23 
2 24 
2 25 
2 26 
2 27 
2 28 
2 29 
2 30 
2 33 
2 34 
2 36 
2 40 
2 41 
2 42 
2 43 
2 45 
2 46 
2 47 
2 48 
2 49 
2 51 
2 53 
2 54 
2 59 
2 60 
2 61 
2 64 
2 65 
2 70 
2 71 
2 76 
2 77 
2 80 
2 81 
2 82 
2 83 
2 84 
2 85 
2 89 
2 90 
2 93 
2 94 
2 96 
2 97 
2 99 
2 100 
2 101 
2 103 
2 106 
2 107 
2 110 
2 112 
2 113 
2 114 
2 115 
2 116 
2 121 
2 123 
2 125 
2 128 
3 5 
3 6 
3 7 
3 8 
3 9 
3 11 
3 12 
3 13 
3 15 
3 17 
3 18 
3 19 
3 21 
3 23 
3 25 
3 27 
3 28 
3 29 
3 30 
3 31 
3 33 
3 34 
3 36 
3 37 
3 39 
3 43 
3 44 
3 45 
3 46 
3 47 
3 49 
3 50 
3 51 
3 52 
3 53 
3 54 
3 55 
3 57 
3 60 
3 61 
3 62 
3 64 
3 66 
3 67 
3 68 
3 69 
3 72 
3 73 
3 74 
3 75 
3 77 
3 78 
3 80 
3 82 
3 83 
3 84 
3 85 
3 86 
3 88 
3 89 
3 90 
3 91 
3 94 
3 95 
3 96 
3 97 
3 99 
3 100 
3 105 
3 108 
3 109 
3 110 
3 112 
3 114 
3 115 
3 116 
3 117 
3 118 
3 120 
3 121 
3 123 
3 124 
3 125 
3 126 
3 127 
4 5 
4 6 
4 11 
4 13 
4 15 
4 16 
4 18 
4 19 
4 20 
4 24 
4 26 
4 28 
4 29 
4 30 
4 31 
4 33 
4 36 
4 37 
4 39 
4 40 
4 41 
4 42 
4 43 
4 44 
4 47 
4 48 
4 50 
4 53 
4 54 
4 55 
4 57 
4 58 
4 59 
4 60 
4 61 
4 62 
4 64 
4 65 
4 66 
4 67 
4 71 
4 72 
4 73 
4 74 
4 75 
4 76 
4 77 
4 79 
4 80 
4 81 
4 82 
4 84 
4 86 
4 87 
4 89 
4 90 
4 91 
4 92 
4 93 
4 96 
4 97 
4 99 
4 102 
4 103 
4 106 
4 107 
4 109 
4 110 
4 111 
4 112 
4 113 
4 114 
4 115 
4 116 
4 117 
4 119 
4 121 
4 122 
4 124 
4 125 
4 128 
5 7 
5 10 
5 12 
5 13 
5 14 
5 17 
5 18 
5 23 
5 24 
5 26 
5 28 
5 31 
5 32 
5 34 
5 38 
5 41 
5 42 
5 43 
5 44 
5 45 
5 46 
5 47 
5 48 
5 51 
5 52 
5 53 
5 54 
5 57 
5 59 
5 60 
5 63 
5 65 
5 66 
5 67 
5 68 
5 69 
5 71 
5 72 
5 75 
5 76 
5 77 
5 79 
5 80 
5 81 
5 82 
5 86 
5 88 
5 89 
5 90 
5 92 
5 95 
5 97 
5 98 
5 100 
5 101 
5 102 
5 103 
5 105 
5 106 
5 107 
5 108 
5 110 
5 111 
5 112 
5 115 
5 116 
5 117 
5 118 
5 120 
5 122 
5 123 
5 124 
5 126 
5 127 
5 128 
6 7 
6 9 
6 11 
6 12 
6 13 
6 15 
6 17 
6 18 
6 19 
6 20 
6 21 
6 22 
6 23 
6 26 
6 27 
6 28 
6 30 
6 31 
6 34 
6 35 
6 36 
6 38 
6 40 
6 41 
6 42 
6 43 
6 44 
6 45 
6 46 
6 47 
6 49 
6 50 
6 51 
6 53 
6 54 
6 55 
6 57 
6 58 
6 59 
6 60 
6 61 
6 62 
6 63 
6 64 
6 66 
6 67 
6 69 
6 70 
6 71 
6 74 
6 75 
6 76 
6 77 
6 79 
6 80 
6 81 
6 82 
6 83 
6 84 
6 85 
6 86 
6 87 
6 90 
6 91 
6 92 
6 94 
6 95 
6 100 
6 102 
6 103 
6 104 
6 105 
6 107 
6 108 
6 109 
6 111 
6 112 
6 113 
6 115 
6 117 
6 118 
6 119 
6 120 
6 121 
6 126 
6 127 
6 128 
7 8 
7 9 
7 11 
7 12 
7 13 
7 14 
7 16 
7 17 
7 20 
7 21 
7 22 
7 23 
7 24 
7 26 
7 27 
7 29 
7 30 
7 31 
7 33 
7 34 
7 35 
7 36 
7 37 
7 40 
7 41 
7 42 
7 44 
7 45 
7 46 
7 47 
7 48 
7 49 
7 52 
7 53 
7 55 
7 57 
7 58 
7 60 
7 61 
7 64 
7 65 
7 68 
7 70 
7 71 
7 72 
7 73 
7 74 
7 75 
7 77 
7 78 
7 79 
7 81 
7 83 
7 85 
7 89 
7 92 
7 93 
7 94 
7 95 
7 96 
7 97 
7 99 
7 100 
7 102 
7 103 
7 105 
7 107 
7 108 
7 109 
7 110 
7 113 
7 115 
7 117 
7 120 
7 123 
7 124 
7 126 
8 9 
8 10 
8 11 
8 12 
8 14 
8 17 
8 18 
8 22 
8 23 
8 24 
8 26 
8 27 
8 28 
8 29 
8 30 
8 32 
8 34 
8 35 
8 36 
8 37 
8 38 
8 39 
8 41 
8 43 
8 44 
8 48 
8 49 
8 51 
8 53 
8 56 
8 57 
8 58 
8 59 
8 60 
8 61 
8 62 
8 65 
8 66 
8 67 
8 68 
8 69 
8 70 
8 71 
8 72 
8 76 
8 78 
8 82 
8 85 
8 86 
8 87 
8 90 
8 91 
8 97 
8 98 
8 99 
8 101 
8 103 
8 104 
8 106 
8 107 
8 108 
8 111 
8 112 
8 113 
8 114 
8 115 
8 116 
8 122 
8 123 
8 125 
8 126 
8 127 
9 10 
9 11 
9 12 
9 13 
9 14 
9 15 
9 17 
9 19 
9 21 
9 24 
9 25 
9 26 
9 27 
9 29 
9 32 
9 33 
9 34 
9 35 
9 36 
9 37 
9 39 
9 41 
9 42 
9 43 
9 44 
9 45 
9 46 
9 47 
9 48 
9 50 
9 51 
9 54 
9 55 
9 56 
9 58 
9 61 
9 62 
9 63 
9 64 
9 65 
9 67 
9 68 
9 69 
9 73 
9 74 
9 78 
9 80 
9 82 
9 83 
9 86 
9 89 
9 91 
9 95 
9 96 
9 97 
9 103 
9 104 
9 105 
9 109 
9 111 
9 114 
9 115 
9 116 
9 118 
9 119 
9 120 
9 121 
9 122 
9 123 
9 125 
9 127 
10 13 
10 14 
10 15 
10 16 
10 17 
10 18 
10 19 
10 20 
10 21 
10 22 
10 23 
10 25 
10 27 
10 28 
10 29 
10 30 
10 32 
10 34 
10 35 
10 36 
10 39 
10 41 
10 42 
10 45 
10 49 
10 50 
10 53 
10 54 
10 56 
10 59 
10 61 
10 62 
10 63 
10 65 
10 67 
10 68 
10 69 
10 70 
10 71 
10 72 
10 73 
10 75 
10 77 
10 79 
10 80 
10 81 
10 83 
10 84 
10 85 
10 88 
10 89 
10 90 
10 91 
10 92 
10 93 
10 94 
10 96 
10 97 
10 98 
10 99 
10 100 
10 102 
10 103 
10 105 
10 106 
10 107 
10 108 
10 109 
10 112 
10 113 
10 114 
10 115 
10 117 
10 118 
10 119 
10 122 
10 123 
10 124 
10 125 
11 14 
11 17 
11 18 
11 20 
11 21 
11 23 
11 25 
11 26 
11 28 
11 29 
11 32 
11 33 
11 36 
11 38 
11 40 
11 42 
11 44 
11 45 
11 46 
11 48 
11 50 
11 52 
11 54 
11 55 
11 57 
11 58 
11 59 
11 60 
11 61 
11 62 
11 63 
11 64 
11 65 
11 66 
11 67 
11 70 
11 72 
11 73 
11 74 
11 75 
11 78 
11 79 
11 80 
11 81 
11 82 
11 84 
11 85 
11 86 
11 87 
11 89 
11 90 
11 91 
11 92 
11 95 
11 96 
11 98 
11 99 
11 105 
11 106 
11 108 
11 110 
11 111 
11 112 
11 113 
11 114 
11 115 
11 118 
11 119 
11 121 
11 122 
11 124 
11 125 
11 126 
11 127 
12 13 
12 14 
12 16 
12 17 
12 23 
12 26 
12 27 
12 28 
12 30 
12 31 
12 32 
12 33 
12 35 
12 36 
12 37 
12 39 
12 41 
12 42 
12 44 
12 45 
12 46 
12 47 
12 48 
12 49 
12 51 
12 52 
12 54 
12 55 
12 56 
12 57 
12 58 
12 59 
12 63 
12 64 
12 66 
12 67 
12 68 
12 77 
12 78 
12 79 
12 83 
12 84 
12 87 
12 89 
12 91 
12 92 
12 93 
12 95 
12 96 
12 99 
12 100 
12 101 
12 103 
12 104 
12 108 
12 109 
12 110 
12 111 
12 113 
12 115 
12 117 
12 120 
12 121 
12 123 
12 124 
12 126 
12 128 
13 14 
13 16 
13 18 
13 21 
13 22 
13 23 
13 24 
13 25 
13 26 
13 27 
13 28 
13 29 
13 30 
13 31 
13 32 
13 33 
13 34 
13 36 
13 37 
13 39 
13 40 
13 42 
13 44 
13 46 
13 48 
13 50 
13 51 
13 55 
13 56 
13 57 
13 58 
13 59 
13 60 
13 61 
13 63 
13 66 
13 67 
13 69 
13 70 
13 71 
13 72 
13 73 
13 76 
13 77 
13 78 
13 79 
13 80 
13 83 
13 84 
13 85 
13 86 
13 88 
13 89 
13 94 
13 95 
13 96 
13 97 
13 99 
13 100 
13 101 
13 103 
13 104 
13 105 
13 106 
13 107 
13 109 
13 110 
13 111 
13 112 
13 114 
13 116 
13 117 
13 118 
13 120 
13 122 
13 123 
13 124 
13 125 
13 128 
14 15 
14 18 
14 21 
14 22 
14 24 
14 25 
14 27 
14 30 
14 31 
14 33 
14 34 
14 35 
14 38 
14 39 
14 40 
14 42 
14 45 
14 46 
14 47 
14 48 
14 49 
14 51 
14 52 
14 53 
14 54 
14 55 
14 56 
14 58 
14 59 
14 60 
14 61 
14 62 
14 64 
14 65 
14 66 
14 71 
14 75 
14 76 
14 77 
14 78 
14 79 
14 80 
14 82 
14 83 
14 84 
14 86 
14 87 
14 89 
14 90 
14 91 
14 93 
14 96 
14 98 
14 100 
14 102 
14 104 
14 107 
14 108 
14 110 
14 111 
14 112 
14 114 
14 115 
14 117 
14 118 
14 119 
14 123 
14 126 
14 127 
14 128 
15 16 
15 20 
15 21 
15 23 
15 24 
15 30 
15 31 
15 32 
15 33 
15 34 
15 36 
15 37 
15 38 
15 40 
15 42 
15 44 
15 46 
15 47 
15 48 
15 55 
15 56 
15 58 
15 59 
15 60 
15 61 
15 62 
15 63 
15 64 
15 66 
15 72 
15 78 
15 80 
15 81 
15 82 
15 83 
15 84 
15 87 
15 88 
15 93 
15 94 
15 96 
15 98 
15 101 
15 102 
15 103 
15 104 
15 109 
15 115 
15 116 
15 118 
15 119 
15 121 
15 122 
15 123 
15 124 
15 126 
15 127 
15 128 
16 21 
16 28 
16 31 
16 34 
16 35 
16 36 
16 38 
16 39 
16 42 
16 44 
16 45 
16 46 
16 48 
16 49 
16 54 
16 55 
16 56 
16 59 
16 60 
16 61 
16 63 
16 65 
16 66 
16 67 
16 68 
16 69 
16 72 
16 74 
16 77 
16 78 
16 81 
16 83 
16 87 
16 88 
16 90 
16 91 
16 92 
16 93 
16 94 
16 97 
16 98 
16 100 
16 101 
16 102 
16 103 
16 104 
16 106 
16 107 
16 108 
16 109 
16 110 
16 111 
16 112 
16 113 
16 115 
16 116 
16 120 
16 123 
16 126 
16 128 
17 20 
17 21 
17 23 
17 25 
17 27 
17 31 
17 32 
17 34 
17 35 
17 36 
17 38 
17 39 
17 40 
17 41 
17 42 
17 46 
17 47 
17 48 
17 50 
17 52 
17 54 
17 60 
17 61 
17 62 
17 63 
17 64 
17 65 
17 66 
17 67 
17 71 
17 72 
17 73 
17 74 
17 75 
17 76 
17 77 
17 78 
17 79 
17 80 
17 81 
17 82 
17 84 
17 87 
17 89 
17 90 
17 91 
17 92 
17 93 
17 94 
17 95 
17 96 
17 98 
17 99 
17 100 
17 102 
17 103 
17 104 
17 106 
17 107 
17 108 
17 109 
17 110 
17 111 
17 112 
17 113 
17 115 
17 117 
17 118 
17 120 
17 122 
17 123 
17 125 
17 127 
17 128 
18 20 
18 21 
18 22 
18 24 
18 32 
18 33 
18 36 
18 37 
18 39 
18 40 
18 45 
18 47 
18 48 
18 50 
18 54 
18 55 
18 56 
18 60 
18 61 
18 62 
18 63 
18 64 
18 65 
18 66 
18 67 
18 70 
18 71 
18 74 
18 75 
18 77 
18 80 
18 82 
18 84 
18 85 
18 86 
18 87 
18 88 
18 90 
18 91 
18 92 
18 95 
18 98 
18 100 
18 101 
18 102 
18 103 
18 106 
18 107 
18 108 
18 109 
18 110 
18 111 
18 113 
18 114 
18 115 
18 118 
18 119 
18 120 
18 124 
18 125 
18 126 
18 127 
18 128 
19 20 
19 22 
19 24 
19 25 
19 26 
19 28 
19 30 
19 31 
19 35 
19 36 
19 38 
19 39 
19 40 
19 42 
19 44 
19 49 
19 50 
19 51 
19 53 
19 54 
19 56 
19 57 
19 58 
19 61 
19 62 
19 63 
19 66 
19 67 
19 68 
19 69 
19 70 
19 71 
19 73 
19 74 
19 75 
19 76 
19 77 
19 78 
19 81 
19 82 
19 83 
19 85 
19 86 
19 88 
19 91 
19 94 
19 95 
19 98 
19 100 
19 102 
19 106 
19 108 
19 110 
19 113 
19 114 
19 115 
19 116 
19 117 
19 119 
19 120 
19 121 
19 122 
19 124 
19 125 
19 127 
20 21 
20 25 
20 26 
20 28 
20 32 
20 33 
20 37 
20 38 
20 39 
20 40 
20 41 
20 42 
20 43 
20 44 
20 45 
20 46 
20 48 
20 51 
20 53 
20 54 
20 55 
20 56 
20 57 
20 59 
20 60 
20 61 
20 63 
20 64 
20 66 
20 67 
20 68 
20 70 
20 71 
20 73 
20 74 
20 77 
20 78 
20 80 
20 81 
20 84 
20 85 
20 86 
20 88 
20 90 
20 92 
20 93 
20 94 
20 95 
20 96 
20 97 
20 98 
20 100 
20 101 
20 102 
20 103 
20 104 
20 105 
20 106 
20 107 
20 108 
20 110 
20 111 
20 112 
20 113 
20 114 
20 118 
20 120 
20 122 
20 123 
20 126 
20 127 
21 22 
21 23 
21 24 
21 25 
21 26 
21 35 
21 37 
21 39 
21 40 
21 41 
21 42 
21 43 
21 44 
21 50 
21 51 
21 52 
21 54 
21 55 
21 57 
21 58 
21 60 
21 61 
21 62 
21 63 
21 64 
21 65 
21 66 
21 67 
21 71 
21 72 
21 73 
21 74 
21 75 
21 76 
21 77 
21 78 
21 79 
21 82 
21 83 
21 85 
21 87 
21 88 
21 91 
21 94 
21 95 
21 96 
21 97 
21 98 
21 101 
21 102 
21 103 
21 106 
21 107 
21 108 
21 109 
21 112 
21 113 
21 114 
21 115 
21 116 
21 117 
21 120 
21 122 
21 123 
21 124 
21 125 
21 127 
22 24 
22 25 
22 31 
22 32 
22 33 
22 34 
22 35 
22 36 
22 37 
22 38 
22 40 
22 41 
22 42 
22 43 
22 44 
22 45 
22 48 
22 49 
22 50 
22 51 
22 52 
22 53 
22 54 
22 56 
22 58 
22 65 
22 66 
22 67 
22 68 
22 70 
22 71 
22 72 
22 73 
22 77 
22 78 
22 79 
22 80 
22 82 
22 84 
22 90 
22 95 
22 96 
22 97 
22 98 
22 99 
22 100 
22 101 
22 102 
22 103 
22 105 
22 106 
22 107 
22 108 
22 109 
22 111 
22 112 
22 114 
22 115 
22 116 
22 117 
22 118 
22 119 
22 120 
22 121 
22 126 
22 127 
22 128 
23 24 
23 25 
23 27 
23 28 
23 29 
23 30 
23 32 
23 34 
23 36 
23 38 
23 39 
23 40 
23 41 
23 45 
23 46 
23 47 
23 49 
23 50 
23 52 
23 53 
23 54 
23 55 
23 56 
23 60 
23 62 
23 64 
23 65 
23 66 
23 67 
23 69 
23 70 
23 74 
23 75 
23 77 
23 78 
23 82 
23 84 
23 85 
23 86 
23 89 
23 93 
23 94 
23 97 
23 101 
23 104 
23 105 
23 106 
23 107 
23 108 
23 109 
23 110 
23 111 
23 113 
23 114 
23 115 
23 117 
23 120 
23 121 
23 123 
23 124 
23 126 
23 127 
24 26 
24 27 
24 28 
24 29 
24 30 
24 32 
24 33 
24 34 
24 35 
24 37 
24 38 
24 40 
24 42 
24 45 
24 46 
24 49 
24 50 
24 51 
24 52 
24 53 
24 54 
24 56 
24 58 
24 59 
24 60 
24 62 
24 63 
24 64 
24 65 
24 69 
24 70 
24 72 
24 73 
24 74 
24 76 
24 77 
24 80 
24 82 
24 83 
24 84 
24 85 
24 86 
24 87 
24 88 
24 92 
24 96 
24 97 
24 98 
24 100 
24 101 
24 103 
24 105 
24 109 
24 110 
24 111 
24 114 
24 116 
24 117 
24 118 
24 120 
24 121 
24 122 
24 124 
24 125 
24 126 
24 127 
24 128 
25 26 
25 28 
25 30 
25 32 
25 33 
25 34 
25 35 
25 36 
25 38 
25 40 
25 41 
25 42 
25 43 
25 44 
25 46 
25 48 
25 49 
25 51 
25 52 
25 53 
25 54 
25 55 
25 56 
25 57 
25 60 
25 62 
25 64 
25 65 
25 68 
25 69 
25 71 
25 74 
25 75 
25 76 
25 79 
25 80 
25 82 
25 83 
25 84 
25 86 
25 87 
25 89 
25 90 
25 91 
25 94 
25 96 
25 97 
25 99 
25 100 
25 102 
25 103 
25 104 
25 105 
25 107 
25 110 
25 111 
25 112 
25 113 
25 114 
25 115 
25 116 
25 117 
25 119 
25 120 
25 121 
25 122 
25 123 
25 126 
25 127 
25 128 
26 30 
26 31 
26 32 
26 33 
26 34 
26 35 
26 36 
26 38 
26 39 
26 40 
26 42 
26 44 
26 49 
26 51 
26 52 
26 53 
26 56 
26 58 
26 59 
26 63 
26 65 
26 66 
26 67 
26 68 
26 69 
26 70 
26 71 
26 72 
26 73 
26 75 
26 76 
26 77 
26 80 
26 81 
26 82 
26 83 
26 84 
26 85 
26 86 
26 88 
26 89 
26 91 
26 92 
26 93 
26 94 
26 95 
26 96 
26 98 
26 100 
26 101 
26 103 
26 105 
26 108 
26 109 
26 110 
26 112 
26 114 
26 115 
26 116 
26 117 
26 119 
26 120 
26 121 
26 122 
26 125 
26 126 
26 127 
27 30 
27 32 
27 36 
27 37 
27 38 
27 40 
27 41 
27 42 
27 43 
27 45 
27 46 
27 47 
27 49 
27 50 
27 53 
27 54 
27 55 
27 57 
27 58 
27 59 
27 60 
27 61 
27 62 
27 63 
27 65 
27 68 
27 70 
27 71 
27 72 
27 73 
27 78 
27 79 
27 80 
27 81 
27 82 
27 85 
27 86 
27 88 
27 90 
27 92 
27 96 
27 97 
27 99 
27 100 
27 101 
27 102 
27 104 
27 106 
27 107 
27 108 
27 113 
27 114 
27 116 
27 117 
27 120 
27 121 
27 122 
27 124 
27 125 
27 127 
28 30 
28 31 
28 34 
28 35 
28 36 
28 38 
28 39 
28 40 
28 41 
28 42 
28 43 
28 44 
28 45 
28 46 
28 49 
28 51 
28 53 
28 54 
28 55 
28 56 
28 57 
28 60 
28 61 
28 64 
28 65 
28 66 
28 68 
28 69 
28 70 
28 71 
28 72 
28 73 
28 78 
28 79 
28 81 
28 83 
28 84 
28 85 
28 86 
28 88 
28 89 
28 90 
28 91 
28 92 
28 93 
28 95 
28 96 
28 99 
28 100 
28 101 
28 103 
28 104 
28 105 
28 107 
28 109 
28 111 
28 113 
28 115 
28 116 
28 117 
28 118 
28 119 
28 121 
28 122 
28 123 
28 124 
28 128 
29 30 
29 32 
29 33 
29 34 
29 35 
29 36 
29 37 
29 38 
29 39 
29 41 
29 42 
29 44 
29 45 
29 48 
29 49 
29 50 
29 51 
29 53 
29 54 
29 55 
29 57 
29 60 
29 61 
29 62 
29 63 
29 64 
29 65 
29 67 
29 69 
29 70 
29 72 
29 73 
29 74 
29 76 
29 79 
29 81 
29 84 
29 85 
29 86 
29 87 
29 88 
29 90 
29 91 
29 92 
29 93 
29 95 
29 96 
29 98 
29 99 
29 101 
29 103 
29 105 
29 107 
29 108 
29 110 
29 111 
29 112 
29 113 
29 114 
29 115 
29 117 
29 118 
29 119 
29 120 
29 121 
29 126 
29 128 
30 32 
30 33 
30 34 
30 35 
30 36 
30 37 
30 38 
30 39 
30 40 
30 41 
30 42 
30 43 
30 44 
30 47 
30 48 
30 49 
30 51 
30 52 
30 53 
30 54 
30 56 
30 58 
30 59 
30 61 
30 63 
30 64 
30 65 
30 71 
30 72 
30 73 
30 74 
30 75 
30 76 
30 77 
30 79 
30 85 
30 88 
30 89 
30 92 
30 95 
30 99 
30 101 
30 104 
30 105 
30 106 
30 107 
30 108 
30 112 
30 115 
30 117 
30 118 
30 119 
30 123 
30 125 
30 126 
30 128 
31 32 
31 33 
31 34 
31 36 
31 37 
31 38 
31 39 
31 40 
31 42 
31 43 
31 44 
31 45 
31 47 
31 49 
31 51 
31 52 
31 56 
31 58 
31 60 
31 63 
31 64 
31 65 
31 68 
31 69 
31 71 
31 73 
31 74 
31 75 
31 76 
31 77 
31 78 
31 80 
31 81 
31 82 
31 83 
31 85 
31 86 
31 88 
31 89 
31 91 
31 93 
31 94 
31 95 
31 96 
31 98 
31 99 
31 101 
31 102 
31 103 
31 104 
31 105 
31 107 
31 111 
31 113 
31 117 
31 118 
31 121 
31 123 
31 125 
31 128 
32 35 
32 36 
32 37 
32 39 
32 40 
32 41 
32 43 
32 44 
32 47 
32 48 
32 51 
32 52 
32 53 
32 55 
32 58 
32 62 
32 63 
32 65 
32 66 
32 68 
32 70 
32 71 
32 72 
32 73 
32 74 
32 75 
32 76 
32 80 
32 81 
32 83 
32 84 
32 86 
32 88 
32 89 
32 93 
32 95 
32 96 
32 97 
32 98 
32 99 
32 101 
32 102 
32 103 
32 104 
32 105 
32 106 
32 107 
32 110 
32 113 
32 114 
32 116 
32 119 
32 121 
32 123 
32 124 
32 125 
32 126 
32 127 
32 128 
33 34 
33 35 
33 36 
33 41 
33 42 
33 43 
33 44 
33 45 
33 46 
33 47 
33 48 
33 50 
33 55 
33 56 
33 58 
33 59 
33 60 
33 61 
33 62 
33 66 
33 67 
33 68 
33 69 
33 70 
33 72 
33 73 
33 75 
33 77 
33 79 
33 80 
33 81 
33 84 
33 85 
33 86 
33 87 
33 88 
33 91 
33 93 
33 94 
33 100 
33 101 
33 103 
33 104 
33 106 
33 107 
33 109 
33 110 
33 115 
33 116 
33 121 
33 123 
33 124 
33 125 
33 126 
33 128 
34 35 
34 36 
34 37 
34 40 
34 42 
34 43 
34 45 
34 46 
34 47 
34 49 
34 50 
34 51 
34 52 
34 53 
34 54 
34 55 
34 57 
34 60 
34 61 
34 62 
34 63 
34 65 
34 67 
34 68 
34 71 
34 72 
34 73 
34 74 
34 77 
34 81 
34 82 
34 83 
34 85 
34 86 
34 87 
34 89 
34 90 
34 91 
34 92 
34 95 
34 96 
34 99 
34 100 
34 101 
34 104 
34 107 
34 108 
34 109 
34 110 
34 111 
34 112 
34 113 
34 114 
34 115 
34 117 
34 118 
34 120 
34 121 
34 122 
34 123 
34 124 
34 125 
34 126 
34 127 
35 36 
35 38 
35 39 
35 41 
35 44 
35 49 
35 50 
35 51 
35 53 
35 54 
35 60 
35 61 
35 63 
35 64 
35 65 
35 66 
35 67 
35 69 
35 73 
35 74 
35 75 
35 76 
35 77 
35 79 
35 80 
35 82 
35 83 
35 84 
35 85 
35 87 
35 88 
35 91 
35 92 
35 93 
35 94 
35 97 
35 98 
35 100 
35 101 
35 102 
35 104 
35 105 
35 106 
35 107 
35 108 
35 109 
35 114 
35 115 
35 116 
35 117 
35 118 
35 119 
35 120 
35 122 
35 123 
35 124 
35 127 
35 128 
36 37 
36 38 
36 39 
36 41 
36 42 
36 43 
36 45 
36 46 
36 47 
36 48 
36 49 
36 50 
36 51 
36 54 
36 55 
36 56 
36 57 
36 58 
36 60 
36 61 
36 62 
36 63 
36 64 
36 65 
36 66 
36 67 
36 68 
36 69 
36 70 
36 72 
36 73 
36 74 
36 75 
36 78 
36 79 
36 80 
36 81 
36 82 
36 83 
36 84 
36 88 
36 89 
36 91 
36 92 
36 94 
36 95 
36 97 
36 98 
36 99 
36 100 
36 101 
36 102 
36 103 
36 104 
36 105 
36 106 
36 107 
36 108 
36 110 
36 111 
36 112 
36 115 
36 116 
36 119 
36 121 
36 122 
36 124 
36 125 
36 126 
36 128 
37 38 
37 40 
37 41 
37 42 
37 43 
37 44 
37 45 
37 46 
37 47 
37 48 
37 49 
37 51 
37 52 
37 53 
37 54 
37 56 
37 57 
37 58 
37 59 
37 61 
37 62 
37 63 
37 64 
37 65 
37 66 
37 70 
37 71 
37 72 
37 74 
37 75 
37 76 
37 78 
37 80 
37 81 
37 83 
37 84 
37 85 
37 86 
37 88 
37 89 
37 93 
37 95 
37 97 
37 98 
37 102 
37 103 
37 105 
37 108 
37 109 
37 111 
37 112 
37 114 
37 115 
37 117 
37 118 
37 119 
37 120 
37 121 
37 122 
37 123 
37 124 
37 125 
37 126 
37 128 
38 40 
38 41 
38 42 
38 43 
38 44 
38 47 
38 50 
38 51 
38 53 
38 54 
38 55 
38 56 
38 58 
38 60 
38 61 
38 63 
38 65 
38 67 
38 68 
38 69 
38 70 
38 71 
38 72 
38 73 
38 74 
38 76 
38 79 
38 81 
38 83 
38 84 
38 85 
38 87 
38 90 
38 92 
38 93 
38 95 
38 97 
38 98 
38 101 
38 102 
38 103 
38 105 
38 106 
38 107 
38 108 
38 109 
38 110 
38 111 
38 113 
38 114 
38 116 
38 118 
38 120 
38 121 
38 123 
38 124 
38 125 
38 126 
39 40 
39 41 
39 42 
39 43 
39 45 
39 48 
39 49 
39 50 
39 51 
39 53 
39 54 
39 55 
39 56 
39 61 
39 62 
39 63 
39 64 
39 65 
39 67 
39 69 
39 70 
39 71 
39 73 
39 75 
39 78 
39 79 
39 80 
39 81 
39 84 
39 88 
39 89 
39 91 
39 93 
39 94 
39 95 
39 96 
39 98 
39 99 
39 100 
39 102 
39 104 
39 105 
39 108 
39 109 
39 111 
39 112 
39 113 
39 114 
39 116 
39 117 
39 118 
39 121 
39 122 
39 123 
39 124 
39 126 
39 128 
40 41 
40 42 
40 43 
40 44 
40 47 
40 48 
40 49 
40 50 
40 51 
40 52 
40 53 
40 54 
40 57 
40 58 
40 59 
40 60 
40 61 
40 62 
40 64 
40 65 
40 66 
40 69 
40 70 
40 71 
40 72 
40 73 
40 77 
40 79 
40 84 
40 86 
40 89 
40 92 
40 93 
40 94 
40 97 
40 103 
40 104 
40 105 
40 107 
40 108 
40 109 
40 110 
40 111 
40 113 
40 115 
40 117 
40 119 
40 121 
40 122 
40 123 
40 124 
40 126 
41 42 
41 43 
41 44 
41 47 
41 49 
41 50 
41 51 
41 53 
41 55 
41 57 
41 58 
41 60 
41 62 
41 63 
41 67 
41 68 
41 69 
41 72 
41 75 
41 76 
41 77 
41 78 
41 81 
41 84 
41 86 
41 88 
41 90 
41 91 
41 92 
41 93 
41 95 
41 97 
41 99 
41 101 
41 102 
41 103 
41 104 
41 105 
41 106 
41 107 
41 108 
41 109 
41 111 
41 115 
41 116 
41 117 
41 119 
41 120 
41 121 
41 122 
41 124 
41 125 
41 126 
42 46 
42 47 
42 48 
42 49 
42 50 
42 52 
42 55 
42 56 
42 57 
42 58 
42 59 
42 60 
42 63 
42 67 
42 68 
42 69 
42 70 
42 71 
42 72 
42 73 
42 74 
42 75 
42 81 
42 85 
42 86 
42 87 
42 88 
42 89 
42 91 
42 93 
42 96 
42 98 
42 100 
42 102 
42 104 
42 105 
42 106 
42 107 
42 109 
42 110 
42 111 
42 113 
42 115 
42 116 
42 117 
42 119 
42 121 
42 123 
42 126 
43 44 
43 45 
43 48 
43 51 
43 52 
43 57 
43 59 
43 60 
43 61 
43 62 
43 63 
43 65 
43 67 
43 68 
43 69 
43 71 
43 72 
43 73 
43 75 
43 76 
43 78 
43 80 
43 82 
43 84 
43 85 
43 86 
43 91 
43 92 
43 93 
43 94 
43 95 
43 97 
43 98 
43 103 
43 106 
43 107 
43 108 
43 110 
43 111 
43 113 
43 114 
43 116 
43 118 
43 119 
43 121 
43 122 
43 123 
43 124 
43 125 
43 126 
43 127 
44 45 
44 47 
44 48 
44 49 
44 50 
44 51 
44 52 
44 53 
44 55 
44 56 
44 57 
44 58 
44 59 
44 61 
44 62 
44 64 
44 65 
44 66 
44 69 
44 70 
44 73 
44 75 
44 78 
44 79 
44 81 
44 82 
44 86 
44 87 
44 88 
44 89 
44 91 
44 92 
44 93 
44 95 
44 96 
44 97 
44 98 
44 99 
44 100 
44 101 
44 102 
44 103 
44 104 
44 106 
44 108 
44 109 
44 112 
44 114 
44 115 
44 116 
44 118 
44 119 
44 120 
44 121 
44 122 
44 124 
44 125 
44 128 
45 46 
45 48 
45 49 
45 50 
45 52 
45 54 
45 55 
45 56 
45 57 
45 60 
45 61 
45 66 
45 67 
45 69 
45 70 
45 72 
45 73 
45 76 
45 78 
45 79 
45 80 
45 82 
45 83 
45 84 
45 86 
45 87 
45 89 
45 92 
45 94 
45 95 
45 99 
45 100 
45 103 
45 104 
45 105 
45 106 
45 108 
45 109 
45 111 
45 112 
45 113 
45 114 
45 115 
45 116 
45 117 
45 119 
45 120 
45 121 
45 122 
45 123 
45 125 
45 126 
45 128 
46 47 
46 48 
46 49 
46 51 
46 53 
46 54 
46 55 
46 56 
46 57 
46 58 
46 60 
46 61 
46 64 
46 65 
46 66 
46 69 
46 71 
46 73 
46 74 
46 75 
46 76 
46 77 
46 78 
46 79 
46 80 
46 84 
46 85 
46 86 
46 87 
46 88 
46 90 
46 91 
46 93 
46 96 
46 97 
46 98 
46 101 
46 102 
46 104 
46 105 
46 106 
46 107 
46 108 
46 109 
46 111 
46 112 
46 113 
46 116 
46 117 
46 118 
46 120 
46 121 
46 125 
46 126 
46 127 
46 128 
47 48 
47 51 
47 52 
47 54 
47 55 
47 57 
47 58 
47 62 
47 63 
47 66 
47 67 
47 71 
47 74 
47 75 
47 76 
47 77 
47 79 
47 80 
47 81 
47 82 
47 84 
47 85 
47 86 
47 87 
47 89 
47 90 
47 91 
47 93 
47 95 
47 96 
47 98 
47 99 
47 101 
47 102 
47 103 
47 104 
47 105 
47 106 
47 108 
47 109 
47 110 
47 112 
47 113 
47 114 
47 115 
47 116 
47 119 
47 121 
47 122 
47 123 
47 125 
47 126 
47 127 
47 128 
48 51 
48 53 
48 56 
48 57 
48 59 
48 60 
48 62 
48 63 
48 64 
48 65 
48 66 
48 67 
48 68 
48 69 
48 70 
48 72 
48 73 
48 74 
48 75 
48 76 
48 79 
48 80 
48 81 
48 82 
48 83 
48 84 
48 85 
48 86 
48 87 
48 88 
48 89 
48 90 
48 91 
48 92 
48 93 
48 94 
48 96 
48 100 
48 101 
48 102 
48 103 
48 104 
48 105 
48 106 
48 109 
48 110 
48 111 
48 112 
48 114 
48 116 
48 117 
48 118 
48 122 
48 123 
48 125 
48 126 
48 127 
48 128 
49 52 
49 54 
49 56 
49 58 
49 59 
49 60 
49 61 
49 62 
49 65 
49 66 
49 68 
49 69 
49 70 
49 71 
49 72 
49 75 
49 76 
49 77 
49 78 
49 80 
49 82 
49 83 
49 86 
49 89 
49 90 
49 93 
49 95 
49 96 
49 97 
49 98 
49 100 
49 101 
49 102 
49 103 
49 104 
49 106 
49 107 
49 110 
49 112 
49 113 
49 114 
49 115 
49 117 
49 119 
49 120 
49 121 
49 122 
49 124 
49 125 
49 128 
50 51 
50 52 
50 53 
50 54 
50 57 
50 58 
50 59 
50 60 
50 63 
50 68 
50 69 
50 70 
50 71 
50 72 
50 73 
50 74 
50 78 
50 79 
50 83 
50 84 
50 87 
50 88 
50 89 
50 94 
50 96 
50 97 
50 98 
50 99 
50 100 
50 104 
50 106 
50 107 
50 108 
50 112 
50 113 
50 114 
50 115 
50 116 
50 117 
50 118 
50 119 
50 120 
50 121 
50 123 
50 124 
50 125 
51 52 
51 53 
51 54 
51 55 
51 56 
51 57 
51 58 
51 59 
51 60 
51 61 
51 64 
51 65 
51 66 
51 68 
51 69 
51 70 
51 71 
51 72 
51 73 
51 75 
51 76 
51 80 
51 81 
51 82 
51 83 
51 86 
51 89 
51 92 
51 93 
51 94 
51 95 
51 96 
51 97 
51 98 
51 99 
51 100 
51 101 
51 102 
51 104 
51 106 
51 108 
51 109 
51 111 
51 112 
51 113 
51 114 
51 115 
51 117 
51 119 
51 121 
51 123 
51 124 
51 128 
52 53 
52 54 
52 55 
52 58 
52 59 
52 61 
52 64 
52 66 
52 68 
52 69 
52 70 
52 72 
52 73 
52 74 
52 75 
52 77 
52 79 
52 80 
52 81 
52 82 
52 84 
52 86 
52 87 
52 88 
52 90 
52 92 
52 96 
52 97 
52 98 
52 100 
52 101 
52 102 
52 103 
52 105 
52 106 
52 107 
52 110 
52 111 
52 112 
52 114 
52 117 
52 120 
52 121 
52 122 
52 123 
52 124 
52 125 
52 126 
52 127 
53 54 
53 55 
53 59 
53 61 
53 63 
53 64 
53 66 
53 67 
53 68 
53 69 
53 70 
53 72 
53 73 
53 74 
53 76 
53 77 
53 79 
53 80 
53 81 
53 82 
53 83 
53 84 
53 85 
53 87 
53 89 
53 90 
53 92 
53 94 
53 95 
53 97 
53 98 
53 99 
53 100 
53 103 
53 105 
53 108 
53 110 
53 112 
53 113 
53 115 
53 116 
53 117 
53 118 
53 119 
53 121 
53 122 
53 123 
53 126 
53 127 
53 128 
54 56 
54 58 
54 60 
54 62 
54 63 
54 64 
54 66 
54 67 
54 69 
54 70 
54 71 
54 76 
54 78 
54 79 
54 80 
54 81 
54 83 
54 87 
54 88 
54 90 
54 93 
54 94 
54 95 
54 96 
54 97 
54 101 
54 103 
54 105 
54 106 
54 109 
54 110 
54 111 
54 112 
54 114 
54 116 
54 117 
54 123 
54 125 
54 126 
54 127 
54 128 
55 56 
55 60 
55 61 
55 64 
55 65 
55 66 
55 67 
55 70 
55 71 
55 74 
55 76 
55 79 
55 80 
55 81 
55 82 
55 83 
55 86 
55 87 
55 88 
55 90 
55 91 
55 92 
55 93 
55 96 
55 97 
55 98 
55 99 
55 101 
55 103 
55 104 
55 106 
55 107 
55 108 
55 111 
55 112 
55 113 
55 116 
55 117 
55 118 
55 119 
55 120 
55 122 
55 124 
55 125 
55 126 
55 127 
56 57 
56 59 
56 60 
56 61 
56 62 
56 63 
56 65 
56 66 
56 67 
56 68 
56 69 
56 71 
56 74 
56 75 
56 76 
56 78 
56 79 
56 80 
56 82 
56 83 
56 85 
56 86 
56 87 
56 88 
56 89 
56 90 
56 91 
56 92 
56 93 
56 96 
56 98 
56 100 
56 102 
56 103 
56 104 
56 105 
56 106 
56 108 
56 109 
56 110 
56 112 
56 113 
56 114 
56 120 
56 121 
56 122 
56 123 
56 124 
56 125 
56 127 
56 128 
57 59 
57 61 
57 62 
57 63 
57 64 
57 66 
57 67 
57 69 
57 70 
57 74 
57 76 
57 79 
57 80 
57 83 
57 84 
57 86 
57 87 
57 88 
57 89 
57 90 
57 91 
57 94 
57 96 
57 97 
57 98 
57 99 
57 101 
57 103 
57 105 
57 106 
57 111 
57 115 
57 117 
57 119 
57 120 
57 122 
57 123 
57 125 
57 126 
57 127 
57 128 
58 60 
58 61 
58 62 
58 65 
58 66 
58 67 
58 68 
58 69 
58 70 
58 71 
58 72 
58 73 
58 75 
58 76 
58 77 
58 78 
58 79 
58 81 
58 85 
58 86 
58 88 
58 91 
58 92 
58 93 
58 96 
58 97 
58 98 
58 99 
58 101 
58 102 
58 103 
58 105 
58 106 
58 107 
58 108 
58 111 
58 112 
58 113 
58 114 
58 115 
58 116 
58 119 
58 120 
58 121 
58 122 
58 123 
58 124 
58 125 
58 126 
58 127 
59 60 
59 63 
59 64 
59 65 
59 66 
59 68 
59 70 
59 71 
59 72 
59 73 
59 74 
59 75 
59 76 
59 77 
59 79 
59 80 
59 81 
59 83 
59 84 
59 85 
59 86 
59 88 
59 90 
59 92 
59 93 
59 94 
59 96 
59 97 
59 98 
59 100 
59 106 
59 107 
59 108 
59 109 
59 113 
59 114 
59 115 
59 116 
59 118 
59 119 
59 120 
59 121 
59 122 
59 123 
59 124 
59 125 
59 127 
59 128 
60 63 
60 64 
60 65 
60 69 
60 70 
60 71 
60 72 
60 73 
60 74 
60 75 
60 76 
60 77 
60 78 
60 79 
60 82 
60 90 
60 91 
60 92 
60 93 
60 94 
60 96 
60 98 
60 100 
60 101 
60 103 
60 104 
60 105 
60 107 
60 111 
60 112 
60 113 
60 116 
60 117 
60 118 
60 121 
60 122 
60 123 
60 124 
60 125 
60 126 
60 127 
60 128 
61 62 
61 63 
61 64 
61 65 
61 66 
61 67 
61 68 
61 70 
61 71 
61 74 
61 75 
61 76 
61 78 
61 79 
61 81 
61 82 
61 83 
61 84 
61 86 
61 87 
61 88 
61 90 
61 93 
61 95 
61 98 
61 100 
61 102 
61 106 
61 107 
61 109 
61 110 
61 111 
61 112 
61 113 
61 114 
61 115 
61 116 
61 117 
61 118 
61 119 
61 120 
61 121 
61 123 
61 125 
61 127 
61 128 
62 66 
62 67 
62 68 
62 69 
62 71 
62 72 
62 73 
62 74 
62 79 
62 80 
62 81 
62 83 
62 84 
62 86 
62 87 
62 88 
62 89 
62 91 
62 93 
62 94 
62 96 
62 97 
62 98 
62 99 
62 100 
62 102 
62 103 
62 107 
62 108 
62 111 
62 113 
62 115 
62 116 
62 117 
62 118 
62 121 
62 124 
62 125 
62 126 
62 127 
62 128 
63 64 
63 66 
63 67 
63 68 
63 70 
63 73 
63 74 
63 76 
63 77 
63 78 
63 80 
63 81 
63 82 
63 83 
63 85 
63 87 
63 88 
63 89 
63 90 
63 91 
63 92 
63 93 
63 94 
63 95 
63 100 
63 101 
63 102 
63 104 
63 105 
63 106 
63 107 
63 110 
63 111 
63 112 
63 113 
63 114 
63 115 
63 116 
63 119 
63 121 
63 122 
63 123 
63 125 
63 127 
63 128 
64 67 
64 68 
64 69 
64 73 
64 74 
64 76 
64 77 
64 78 
64 86 
64 87 
64 90 
64 92 
64 93 
64 95 
64 97 
64 99 
64 100 
64 102 
64 103 
64 104 
64 105 
64 106 
64 107 
64 108 
64 110 
64 111 
64 113 
64 114 
64 115 
64 116 
64 117 
64 122 
64 123 
64 124 
64 125 
64 126 
64 127 
65 68 
65 69 
65 70 
65 72 
65 73 
65 74 
65 76 
65 78 
65 79 
65 80 
65 81 
65 85 
65 87 
65 88 
65 89 
65 90 
65 91 
65 93 
65 94 
65 96 
65 98 
65 99 
65 101 
65 102 
65 103 
65 105 
65 106 
65 108 
65 109 
65 110 
65 111 
65 112 
65 113 
65 114 
65 116 
65 117 
65 118 
65 119 
65 120 
65 121 
65 124 
65 125 
65 127 
66 67 
66 68 
66 71 
66 72 
66 75 
66 76 
66 77 
66 80 
66 81 
66 82 
66 83 
66 84 
66 86 
66 87 
66 89 
66 90 
66 91 
66 93 
66 95 
66 96 
66 97 
66 101 
66 104 
66 105 
66 106 
66 107 
66 108 
66 109 
66 110 
66 111 
66 112 
66 113 
66 114 
66 115 
66 117 
66 118 
66 121 
66 122 
66 124 
66 128 
67 68 
67 69 
67 70 
67 71 
67 73 
67 74 
67 77 
67 80 
67 82 
67 83 
67 84 
67 85 
67 91 
67 94 
67 95 
67 96 
67 97 
67 98 
67 99 
67 103 
67 105 
67 108 
67 109 
67 110 
67 111 
67 113 
67 115 
67 117 
67 118 
67 119 
67 121 
67 124 
67 125 
67 127 
67 128 
68 69 
68 70 
68 71 
68 73 
68 74 
68 75 
68 76 
68 77 
68 78 
68 82 
68 83 
68 84 
68 85 
68 86 
68 87 
68 88 
68 90 
68 91 
68 92 
68 93 
68 94 
68 96 
68 97 
68 98 
68 99 
68 100 
68 101 
68 102 
68 103 
68 104 
68 106 
68 107 
68 109 
68 110 
68 112 
68 113 
68 115 
68 117 
68 120 
68 122 
68 123 
68 124 
68 127 
68 128 
69 70 
69 71 
69 74 
69 75 
69 76 
69 77 
69 78 
69 80 
69 81 
69 84 
69 86 
69 89 
69 90 
69 92 
69 93 
69 95 
69 96 
69 102 
69 103 
69 104 
69 105 
69 106 
69 110 
69 112 
69 115 
69 117 
69 119 
69 120 
69 122 
69 124 
69 126 
69 127 
69 128 
70 71 
70 72 
70 73 
70 74 
70 75 
70 77 
70 79 
70 80 
70 81 
70 82 
70 83 
70 84 
70 85 
70 86 
70 89 
70 90 
70 91 
70 92 
70 93 
70 94 
70 95 
70 96 
70 99 
70 100 
70 102 
70 106 
70 107 
70 111 
70 112 
70 114 
70 115 
70 118 
70 119 
70 120 
70 121 
70 122 
70 123 
70 124 
70 126 
70 127 
71 74 
71 76 
71 77 
71 79 
71 80 
71 82 
71 83 
71 85 
71 86 
71 87 
71 88 
71 89 
71 90 
71 91 
71 93 
71 95 
71 96 
71 98 
71 99 
71 100 
71 103 
71 104 
71 106 
71 108 
71 110 
71 114 
71 115 
71 116 
71 119 
71 121 
71 125 
71 126 
71 127 
71 128 
72 74 
72 75 
72 77 
72 79 
72 80 
72 81 
72 83 
72 84 
72 85 
72 87 
72 89 
72 90 
72 92 
72 93 
72 96 
72 97 
72 98 
72 99 
72 100 
72 101 
72 102 
72 103 
72 104 
72 105 
72 106 
72 107 
72 108 
72 109 
72 111 
72 114 
72 115 
72 116 
72 117 
72 118 
72 121 
72 123 
72 124 
72 125 
72 126 
72 127 
72 128 
73 74 
73 76 
73 77 
73 78 
73 83 
73 84 
73 85 
73 87 
73 89 
73 90 
73 91 
73 93 
73 94 
73 95 
73 98 
73 99 
73 102 
73 105 
73 106 
73 107 
73 109 
73 110 
73 111 
73 113 
73 114 
73 117 
73 118 
73 119 
73 121 
73 122 
73 123 
73 124 
73 126 
73 127 
73 128 
74 75 
74 76 
74 77 
74 78 
74 79 
74 80 
74 81 
74 83 
74 86 
74 89 
74 90 
74 91 
74 92 
74 93 
74 97 
74 98 
74 100 
74 101 
74 102 
74 104 
74 108 
74 109 
74 112 
74 113 
74 115 
74 116 
74 117 
74 118 
74 120 
74 121 
74 122 
74 124 
74 125 
74 126 
74 127 
74 128 
75 78 
75 79 
75 80 
75 81 
75 82 
75 84 
75 86 
75 88 
75 89 
75 91 
75 93 
75 96 
75 97 
75 98 
75 100 
75 106 
75 107 
75 108 
75 110 
75 111 
75 112 
75 114 
75 115 
75 116 
75 119 
75 120 
75 121 
75 122 
75 123 
75 124 
76 79 
76 80 
76 81 
76 83 
76 84 
76 85 
76 86 
76 87 
76 89 
76 90 
76 94 
76 95 
76 97 
76 98 
76 100 
76 102 
76 103 
76 104 
76 105 
76 106 
76 107 
76 108 
76 110 
76 111 
76 113 
76 115 
76 117 
76 118 
76 121 
76 122 
76 123 
76 124 
76 125 
76 126 
76 127 
76 128 
77 78 
77 80 
77 81 
77 83 
77 85 
77 87 
77 88 
77 89 
77 90 
77 93 
77 94 
77 95 
77 96 
77 98 
77 99 
77 100 
77 101 
77 102 
77 103 
77 105 
77 106 
77 108 
77 110 
77 111 
77 114 
77 116 
77 118 
77 119 
77 120 
77 122 
77 123 
77 124 
77 125 
77 126 
77 127 
77 128 
78 79 
78 80 
78 81 
78 86 
78 87 
78 90 
78 91 
78 94 
78 95 
78 96 
78 97 
78 102 
78 104 
78 105 
78 106 
78 108 
78 111 
78 113 
78 114 
78 116 
78 117 
78 119 
78 123 
78 124 
78 125 
78 127 
79 80 
79 82 
79 83 
79 84 
79 85 
79 87 
79 89 
79 90 
79 91 
79 94 
79 95 
79 97 
79 98 
79 99 
79 100 
79 101 
79 103 
79 104 
79 105 
79 106 
79 107 
79 110 
79 113 
79 114 
79 116 
79 117 
79 118 
79 123 
79 124 
79 125 
79 128 
80 81 
80 82 
80 83 
80 84 
80 85 
80 86 
80 88 
80 91 
80 92 
80 94 
80 95 
80 96 
80 97 
80 99 
80 101 
80 102 
80 103 
80 104 
80 105 
80 106 
80 107 
80 109 
80 110 
80 112 
80 115 
80 118 
80 119 
80 120 
80 122 
80 123 
80 124 
80 125 
81 83 
81 85 
81 86 
81 87 
81 88 
81 90 
81 91 
81 92 
81 93 
81 94 
81 95 
81 96 
81 97 
81 98 
81 99 
81 100 
81 101 
81 103 
81 104 
81 107 
81 109 
81 110 
81 111 
81 113 
81 114 
81 115 
81 116 
81 117 
81 122 
81 123 
81 124 
81 126 
81 128 
82 83 
82 85 
82 91 
82 92 
82 94 
82 95 
82 96 
82 97 
82 100 
82 101 
82 102 
82 103 
82 105 
82 106 
82 108 
82 112 
82 113 
82 115 
82 116 
82 117 
82 119 
82 120 
82 122 
82 123 
82 125 
82 126 
82 127 
83 86 
83 88 
83 89 
83 90 
83 92 
83 93 
83 94 
83 96 
83 98 
83 100 
83 101 
83 102 
83 104 
83 106 
83 107 
83 108 
83 110 
83 111 
83 112 
83 113 
83 116 
83 119 
83 123 
83 124 
83 125 
83 128 
84 85 
84 86 
84 88 
84 89 
84 92 
84 93 
84 94 
84 95 
84 96 
84 97 
84 99 
84 100 
84 101 
84 103 
84 106 
84 107 
84 108 
84 113 
84 114 
84 115 
84 116 
84 117 
84 118 
84 120 
84 121 
84 122 
84 123 
84 124 
84 126 
84 128 
85 87 
85 88 
85 89 
85 92 
85 94 
85 95 
85 96 
85 99 
85 101 
85 103 
85 104 
85 107 
85 109 
85 111 
85 113 
85 114 
85 116 
85 118 
85 120 
85 122 
85 123 
85 126 
86 89 
86 90 
86 92 
86 93 
86 94 
86 96 
86 97 
86 98 
86 100 
86 101 
86 102 
86 103 
86 106 
86 108 
86 111 
86 112 
86 115 
86 116 
86 117 
86 119 
86 120 
86 122 
86 124 
86 125 
86 126 
86 128 
87 88 
87 92 
87 93 
87 94 
87 95 
87 96 
87 97 
87 98 
87 99 
87 102 
87 103 
87 105 
87 106 
87 107 
87 108 
87 112 
87 113 
87 114 
87 117 
87 118 
87 119 
87 120 
87 121 
87 123 
87 127 
87 128 
88 89 
88 90 
88 91 
88 92 
88 95 
88 97 
88 99 
88 102 
88 103 
88 105 
88 106 
88 107 
88 108 
88 110 
88 112 
88 113 
88 114 
88 116 
88 117 
88 118 
88 119 
88 120 
88 122 
88 123 
88 124 
88 125 
88 126 
88 128 
89 91 
89 92 
89 93 
89 95 
89 96 
89 97 
89 99 
89 100 
89 102 
89 104 
89 105 
89 106 
89 107 
89 109 
89 110 
89 112 
89 115 
89 116 
89 118 
89 121 
89 122 
89 123 
89 124 
89 127 
89 128 
90 91 
90 93 
90 95 
90 96 
90 97 
90 99 
90 101 
90 102 
90 103 
90 104 
90 108 
90 110 
90 111 
90 112 
90 113 
90 114 
90 116 
90 117 
90 121 
90 122 
90 123 
90 124 
90 125 
90 126 
90 127 
91 92 
91 95 
91 96 
91 97 
91 99 
91 100 
91 101 
91 102 
91 103 
91 104 
91 105 
91 106 
91 107 
91 108 
91 110 
91 113 
91 114 
91 115 
91 116 
91 117 
91 118 
91 119 
91 120 
91 121 
91 124 
91 125 
91 126 
91 127 
91 128 
92 93 
92 94 
92 95 
92 96 
92 97 
92 98 
92 99 
92 100 
92 101 
92 102 
92 104 
92 105 
92 106 
92 108 
92 109 
92 110 
92 111 
92 112 
92 114 
92 115 
92 118 
92 119 
92 120 
92 122 
92 124 
92 125 
92 127 
92 128 
93 94 
93 95 
93 98 
93 101 
93 103 
93 104 
93 105 
93 106 
93 108 
93 109 
93 111 
93 112 
93 114 
93 115 
93 118 
93 119 
93 121 
93 123 
93 126 
93 128 
94 95 
94 97 
94 98 
94 102 
94 105 
94 106 
94 108 
94 109 
94 111 
94 114 
94 115 
94 117 
94 119 
94 121 
94 122 
94 123 
94 124 
94 125 
94 126 
95 96 
95 97 
95 98 
95 99 
95 101 
95 107 
95 109 
95 111 
95 112 
95 113 
95 115 
95 116 
95 117 
95 119 
95 121 
95 122 
95 123 
95 125 
95 126 
95 127 
95 128 
96 98 
96 100 
96 101 
96 103 
96 104 
96 105 
96 109 
96 111 
96 113 
96 115 
96 119 
96 122 
96 123 
96 125 
96 126 
96 127 
96 128 
97 104 
97 106 
97 108 
97 109 
97 110 
97 113 
97 114 
97 119 
97 120 
97 123 
97 124 
97 126 
97 127 
97 128 
98 101 
98 102 
98 103 
98 105 
98 107 
98 109 
98 110 
98 112 
98 113 
98 117 
98 118 
98 121 
98 122 
98 125 
98 126 
98 127 
99 101 
99 102 
99 103 
99 104 
99 105 
99 106 
99 110 
99 111 
99 112 
99 115 
99 117 
99 119 
99 121 
99 122 
99 124 
99 125 
99 126 
99 127 
99 128 
100 101 
100 102 
100 103 
100 105 
100 106 
100 107 
100 110 
100 111 
100 112 
100 113 
100 115 
100 116 
100 117 
100 119 
100 121 
100 122 
100 124 
100 127 
100 128 
101 104 
101 106 
101 107 
101 112 
101 113 
101 116 
101 117 
101 121 
101 122 
101 124 
101 125 
101 126 
101 128 
102 104 
102 105 
102 106 
102 107 
102 108 
102 110 
102 111 
102 113 
102 115 
102 116 
102 117 
102 118 
102 119 
102 120 
102 121 
102 122 
102 123 
102 124 
102 125 
102 126 
102 127 
103 105 
103 108 
103 110 
103 111 
103 112 
103 113 
103 114 
103 115 
103 116 
103 117 
103 118 
103 119 
103 122 
103 123 
103 125 
103 126 
103 127 
104 106 
104 107 
104 110 
104 112 
104 113 
104 114 
104 115 
104 116 
104 117 
104 118 
104 119 
104 120 
104 121 
104 122 
104 124 
104 125 
104 126 
104 127 
105 106 
105 107 
105 108 
105 109 
105 112 
105 113 
105 114 
105 115 
105 117 
105 120 
105 123 
105 125 
105 126 
105 127 
105 128 
106 108 
106 109 
106 110 
106 111 
106 115 
106 117 
106 119 
106 125 
106 127 
107 109 
107 112 
107 113 
107 114 
107 115 
107 116 
107 117 
107 118 
107 120 
107 121 
107 124 
107 125 
107 127 
107 128 
108 109 
108 110 
108 111 
108 112 
108 113 
108 114 
108 115 
108 116 
108 117 
108 120 
108 121 
108 122 
108 123 
108 124 
108 125 
108 127 
109 112 
109 113 
109 114 
109 122 
109 123 
109 124 
109 125 
109 127 
109 128 
110 113 
110 114 
110 115 
110 116 
110 118 
110 120 
110 121 
110 122 
110 124 
110 125 
110 126 
110 128 
111 113 
111 119 
111 120 
111 121 
111 122 
111 124 
111 125 
111 126 
111 127 
111 128 
112 113 
112 114 
112 115 
112 118 
112 119 
112 120 
112 121 
112 122 
112 124 
112 126 
112 127 
112 128 
113 114 
113 116 
113 120 
113 124 
113 125 
113 126 
113 128 
114 117 
114 119 
114 120 
114 125 
114 127 
115 116 
115 117 
115 119 
115 121 
115 123 
115 127 
115 128 
116 117 
116 118 
116 119 
116 120 
116 122 
116 124 
116 128 
117 119 
117 120 
117 121 
117 122 
117 123 
117 124 
117 125 
117 126 
117 127 
117 128 
118 119 
118 120 
118 121 
118 123 
118 124 
118 126 
118 127 
119 120 
119 121 
119 122 
119 124 
119 126 
119 128 
120 121 
120 123 
120 124 
120 125 
120 126 
120 128 
121 122 
121 123 
121 124 
121 125 
121 126 
121 128 
122 125 
122 128 
123 125 
123 126 
123 127 
124 125 
124 128 
125 126 
125 128 
126 128 
127 128 
