132 110
1
2
3
4
5
6
7
8
9
10
11
12
13
14
15
16
17
18
19
20
21
22
23
24
25
26
27
28
29
30
31
32
33
34
35
36
37
38
39
40
41
42
43
44
45
46
47
48
49
50
51
52
53
54
55
56
57
58
59
60
61
62
63
64
65
66
67
68
69
70
71
72
73
74
75
76
77
78
79
80
81
82
83
84
85
86
87
88
89
90
91
92
93
94
95
96
97
98
99
100
101
102
103
104
105
106
107
108
109
110
111
112
113
114
115
116
117
118
119
120
121
122
123
124
125
126
127
128
129
130
131
132
1 2 
3 2 
5 2 
6 1 
7 3 
9 2 
11 1 
12 7 
13 1 
14 1 
15 1 
18 9 
19 14 
20 9 
20 19 
21 1 
22 19 
23 1 
23 3 
24 2 
24 13 
25 9 
26 1 
28 1 
28 3 
28 23 
32 1 
32 14 
35 1 
35 3 
35 19 
36 19 
36 23 
37 24 
38 2 
39 2 
39 7 
42 22 
44 14 
45 2 
45 32 
46 2 
47 1 
47 19 
49 20 
51 14 
51 19 
52 2 
54 23 
55 7 
56 14 
56 39 
57 1 
58 2 
59 1 
59 19 
59 56 
60 59 
63 52 
63 59 
66 1 
66 14 
68 66 
69 59 
69 66 
70 19 
70 44 
75 52 
78 45 
79 24 
80 1 
82 25 
83 35 
83 38 
86 46 
87 1 
91 2 
91 9 
91 22 
92 19 
93 3 
93 59 
94 2 
95 19 
95 20 
96 23 
97 3 
97 28 
97 95 
98 19 
99 1 
99 35 
106 35 
107 19 
108 39 
108 59 
109 19 
110 86 
111 35 
114 99 
116 96 
120 32 
121 28 
121 38 
121 51 
121 56 
124 26 
125 116 
127 91 
129 47 
