133 135
1
2
3
4
5
6
7
8
9
10
11
12
13
14
15
16
17
18
19
20
21
22
23
24
25
26
27
28
29
30
31
32
33
34
35
36
37
38
39
40
41
42
43
44
45
46
47
48
49
50
51
52
53
54
55
56
57
58
59
60
61
62
63
64
65
66
67
68
69
70
71
72
73
74
75
76
77
78
79
80
81
82
83
84
85
86
87
88
89
90
91
92
93
94
95
96
97
98
99
100
101
102
103
104
105
106
107
108
109
110
111
112
113
114
115
116
117
118
119
120
121
122
123
124
125
126
127
128
129
130
131
132
133
1 2 
3 2 
4 3 
5 1 
5 2 
6 5 
8 1 
8 5 
9 5 
12 5 
14 1 
15 3 
15 5 
17 3 
17 8 
18 2 
18 3 
19 1 
19 3 
21 3 
21 18 
22 19 
23 5 
27 22 
29 5 
30 8 
31 8 
33 8 
34 2 
34 8 
35 6 
35 8 
37 3 
39 1 
42 18 
43 21 
44 5 
44 35 
45 21 
46 2 
46 3 
49 3 
50 1 
50 35 
51 3 
51 21 
53 2 
54 33 
56 2 
56 22 
58 2 
58 18 
62 5 
64 2 
64 34 
67 2 
67 6 
69 3 
69 18 
69 44 
70 21 
71 53 
72 1 
74 33 
74 56 
75 6 
75 8 
75 27 
77 3 
77 33 
78 5 
78 19 
79 3 
79 8 
80 44 
81 5 
84 70 
84 71 
86 3 
86 14 
86 21 
86 74 
87 34 
88 8 
88 37 
88 80 
89 86 
89 87 
90 1 
90 74 
94 2 
94 21 
94 27 
94 50 
95 8 
96 6 
96 51 
96 56 
97 94 
98 2 
98 3 
98 50 
98 96 
99 71 
99 86 
100 99 
101 84 
103 8 
103 21 
103 56 
103 84 
104 1 
106 56 
107 53 
108 34 
110 33 
110 56 
110 88 
111 86 
112 1 
113 44 
116 6 
116 44 
118 108 
119 71 
121 8 
121 71 
122 18 
122 56 
123 96 
125 3 
130 3 
132 5 
133 64 
133 75 
