134 152
1
2
3
4
5
6
7
8
9
10
11
12
13
14
15
16
17
18
19
20
21
22
23
24
25
26
27
28
29
30
31
32
33
34
35
36
37
38
39
40
41
42
43
44
45
46
47
48
49
50
51
52
53
54
55
56
57
58
59
60
61
62
63
64
65
66
67
68
69
70
71
72
73
74
75
76
77
78
79
80
81
82
83
84
85
86
87
88
89
90
91
92
93
94
95
96
97
98
99
100
101
102
103
104
105
106
107
108
109
110
111
112
113
114
115
116
117
118
119
120
121
122
123
124
125
126
127
128
129
130
131
132
133
134
1 2 
4 2 
5 2 
6 2 
8 2 
9 1 
9 5 
9 8 
10 2 
10 9 
12 5 
13 2 
13 9 
14 2 
15 10 
15 12 
16 4 
19 9 
22 2 
23 2 
25 10 
26 5 
27 9 
28 6 
29 4 
30 4 
31 4 
32 2 
33 12 
36 4 
36 13 
37 9 
38 27 
39 9 
40 1 
40 9 
41 13 
42 10 
42 19 
43 2 
44 9 
44 13 
44 38 
45 2 
45 4 
45 9 
45 25 
45 31 
46 9 
46 12 
46 40 
47 9 
47 40 
48 9 
49 10 
50 44 
51 1 
51 2 
53 15 
53 19 
53 33 
55 10 
56 2 
56 33 
58 9 
58 12 
58 44 
58 53 
59 12 
59 13 
59 44 
60 4 
62 13 
62 27 
62 44 
63 13 
67 10 
68 5 
68 58 
69 25 
70 36 
70 45 
72 13 
73 15 
73 39 
73 58 
73 69 
74 38 
75 9 
75 19 
75 40 
77 4 
77 48 
80 23 
81 38 
82 69 
83 39 
85 33 
87 2 
87 12 
87 33 
88 2 
88 45 
89 41 
89 70 
91 29 
92 42 
93 77 
95 13 
96 12 
96 46 
99 44 
99 75 
101 6 
102 59 
105 2 
105 13 
105 89 
108 2 
108 51 
110 13 
111 25 
112 38 
115 13 
115 38 
115 68 
117 13 
117 110 
118 117 
120 41 
121 2 
121 4 
121 12 
121 13 
121 93 
122 4 
122 8 
122 10 
122 121 
123 6 
123 44 
126 68 
127 45 
129 51 
129 117 
130 89 
130 126 
133 1 
134 1 
134 45 
134 73 
134 118 
