135 133
1
2
3
4
5
6
7
8
9
10
11
12
13
14
15
16
17
18
19
20
21
22
23
24
25
26
27
28
29
30
31
32
33
34
35
36
37
38
39
40
41
42
43
44
45
46
47
48
49
50
51
52
53
54
55
56
57
58
59
60
61
62
63
64
65
66
67
68
69
70
71
72
73
74
75
76
77
78
79
80
81
82
83
84
85
86
87
88
89
90
91
92
93
94
95
96
97
98
99
100
101
102
103
104
105
106
107
108
109
110
111
112
113
114
115
116
117
118
119
120
121
122
123
124
125
126
127
128
129
130
131
132
133
134
135
1 2 
3 1 
4 1 
4 2 
5 4 
6 4 
7 1 
7 4 
8 1 
8 7 
10 2 
10 8 
11 1 
11 4 
13 7 
15 8 
16 4 
18 2 
18 8 
21 1 
23 2 
24 4 
26 2 
26 4 
26 8 
28 4 
28 26 
32 23 
33 23 
34 4 
35 16 
35 28 
36 8 
37 7 
38 4 
38 8 
38 10 
39 26 
39 34 
39 35 
40 1 
40 26 
41 2 
42 7 
43 6 
43 40 
44 7 
49 10 
49 40 
50 7 
50 28 
51 26 
52 4 
53 8 
55 7 
55 13 
55 39 
56 23 
57 4 
59 38 
60 8 
60 50 
61 2 
62 41 
63 1 
64 4 
64 23 
65 2 
65 13 
67 7 
67 16 
68 8 
69 4 
69 33 
69 38 
70 1 
70 7 
76 23 
76 26 
77 60 
79 35 
80 8 
80 55 
81 7 
81 13 
82 16 
82 44 
86 8 
86 62 
87 7 
88 13 
89 21 
89 26 
92 40 
93 18 
93 33 
94 4 
94 38 
96 67 
97 63 
97 93 
99 8 
100 4 
100 37 
101 4 
102 8 
104 18 
105 13 
105 89 
107 79 
108 70 
110 10 
110 57 
110 76 
112 110 
113 79 
114 86 
118 4 
119 55 
120 16 
120 23 
122 38 
123 60 
126 10 
129 79 
130 8 
130 94 
131 41 
132 7 
132 89 
133 110 
134 18 
134 44 
