136 130
1
2
3
4
5
6
7
8
9
10
11
12
13
14
15
16
17
18
19
20
21
22
23
24
25
26
27
28
29
30
31
32
33
34
35
36
37
38
39
40
41
42
43
44
45
46
47
48
49
50
51
52
53
54
55
56
57
58
59
60
61
62
63
64
65
66
67
68
69
70
71
72
73
74
75
76
77
78
79
80
81
82
83
84
85
86
87
88
89
90
91
92
93
94
95
96
97
98
99
100
101
102
103
104
105
106
107
108
109
110
111
112
113
114
115
116
117
118
119
120
121
122
123
124
125
126
127
128
129
130
131
132
133
134
135
136
1 2 
4 2 
5 2 
6 1 
6 2 
6 4 
7 6 
8 6 
9 6 
10 1 
10 2 
13 8 
13 9 
16 2 
16 9 
17 6 
17 9 
19 13 
19 16 
20 2 
20 4 
20 6 
21 6 
22 9 
23 20 
24 5 
25 6 
26 1 
26 9 
28 1 
28 2 
29 1 
31 20 
32 9 
36 1 
36 6 
37 2 
39 5 
40 6 
40 9 
42 2 
44 28 
45 4 
46 40 
47 31 
48 2 
49 8 
50 4 
51 1 
51 5 
52 20 
52 25 
54 16 
55 9 
56 6 
58 6 
58 40 
58 47 
59 2 
61 2 
62 2 
64 25 
66 28 
67 31 
67 62 
69 20 
70 9 
72 9 
73 52 
75 50 
76 1 
76 23 
77 31 
78 2 
78 40 
79 9 
81 20 
83 21 
85 25 
87 2 
91 52 
93 59 
94 9 
95 20 
96 2 
96 6 
96 20 
96 54 
98 19 
100 40 
101 6 
101 77 
102 2 
103 47 
103 73 
105 31 
106 25 
107 2 
109 9 
109 67 
111 1 
111 2 
111 6 
113 98 
114 42 
115 31 
119 69 
120 59 
122 2 
123 40 
123 100 
124 8 
124 28 
124 55 
124 100 
125 21 
127 23 
127 56 
127 64 
127 79 
128 20 
128 42 
128 93 
132 55 
133 2 
133 6 
135 94 
136 6 
136 9 
136 127 
