139 120
1
2
3
4
5
6
7
8
9
10
11
12
13
14
15
16
17
18
19
20
21
22
23
24
25
26
27
28
29
30
31
32
33
34
35
36
37
38
39
40
41
42
43
44
45
46
47
48
49
50
51
52
53
54
55
56
57
58
59
60
61
62
63
64
65
66
67
68
69
70
71
72
73
74
75
76
77
78
79
80
81
82
83
84
85
86
87
88
89
90
91
92
93
94
95
96
97
98
99
100
101
102
103
104
105
106
107
108
109
110
111
112
113
114
115
116
117
118
119
120
121
122
123
124
125
126
127
128
129
130
131
132
133
134
135
136
137
138
139
1 2 
4 1 
6 2 
7 2 
8 2 
9 1 
9 6 
10 1 
10 2 
11 10 
14 11 
16 1 
16 6 
17 1 
17 10 
21 1 
21 17 
26 2 
26 4 
26 8 
26 10 
27 6 
28 6 
29 6 
30 6 
33 6 
35 9 
36 4 
37 17 
40 1 
41 35 
43 4 
45 1 
47 2 
47 26 
48 1 
48 6 
48 29 
49 9 
49 16 
51 17 
52 14 
53 26 
54 8 
55 7 
57 2 
57 6 
57 17 
59 2 
59 6 
59 47 
59 55 
61 14 
64 48 
65 1 
65 2 
67 17 
69 6 
69 47 
73 57 
74 54 
77 69 
82 2 
82 9 
83 4 
84 1 
85 1 
86 17 
87 6 
87 14 
90 17 
90 59 
94 69 
95 26 
95 57 
97 84 
98 65 
99 47 
99 59 
100 55 
100 69 
101 29 
101 59 
102 2 
102 28 
104 82 
106 74 
107 17 
107 98 
109 69 
112 57 
116 1 
116 6 
118 28 
120 4 
120 101 
121 2 
121 26 
122 9 
123 6 
124 4 
124 6 
124 69 
125 47 
126 17 
126 69 
129 2 
130 26 
132 2 
132 48 
132 87 
133 8 
133 57 
133 122 
134 48 
135 4 
136 6 
136 57 
136 98 
136 101 
