141 131
1
2
3
4
5
6
7
8
9
10
11
12
13
14
15
16
17
18
19
20
21
22
23
24
25
26
27
28
29
30
31
32
33
34
35
36
37
38
39
40
41
42
43
44
45
46
47
48
49
50
51
52
53
54
55
56
57
58
59
60
61
62
63
64
65
66
67
68
69
70
71
72
73
74
75
76
77
78
79
80
81
82
83
84
85
86
87
88
89
90
91
92
93
94
95
96
97
98
99
100
101
102
103
104
105
106
107
108
109
110
111
112
113
114
115
116
117
118
119
120
121
122
123
124
125
126
127
128
129
130
131
132
133
134
135
136
137
138
139
140
141
1 2 
3 2 
4 2 
5 3 
6 2 
7 2 
7 6 
10 2 
10 3 
10 6 
14 7 
15 10 
16 2 
20 14 
21 2 
22 10 
22 16 
27 20 
28 2 
29 6 
29 7 
29 10 
30 2 
31 27 
32 15 
34 2 
36 21 
36 22 
37 1 
37 6 
37 10 
38 7 
42 15 
42 22 
42 29 
43 37 
44 1 
44 10 
44 43 
45 21 
50 6 
51 16 
52 36 
54 6 
55 54 
56 37 
56 50 
57 6 
57 45 
58 29 
58 57 
59 32 
60 2 
61 22 
63 2 
64 50 
65 2 
68 42 
69 43 
69 54 
69 65 
70 2 
70 7 
71 2 
71 10 
72 52 
73 10 
75 2 
75 44 
75 52 
77 36 
77 57 
79 54 
82 16 
86 2 
86 6 
86 61 
90 54 
91 10 
91 54 
92 30 
93 57 
94 10 
94 44 
94 77 
95 57 
96 22 
96 77 
97 32 
97 58 
97 86 
98 22 
98 86 
99 10 
101 32 
105 2 
108 77 
109 108 
111 2 
112 56 
112 96 
113 38 
113 86 
113 112 
114 22 
115 44 
117 10 
119 14 
121 112 
122 16 
122 86 
125 97 
127 43 
127 122 
128 2 
129 14 
130 77 
131 3 
131 10 
132 2 
133 16 
135 22 
135 77 
136 6 
136 22 
137 54 
137 86 
137 119 
138 71 
138 135 
139 131 
