143 150
1
2
3
4
5
6
7
8
9
10
11
12
13
14
15
16
17
18
19
20
21
22
23
24
25
26
27
28
29
30
31
32
33
34
35
36
37
38
39
40
41
42
43
44
45
46
47
48
49
50
51
52
53
54
55
56
57
58
59
60
61
62
63
64
65
66
67
68
69
70
71
72
73
74
75
76
77
78
79
80
81
82
83
84
85
86
87
88
89
90
91
92
93
94
95
96
97
98
99
100
101
102
103
104
105
106
107
108
109
110
111
112
113
114
115
116
117
118
119
120
121
122
123
124
125
126
127
128
129
130
131
132
133
134
135
136
137
138
139
140
141
142
143
1 2 
4 1 
4 2 
5 1 
6 2 
7 1 
8 1 
9 1 
10 2 
11 1 
12 1 
12 2 
13 1 
14 12 
15 1 
15 7 
16 1 
16 2 
17 2 
18 1 
18 7 
18 9 
18 11 
19 16 
19 18 
20 9 
21 2 
22 1 
23 1 
23 2 
25 18 
27 2 
27 13 
28 6 
28 13 
30 2 
30 4 
31 1 
31 2 
32 7 
33 1 
34 9 
34 19 
36 1 
36 10 
39 15 
40 2 
40 15 
41 11 
43 1 
43 7 
43 15 
44 18 
45 21 
46 1 
46 12 
48 5 
48 43 
49 4 
49 43 
50 1 
50 2 
52 43 
54 25 
55 48 
56 1 
57 10 
59 18 
60 4 
61 27 
64 21 
64 40 
65 16 
66 1 
66 34 
69 18 
69 49 
71 15 
71 43 
73 15 
73 16 
75 15 
76 52 
77 16 
77 43 
78 2 
80 2 
80 15 
84 40 
86 9 
86 27 
87 7 
87 12 
87 31 
88 4 
88 31 
88 87 
89 66 
91 71 
92 2 
93 66 
94 1 
95 4 
95 7 
95 13 
96 43 
100 15 
102 73 
104 5 
104 88 
105 5 
106 54 
108 2 
108 40 
109 5 
109 13 
110 2 
111 87 
116 2 
116 31 
116 64 
117 40 
119 1 
120 21 
120 71 
121 4 
122 13 
122 40 
123 49 
124 54 
125 1 
126 80 
127 16 
127 21 
127 61 
127 125 
129 2 
129 7 
131 61 
132 2 
132 15 
132 87 
132 93 
133 49 
136 2 
136 127 
138 88 
139 2 
142 15 
143 30 
