144 140
1
2
3
4
5
6
7
8
9
10
11
12
13
14
15
16
17
18
19
20
21
22
23
24
25
26
27
28
29
30
31
32
33
34
35
36
37
38
39
40
41
42
43
44
45
46
47
48
49
50
51
52
53
54
55
56
57
58
59
60
61
62
63
64
65
66
67
68
69
70
71
72
73
74
75
76
77
78
79
80
81
82
83
84
85
86
87
88
89
90
91
92
93
94
95
96
97
98
99
100
101
102
103
104
105
106
107
108
109
110
111
112
113
114
115
116
117
118
119
120
121
122
123
124
125
126
127
128
129
130
131
132
133
134
135
136
137
138
139
140
141
142
143
144
1 2 
3 1 
7 1 
8 1 
9 1 
11 1 
11 3 
14 1 
14 11 
16 1 
16 3 
17 1 
17 9 
18 1 
19 1 
22 1 
23 11 
25 3 
25 16 
28 11 
29 1 
30 25 
32 11 
33 1 
33 3 
33 25 
36 1 
38 1 
38 33 
41 1 
41 3 
46 16 
47 23 
48 32 
50 9 
50 16 
51 16 
52 32 
53 2 
54 3 
54 50 
54 52 
55 11 
58 3 
58 17 
59 1 
59 25 
59 54 
60 41 
62 1 
62 17 
65 30 
65 60 
66 1 
69 1 
69 3 
70 11 
71 50 
71 60 
73 1 
74 18 
74 51 
79 18 
80 11 
80 17 
80 18 
81 1 
82 3 
85 80 
86 1 
86 29 
86 74 
87 1 
87 3 
87 7 
88 11 
88 41 
91 11 
92 71 
93 32 
93 65 
94 7 
94 54 
95 3 
96 3 
96 11 
96 17 
97 11 
99 58 
100 52 
101 65 
102 80 
104 1 
104 99 
105 1 
106 1 
106 99 
107 1 
108 1 
109 1 
110 14 
111 17 
111 110 
112 111 
113 17 
113 19 
114 65 
115 17 
115 25 
116 50 
117 9 
117 18 
118 25 
118 86 
119 1 
119 97 
120 29 
120 116 
121 1 
121 66 
124 100 
125 2 
126 1 
130 9 
130 38 
131 119 
133 33 
133 106 
136 65 
136 125 
136 130 
137 11 
138 1 
138 11 
138 80 
140 96 
141 16 
142 1 
142 80 
142 107 
