148 161
1
2
3
4
5
6
7
8
9
10
11
12
13
14
15
16
17
18
19
20
21
22
23
24
25
26
27
28
29
30
31
32
33
34
35
36
37
38
39
40
41
42
43
44
45
46
47
48
49
50
51
52
53
54
55
56
57
58
59
60
61
62
63
64
65
66
67
68
69
70
71
72
73
74
75
76
77
78
79
80
81
82
83
84
85
86
87
88
89
90
91
92
93
94
95
96
97
98
99
100
101
102
103
104
105
106
107
108
109
110
111
112
113
114
115
116
117
118
119
120
121
122
123
124
125
126
127
128
129
130
131
132
133
134
135
136
137
138
139
140
141
142
143
144
145
146
147
148
1 2 
3 1 
6 3 
7 1 
7 3 
7 6 
8 1 
9 1 
9 3 
10 1 
10 7 
16 6 
18 1 
18 7 
18 9 
20 1 
20 18 
21 1 
21 2 
22 1 
23 18 
27 9 
29 10 
30 3 
30 9 
30 18 
31 7 
32 27 
33 1 
33 3 
33 18 
35 6 
35 20 
36 3 
36 16 
40 2 
40 20 
40 27 
41 10 
41 18 
41 33 
41 40 
43 6 
43 7 
44 33 
46 3 
46 6 
46 10 
48 9 
49 10 
49 41 
50 1 
50 20 
51 40 
52 1 
52 33 
53 16 
53 46 
55 10 
59 6 
60 30 
60 41 
62 3 
64 30 
65 18 
66 46 
68 9 
69 8 
69 30 
69 33 
69 50 
70 6 
70 20 
70 41 
71 1 
72 30 
72 32 
73 3 
73 9 
75 1 
75 20 
76 20 
76 41 
77 18 
80 3 
81 35 
82 27 
82 33 
83 52 
84 10 
86 18 
87 1 
87 18 
88 20 
89 65 
90 72 
91 6 
91 7 
92 10 
92 41 
93 3 
93 7 
94 35 
94 52 
94 93 
95 7 
95 69 
95 77 
96 82 
98 1 
98 6 
99 1 
99 53 
100 7 
101 1 
101 72 
102 21 
102 46 
104 1 
104 7 
105 33 
106 69 
107 7 
111 65 
114 44 
115 1 
115 95 
115 114 
117 41 
119 6 
119 30 
120 33 
120 95 
121 30 
121 40 
124 33 
124 120 
125 94 
126 69 
127 9 
130 3 
133 9 
133 44 
133 95 
134 1 
134 40 
134 75 
135 3 
135 95 
136 6 
136 69 
136 81 
138 21 
139 46 
141 20 
142 1 
142 68 
143 20 
143 75 
145 1 
147 134 
