149 145
1
2
3
4
5
6
7
8
9
10
11
12
13
14
15
16
17
18
19
20
21
22
23
24
25
26
27
28
29
30
31
32
33
34
35
36
37
38
39
40
41
42
43
44
45
46
47
48
49
50
51
52
53
54
55
56
57
58
59
60
61
62
63
64
65
66
67
68
69
70
71
72
73
74
75
76
77
78
79
80
81
82
83
84
85
86
87
88
89
90
91
92
93
94
95
96
97
98
99
100
101
102
103
104
105
106
107
108
109
110
111
112
113
114
115
116
117
118
119
120
121
122
123
124
125
126
127
128
129
130
131
132
133
134
135
136
137
138
139
140
141
142
143
144
145
146
147
148
149
1 2 
3 2 
4 1 
4 3 
5 1 
6 1 
6 5 
7 6 
8 3 
10 1 
10 4 
10 8 
12 1 
12 7 
12 10 
14 4 
14 5 
16 1 
16 4 
17 14 
18 14 
19 5 
20 5 
20 8 
23 10 
26 2 
26 20 
27 5 
27 8 
27 17 
28 1 
28 5 
28 8 
29 8 
29 14 
31 5 
33 1 
35 1 
36 20 
37 5 
38 3 
39 27 
40 26 
41 4 
41 6 
41 8 
41 10 
43 26 
43 41 
44 5 
45 4 
45 5 
46 23 
46 26 
50 26 
51 1 
55 16 
55 33 
59 41 
61 45 
62 10 
63 1 
64 10 
66 10 
66 12 
72 55 
73 6 
73 7 
74 10 
76 5 
79 1 
79 6 
79 7 
81 5 
81 10 
81 41 
82 35 
83 1 
83 3 
84 45 
85 4 
87 1 
87 43 
88 55 
88 61 
89 38 
90 5 
90 7 
91 45 
93 1 
94 10 
94 18 
94 29 
94 50 
95 74 
97 5 
98 2 
99 6 
100 4 
100 94 
101 39 
101 89 
102 94 
103 41 
104 6 
105 26 
105 81 
106 3 
106 20 
107 33 
107 103 
108 10 
108 16 
109 41 
109 43 
109 91 
111 83 
113 1 
115 4 
118 10 
119 43 
121 16 
121 43 
122 43 
122 82 
124 10 
126 10 
128 6 
128 28 
130 10 
131 20 
134 43 
138 45 
140 1 
141 5 
141 33 
142 100 
143 20 
143 74 
144 63 
145 1 
146 43 
147 104 
147 128 
149 100 
