150 146
1
2
3
4
5
6
7
8
9
10
11
12
13
14
15
16
17
18
19
20
21
22
23
24
25
26
27
28
29
30
31
32
33
34
35
36
37
38
39
40
41
42
43
44
45
46
47
48
49
50
51
52
53
54
55
56
57
58
59
60
61
62
63
64
65
66
67
68
69
70
71
72
73
74
75
76
77
78
79
80
81
82
83
84
85
86
87
88
89
90
91
92
93
94
95
96
97
98
99
100
101
102
103
104
105
106
107
108
109
110
111
112
113
114
115
116
117
118
119
120
121
122
123
124
125
126
127
128
129
130
131
132
133
134
135
136
137
138
139
140
141
142
143
144
145
146
147
148
149
150
1 2 
3 1 
4 1 
4 2 
4 3 
5 4 
7 4 
9 4 
10 4 
11 4 
11 5 
11 7 
12 3 
12 11 
16 2 
16 4 
17 4 
18 4 
19 11 
19 18 
21 4 
23 2 
24 1 
24 16 
25 1 
26 2 
28 11 
31 4 
31 18 
32 11 
33 5 
34 3 
34 4 
34 12 
35 5 
35 11 
36 4 
38 4 
39 2 
39 17 
39 18 
40 3 
40 11 
42 4 
46 4 
47 3 
49 5 
49 9 
50 4 
50 18 
51 42 
53 4 
53 19 
53 24 
55 32 
56 4 
56 34 
57 4 
57 18 
59 4 
59 7 
59 34 
60 59 
62 4 
62 7 
64 3 
71 2 
71 4 
72 11 
76 40 
77 4 
77 5 
78 39 
78 50 
81 49 
81 64 
84 33 
84 59 
85 28 
86 5 
87 11 
89 39 
90 2 
90 32 
90 53 
91 34 
93 3 
93 5 
94 3 
95 5 
95 40 
95 57 
97 2 
97 34 
97 42 
101 50 
103 2 
104 78 
106 11 
106 18 
109 5 
109 9 
110 2 
110 11 
111 81 
112 33 
112 56 
114 4 
115 76 
116 16 
116 19 
116 39 
118 4 
121 4 
122 78 
122 111 
123 23 
123 33 
124 4 
124 50 
131 56 
132 19 
132 39 
132 40 
132 46 
134 50 
135 16 
136 2 
136 101 
137 4 
137 71 
137 121 
139 18 
139 25 
140 51 
141 104 
142 53 
143 40 
144 34 
144 39 
144 109 
145 93 
145 131 
145 132 
148 11 
149 36 
