156 156
1
2
3
4
5
6
7
8
9
10
11
12
13
14
15
16
17
18
19
20
21
22
23
24
25
26
27
28
29
30
31
32
33
34
35
36
37
38
39
40
41
42
43
44
45
46
47
48
49
50
51
52
53
54
55
56
57
58
59
60
61
62
63
64
65
66
67
68
69
70
71
72
73
74
75
76
77
78
79
80
81
82
83
84
85
86
87
88
89
90
91
92
93
94
95
96
97
98
99
100
101
102
103
104
105
106
107
108
109
110
111
112
113
114
115
116
117
118
119
120
121
122
123
124
125
126
127
128
129
130
131
132
133
134
135
136
137
138
139
140
141
142
143
144
145
146
147
148
149
150
151
152
153
154
155
156
1 2 
3 1 
3 2 
4 1 
4 2 
5 1 
5 2 
5 4 
8 2 
8 3 
8 5 
9 2 
9 3 
9 8 
11 1 
13 5 
15 2 
15 3 
15 8 
19 5 
19 8 
19 15 
20 5 
21 5 
21 8 
22 9 
23 8 
24 3 
24 5 
24 8 
25 8 
26 2 
26 3 
26 9 
27 19 
29 22 
32 1 
32 3 
32 4 
32 9 
33 22 
34 3 
34 22 
35 13 
35 19 
35 22 
36 13 
37 8 
37 23 
40 2 
42 2 
42 5 
43 3 
43 5 
46 2 
46 15 
48 1 
48 8 
48 15 
49 11 
50 26 
51 3 
52 3 
52 33 
53 15 
54 24 
57 1 
57 2 
58 2 
58 22 
61 2 
61 8 
62 8 
62 19 
62 48 
63 43 
64 53 
65 26 
66 22 
68 2 
69 2 
71 40 
72 62 
74 3 
74 8 
77 52 
80 8 
82 24 
83 9 
84 24 
85 24 
89 2 
90 8 
90 15 
92 68 
94 32 
95 2 
97 65 
100 22 
100 24 
101 82 
105 3 
107 1 
107 15 
108 19 
108 20 
109 3 
109 22 
110 20 
112 4 
112 9 
112 62 
113 8 
113 9 
113 24 
114 2 
114 112 
116 42 
118 15 
118 21 
121 34 
123 8 
123 49 
124 2 
124 77 
126 2 
126 5 
126 27 
127 3 
128 15 
129 34 
131 2 
132 2 
134 5 
134 19 
135 8 
136 48 
136 57 
137 26 
138 25 
139 2 
142 11 
142 19 
144 15 
145 1 
145 19 
145 48 
146 77 
147 8 
148 5 
148 22 
149 19 
150 129 
151 118 
155 5 
155 19 
