160 156
1
2
3
4
5
6
7
8
9
10
11
12
13
14
15
16
17
18
19
20
21
22
23
24
25
26
27
28
29
30
31
32
33
34
35
36
37
38
39
40
41
42
43
44
45
46
47
48
49
50
51
52
53
54
55
56
57
58
59
60
61
62
63
64
65
66
67
68
69
70
71
72
73
74
75
76
77
78
79
80
81
82
83
84
85
86
87
88
89
90
91
92
93
94
95
96
97
98
99
100
101
102
103
104
105
106
107
108
109
110
111
112
113
114
115
116
117
118
119
120
121
122
123
124
125
126
127
128
129
130
131
132
133
134
135
136
137
138
139
140
141
142
143
144
145
146
147
148
149
150
151
152
153
154
155
156
157
158
159
160
1 2 
3 1 
3 2 
4 1 
5 4 
8 3 
10 8 
12 1 
13 1 
14 3 
14 13 
15 1 
15 5 
15 10 
16 3 
16 13 
18 5 
18 8 
19 3 
20 1 
20 13 
22 3 
23 4 
23 5 
28 3 
30 23 
31 13 
31 18 
31 23 
32 3 
32 13 
33 3 
33 15 
34 1 
35 3 
35 13 
35 18 
36 8 
37 8 
38 20 
38 31 
39 15 
42 31 
43 8 
43 10 
43 23 
44 14 
45 15 
48 31 
49 31 
50 13 
51 3 
51 5 
52 8 
54 14 
54 15 
55 3 
57 43 
59 4 
60 43 
61 32 
62 3 
63 34 
63 50 
64 31 
66 5 
67 35 
68 20 
68 63 
72 5 
72 8 
72 63 
73 3 
73 37 
75 15 
76 23 
76 72 
77 72 
78 1 
79 31 
79 62 
80 12 
80 62 
82 57 
82 76 
84 1 
84 5 
86 31 
86 35 
88 8 
88 43 
88 79 
89 10 
89 35 
91 38 
92 13 
93 13 
94 3 
95 86 
97 8 
98 72 
101 62 
103 72 
104 32 
105 51 
106 3 
106 31 
108 51 
109 43 
109 51 
110 8 
111 10 
112 1 
113 35 
116 30 
116 35 
117 15 
118 13 
118 23 
119 33 
119 79 
120 13 
121 72 
122 4 
122 32 
124 13 
125 2 
125 12 
127 108 
128 18 
128 23 
129 3 
129 35 
130 72 
132 32 
133 10 
136 18 
136 82 
137 13 
137 34 
140 98 
141 32 
141 109 
145 79 
146 2 
146 23 
147 8 
148 3 
148 23 
148 103 
151 20 
154 13 
155 1 
156 146 
160 13 
160 32 
