161 175
1
2
3
4
5
6
7
8
9
10
11
12
13
14
15
16
17
18
19
20
21
22
23
24
25
26
27
28
29
30
31
32
33
34
35
36
37
38
39
40
41
42
43
44
45
46
47
48
49
50
51
52
53
54
55
56
57
58
59
60
61
62
63
64
65
66
67
68
69
70
71
72
73
74
75
76
77
78
79
80
81
82
83
84
85
86
87
88
89
90
91
92
93
94
95
96
97
98
99
100
101
102
103
104
105
106
107
108
109
110
111
112
113
114
115
116
117
118
119
120
121
122
123
124
125
126
127
128
129
130
131
132
133
134
135
136
137
138
139
140
141
142
143
144
145
146
147
148
149
150
151
152
153
154
155
156
157
158
159
160
161
1 2 
3 2 
4 3 
5 3 
6 3 
8 3 
9 5 
9 8 
10 4 
11 9 
12 3 
13 9 
13 10 
15 3 
16 10 
17 10 
19 3 
21 4 
21 13 
22 3 
22 10 
24 15 
24 17 
25 10 
27 3 
32 10 
34 10 
35 4 
36 2 
36 6 
37 3 
39 37 
40 3 
41 34 
41 37 
43 2 
43 6 
43 34 
44 15 
44 36 
44 37 
45 6 
47 35 
48 2 
51 6 
53 3 
53 44 
55 3 
55 10 
55 17 
55 24 
56 6 
56 12 
57 8 
58 3 
61 32 
62 44 
62 45 
63 27 
63 40 
64 10 
66 21 
66 34 
70 3 
70 8 
70 35 
71 10 
72 4 
74 2 
74 25 
74 36 
76 3 
77 4 
78 10 
78 41 
79 3 
79 13 
79 70 
80 16 
80 37 
81 22 
81 48 
83 79 
84 3 
85 2 
86 4 
86 6 
86 25 
87 6 
89 3 
89 70 
90 79 
94 17 
96 94 
98 3 
98 24 
98 41 
98 79 
99 3 
100 6 
100 86 
101 3 
102 12 
102 99 
103 2 
103 17 
103 34 
105 10 
105 55 
105 98 
106 56 
106 74 
107 24 
107 55 
107 106 
110 86 
111 74 
112 4 
112 6 
113 4 
116 5 
116 24 
116 94 
117 36 
118 55 
118 101 
120 51 
121 27 
121 37 
123 10 
123 86 
124 117 
125 4 
125 25 
125 55 
127 27 
128 44 
129 41 
129 103 
130 4 
131 89 
132 8 
133 113 
134 10 
136 34 
136 113 
137 16 
138 41 
138 72 
139 66 
139 79 
139 90 
141 98 
141 136 
142 37 
142 53 
143 106 
143 141 
144 32 
144 35 
144 44 
146 102 
148 117 
149 66 
150 45 
151 24 
152 6 
155 35 
156 22 
158 24 
158 55 
158 81 
160 3 
160 70 
161 79 
