162 137
1
2
3
4
5
6
7
8
9
10
11
12
13
14
15
16
17
18
19
20
21
22
23
24
25
26
27
28
29
30
31
32
33
34
35
36
37
38
39
40
41
42
43
44
45
46
47
48
49
50
51
52
53
54
55
56
57
58
59
60
61
62
63
64
65
66
67
68
69
70
71
72
73
74
75
76
77
78
79
80
81
82
83
84
85
86
87
88
89
90
91
92
93
94
95
96
97
98
99
100
101
102
103
104
105
106
107
108
109
110
111
112
113
114
115
116
117
118
119
120
121
122
123
124
125
126
127
128
129
130
131
132
133
134
135
136
137
138
139
140
141
142
143
144
145
146
147
148
149
150
151
152
153
154
155
156
157
158
159
160
161
162
1 2 
3 1 
3 2 
4 2 
6 1 
7 3 
9 1 
9 2 
10 3 
11 2 
12 1 
12 3 
14 1 
14 3 
15 3 
18 12 
19 3 
19 9 
20 12 
24 3 
26 24 
30 14 
30 20 
32 3 
32 15 
34 19 
35 1 
41 1 
41 3 
41 10 
41 14 
42 19 
43 7 
44 18 
45 19 
45 43 
49 19 
51 44 
52 3 
52 19 
53 34 
54 3 
55 19 
56 41 
61 41 
62 20 
63 20 
64 1 
65 9 
65 19 
68 19 
68 62 
74 3 
75 41 
78 3 
78 20 
79 12 
81 43 
82 3 
83 2 
85 41 
85 52 
86 1 
86 83 
88 54 
89 35 
90 1 
90 12 
91 41 
91 90 
92 85 
93 3 
93 56 
95 1 
96 1 
97 12 
97 34 
100 68 
102 2 
103 88 
106 85 
107 10 
107 91 
109 14 
109 78 
110 3 
111 86 
111 88 
113 95 
114 12 
119 45 
119 56 
119 85 
120 12 
120 44 
123 3 
123 20 
124 82 
125 107 
127 24 
127 62 
128 3 
130 26 
130 68 
132 64 
133 9 
133 95 
134 12 
135 110 
135 127 
137 65 
137 127 
139 79 
140 86 
140 120 
141 1 
143 18 
144 3 
144 90 
145 78 
146 19 
149 1 
149 12 
153 1 
153 19 
153 95 
153 127 
156 111 
156 133 
157 83 
157 111 
158 133 
160 130 
161 140 
162 14 
162 88 
162 141 
