163 183
1
2
3
4
5
6
7
8
9
10
11
12
13
14
15
16
17
18
19
20
21
22
23
24
25
26
27
28
29
30
31
32
33
34
35
36
37
38
39
40
41
42
43
44
45
46
47
48
49
50
51
52
53
54
55
56
57
58
59
60
61
62
63
64
65
66
67
68
69
70
71
72
73
74
75
76
77
78
79
80
81
82
83
84
85
86
87
88
89
90
91
92
93
94
95
96
97
98
99
100
101
102
103
104
105
106
107
108
109
110
111
112
113
114
115
116
117
118
119
120
121
122
123
124
125
126
127
128
129
130
131
132
133
134
135
136
137
138
139
140
141
142
143
144
145
146
147
148
149
150
151
152
153
154
155
156
157
158
159
160
161
162
163
1 2 
3 2 
4 2 
6 4 
7 2 
7 4 
7 6 
8 2 
9 7 
10 2 
13 1 
13 2 
16 2 
21 1 
23 6 
25 2 
26 2 
27 1 
27 2 
27 13 
28 7 
29 8 
30 7 
31 2 
31 27 
34 2 
34 13 
35 7 
35 23 
35 27 
36 2 
37 6 
37 27 
38 2 
40 2 
40 4 
41 2 
42 13 
42 27 
42 37 
43 2 
44 1 
44 13 
46 25 
47 2 
47 37 
48 2 
48 44 
49 7 
49 44 
50 23 
52 2 
52 7 
52 9 
53 30 
54 7 
56 1 
57 30 
58 43 
59 1 
59 2 
61 41 
63 4 
65 2 
66 43 
68 7 
68 27 
69 4 
69 13 
70 31 
73 2 
75 2 
75 37 
75 44 
76 7 
77 2 
78 75 
80 21 
81 13 
82 6 
83 65 
84 2 
85 16 
85 21 
89 23 
90 2 
90 85 
91 27 
91 53 
92 2 
93 2 
93 7 
94 7 
96 68 
99 34 
100 7 
100 35 
100 56 
100 59 
101 34 
102 43 
103 66 
104 65 
105 2 
105 4 
106 27 
107 2 
107 26 
109 8 
109 25 
110 75 
111 63 
112 2 
113 2 
113 6 
114 16 
114 34 
115 2 
115 16 
115 75 
116 6 
120 40 
122 31 
122 61 
123 53 
124 4 
124 7 
124 35 
125 1 
126 52 
127 2 
127 70 
129 27 
130 4 
130 27 
130 75 
131 124 
132 1 
134 23 
134 123 
135 102 
135 107 
135 115 
138 75 
139 2 
139 23 
140 2 
141 27 
141 30 
144 132 
145 42 
145 46 
145 106 
146 13 
146 34 
146 47 
146 91 
147 2 
149 75 
151 21 
152 2 
152 7 
152 49 
153 42 
153 151 
154 75 
155 2 
155 7 
156 2 
157 34 
157 54 
158 2 
158 69 
158 83 
158 103 
158 115 
159 65 
160 1 
160 34 
160 75 
161 2 
161 83 
163 1 
