164 143
1
2
3
4
5
6
7
8
9
10
11
12
13
14
15
16
17
18
19
20
21
22
23
24
25
26
27
28
29
30
31
32
33
34
35
36
37
38
39
40
41
42
43
44
45
46
47
48
49
50
51
52
53
54
55
56
57
58
59
60
61
62
63
64
65
66
67
68
69
70
71
72
73
74
75
76
77
78
79
80
81
82
83
84
85
86
87
88
89
90
91
92
93
94
95
96
97
98
99
100
101
102
103
104
105
106
107
108
109
110
111
112
113
114
115
116
117
118
119
120
121
122
123
124
125
126
127
128
129
130
131
132
133
134
135
136
137
138
139
140
141
142
143
144
145
146
147
148
149
150
151
152
153
154
155
156
157
158
159
160
161
162
163
164
1 2 
3 1 
3 2 
5 2 
5 3 
7 1 
9 3 
9 7 
11 9 
13 1 
14 1 
15 1 
16 3 
17 2 
17 7 
17 9 
19 17 
21 5 
22 3 
23 2 
23 5 
23 9 
24 2 
28 2 
28 3 
29 2 
32 29 
33 1 
36 13 
36 28 
37 23 
38 28 
42 1 
43 2 
43 32 
44 2 
45 38 
46 19 
48 13 
48 15 
49 45 
50 9 
50 44 
50 45 
51 5 
51 9 
51 13 
51 16 
53 17 
53 19 
54 28 
57 51 
58 48 
59 2 
60 51 
63 7 
63 28 
65 7 
66 2 
66 3 
66 7 
67 48 
68 66 
70 2 
71 7 
72 46 
73 46 
73 66 
74 66 
75 13 
77 5 
80 2 
81 1 
82 5 
82 9 
82 29 
83 3 
86 82 
87 2 
90 5 
90 9 
93 13 
93 17 
96 28 
96 93 
97 63 
97 87 
98 32 
99 3 
103 3 
103 98 
106 7 
106 13 
106 70 
106 73 
107 13 
108 23 
109 16 
112 2 
114 60 
115 3 
115 36 
118 97 
119 16 
120 2 
120 53 
121 1 
123 1 
124 5 
124 93 
126 63 
129 7 
130 7 
130 15 
130 22 
133 53 
134 3 
135 3 
136 90 
137 7 
138 3 
140 3 
140 130 
145 2 
147 1 
149 7 
150 3 
151 3 
152 103 
153 98 
154 49 
154 136 
155 60 
155 83 
156 106 
157 32 
158 5 
158 42 
159 17 
159 137 
160 155 
163 17 
163 70 
