165 158
1
2
3
4
5
6
7
8
9
10
11
12
13
14
15
16
17
18
19
20
21
22
23
24
25
26
27
28
29
30
31
32
33
34
35
36
37
38
39
40
41
42
43
44
45
46
47
48
49
50
51
52
53
54
55
56
57
58
59
60
61
62
63
64
65
66
67
68
69
70
71
72
73
74
75
76
77
78
79
80
81
82
83
84
85
86
87
88
89
90
91
92
93
94
95
96
97
98
99
100
101
102
103
104
105
106
107
108
109
110
111
112
113
114
115
116
117
118
119
120
121
122
123
124
125
126
127
128
129
130
131
132
133
134
135
136
137
138
139
140
141
142
143
144
145
146
147
148
149
150
151
152
153
154
155
156
157
158
159
160
161
162
163
164
165
1 2 
3 1 
5 1 
7 1 
7 2 
7 3 
8 1 
8 5 
9 1 
10 1 
11 1 
11 8 
12 1 
12 3 
13 2 
15 11 
16 1 
16 11 
17 1 
17 7 
17 9 
18 12 
19 1 
19 3 
20 1 
20 5 
22 9 
24 5 
24 10 
24 16 
25 12 
28 7 
29 5 
30 5 
31 17 
34 8 
35 11 
37 2 
39 7 
40 11 
41 5 
42 1 
42 12 
45 2 
48 5 
49 13 
50 5 
50 17 
51 1 
51 3 
52 5 
52 16 
52 41 
53 3 
57 3 
61 22 
63 7 
65 9 
67 49 
71 11 
72 3 
72 50 
74 1 
75 37 
76 17 
77 72 
78 1 
80 9 
81 3 
82 2 
82 17 
82 28 
83 2 
84 9 
85 11 
85 16 
85 25 
88 1 
88 16 
90 34 
90 37 
91 16 
93 9 
94 24 
97 3 
97 20 
97 53 
97 85 
98 10 
99 85 
102 8 
104 99 
106 7 
106 65 
107 20 
108 11 
108 25 
111 12 
112 50 
113 2 
117 1 
118 48 
118 106 
121 3 
121 98 
123 11 
123 50 
123 121 
127 111 
128 3 
129 10 
130 16 
132 97 
133 1 
133 9 
133 16 
134 11 
134 104 
135 9 
135 11 
135 48 
136 48 
136 50 
136 81 
137 17 
137 72 
137 74 
137 85 
137 134 
138 1 
139 16 
140 12 
141 9 
141 135 
142 7 
142 17 
142 63 
143 3 
143 88 
144 17 
144 82 
144 88 
146 65 
147 1 
147 3 
148 13 
150 1 
151 97 
152 25 
153 20 
154 74 
154 121 
155 24 
156 1 
156 104 
158 85 
160 9 
164 20 
