166 176
1
2
3
4
5
6
7
8
9
10
11
12
13
14
15
16
17
18
19
20
21
22
23
24
25
26
27
28
29
30
31
32
33
34
35
36
37
38
39
40
41
42
43
44
45
46
47
48
49
50
51
52
53
54
55
56
57
58
59
60
61
62
63
64
65
66
67
68
69
70
71
72
73
74
75
76
77
78
79
80
81
82
83
84
85
86
87
88
89
90
91
92
93
94
95
96
97
98
99
100
101
102
103
104
105
106
107
108
109
110
111
112
113
114
115
116
117
118
119
120
121
122
123
124
125
126
127
128
129
130
131
132
133
134
135
136
137
138
139
140
141
142
143
144
145
146
147
148
149
150
151
152
153
154
155
156
157
158
159
160
161
162
163
164
165
166
1 2 
3 2 
4 1 
4 2 
5 4 
7 4 
8 2 
11 1 
11 8 
13 2 
14 1 
14 2 
15 2 
15 4 
15 11 
16 8 
16 11 
17 4 
19 4 
19 7 
19 15 
21 16 
22 2 
22 8 
22 11 
22 14 
22 16 
24 2 
24 8 
26 4 
27 15 
27 24 
28 17 
29 4 
30 16 
31 5 
31 11 
33 2 
33 15 
34 8 
34 19 
35 15 
36 2 
36 22 
37 4 
38 3 
38 5 
38 27 
39 2 
40 24 
41 4 
42 27 
44 4 
44 11 
46 11 
48 2 
48 46 
50 14 
51 8 
51 16 
51 19 
53 3 
53 11 
53 51 
55 14 
56 2 
56 11 
57 31 
58 4 
58 15 
60 48 
61 4 
61 15 
61 24 
62 17 
63 2 
64 4 
65 3 
65 15 
66 3 
68 2 
68 15 
69 4 
70 4 
71 17 
73 4 
74 1 
76 24 
76 58 
77 2 
77 70 
78 4 
80 11 
80 22 
80 41 
81 22 
82 11 
83 7 
85 19 
86 15 
87 60 
89 46 
90 31 
92 8 
92 11 
99 2 
99 92 
100 8 
101 2 
101 71 
102 60 
103 11 
103 15 
104 76 
105 21 
106 11 
106 22 
106 48 
108 1 
108 15 
108 35 
109 24 
110 4 
110 8 
112 4 
112 109 
114 4 
114 15 
115 46 
119 8 
120 15 
120 38 
121 1 
121 14 
121 53 
121 103 
126 2 
126 8 
129 24 
129 106 
131 60 
131 108 
132 108 
134 58 
139 4 
139 8 
139 51 
140 11 
142 77 
142 102 
142 103 
143 1 
143 73 
143 126 
144 2 
144 19 
144 62 
145 57 
145 61 
147 2 
148 62 
150 35 
150 80 
151 19 
151 126 
153 3 
153 80 
155 60 
156 143 
158 11 
158 31 
159 8 
160 92 
163 103 
164 8 
165 11 
