167 176
1
2
3
4
5
6
7
8
9
10
11
12
13
14
15
16
17
18
19
20
21
22
23
24
25
26
27
28
29
30
31
32
33
34
35
36
37
38
39
40
41
42
43
44
45
46
47
48
49
50
51
52
53
54
55
56
57
58
59
60
61
62
63
64
65
66
67
68
69
70
71
72
73
74
75
76
77
78
79
80
81
82
83
84
85
86
87
88
89
90
91
92
93
94
95
96
97
98
99
100
101
102
103
104
105
106
107
108
109
110
111
112
113
114
115
116
117
118
119
120
121
122
123
124
125
126
127
128
129
130
131
132
133
134
135
136
137
138
139
140
141
142
143
144
145
146
147
148
149
150
151
152
153
154
155
156
157
158
159
160
161
162
163
164
165
166
167
1 2 
3 1 
5 3 
7 1 
8 1 
8 3 
9 1 
9 3 
10 1 
11 3 
13 1 
14 2 
14 8 
15 11 
16 1 
16 7 
17 1 
17 10 
17 13 
18 3 
18 17 
21 7 
22 1 
23 1 
24 1 
24 2 
24 3 
25 16 
26 1 
26 3 
26 17 
27 1 
27 9 
29 1 
29 16 
30 1 
33 1 
33 17 
33 24 
35 7 
36 1 
38 3 
38 10 
39 14 
39 35 
40 14 
40 26 
41 3 
41 7 
41 8 
41 26 
42 1 
43 3 
43 10 
45 35 
46 17 
47 1 
47 15 
48 3 
49 1 
52 10 
53 35 
54 9 
54 47 
55 3 
55 13 
55 35 
56 3 
56 29 
56 35 
57 3 
59 1 
59 10 
59 24 
59 35 
59 55 
60 1 
61 1 
61 10 
61 26 
63 10 
65 3 
65 8 
69 41 
70 35 
73 39 
74 18 
74 59 
75 16 
76 3 
76 48 
76 75 
77 10 
78 48 
80 16 
82 5 
82 7 
82 63 
82 75 
83 29 
83 36 
84 7 
84 60 
85 17 
85 84 
86 29 
89 7 
90 16 
91 33 
93 8 
93 76 
95 3 
95 26 
97 17 
98 10 
98 16 
99 82 
100 35 
101 11 
104 3 
104 29 
104 56 
105 1 
105 48 
106 26 
108 60 
108 76 
109 1 
109 76 
110 16 
113 41 
116 27 
117 7 
117 101 
118 49 
119 14 
120 33 
120 105 
122 26 
123 7 
125 7 
126 3 
126 29 
127 63 
128 9 
128 60 
129 15 
129 49 
130 1 
131 42 
132 59 
133 1 
134 24 
135 97 
137 1 
139 26 
142 14 
142 125 
144 2 
145 46 
147 49 
149 123 
150 117 
152 26 
152 59 
153 2 
154 109 
155 1 
157 1 
157 123 
157 155 
159 9 
164 65 
166 8 
167 3 
167 90 
