168 154
1
2
3
4
5
6
7
8
9
10
11
12
13
14
15
16
17
18
19
20
21
22
23
24
25
26
27
28
29
30
31
32
33
34
35
36
37
38
39
40
41
42
43
44
45
46
47
48
49
50
51
52
53
54
55
56
57
58
59
60
61
62
63
64
65
66
67
68
69
70
71
72
73
74
75
76
77
78
79
80
81
82
83
84
85
86
87
88
89
90
91
92
93
94
95
96
97
98
99
100
101
102
103
104
105
106
107
108
109
110
111
112
113
114
115
116
117
118
119
120
121
122
123
124
125
126
127
128
129
130
131
132
133
134
135
136
137
138
139
140
141
142
143
144
145
146
147
148
149
150
151
152
153
154
155
156
157
158
159
160
161
162
163
164
165
166
167
168
1 2 
4 1 
5 1 
5 2 
6 1 
9 1 
9 5 
10 4 
13 1 
17 2 
17 5 
19 9 
20 6 
20 17 
21 1 
21 2 
24 1 
27 1 
27 2 
28 1 
28 2 
28 6 
29 1 
29 5 
30 2 
30 4 
30 20 
31 4 
31 10 
32 5 
32 6 
33 2 
34 1 
34 6 
34 31 
35 5 
37 20 
38 4 
39 1 
40 4 
41 4 
44 9 
44 20 
44 28 
46 4 
47 4 
47 28 
50 4 
51 2 
52 4 
59 4 
61 34 
62 27 
63 5 
64 34 
65 41 
66 19 
67 19 
67 52 
68 2 
69 44 
70 35 
71 2 
72 1 
73 2 
75 2 
76 2 
76 37 
77 9 
77 21 
78 6 
78 34 
79 1 
79 4 
79 20 
79 21 
81 28 
83 1 
83 9 
83 77 
84 31 
85 76 
87 34 
90 30 
92 19 
92 29 
94 34 
95 44 
95 84 
96 33 
96 75 
97 2 
98 20 
98 75 
99 35 
102 5 
106 1 
106 92 
107 68 
108 27 
109 21 
110 97 
116 2 
116 21 
118 34 
120 4 
121 79 
122 5 
123 2 
126 78 
127 38 
128 19 
128 34 
128 79 
129 1 
129 2 
130 46 
133 2 
133 28 
135 1 
135 2 
137 5 
137 68 
139 31 
140 122 
141 39 
141 130 
144 69 
146 4 
148 1 
148 9 
148 34 
148 47 
149 146 
151 6 
151 34 
153 5 
156 34 
157 6 
157 99 
158 130 
160 17 
161 35 
163 5 
163 65 
163 128 
164 4 
164 67 
165 6 
165 127 
167 44 
167 75 
167 135 
168 95 
