173 172
1
2
3
4
5
6
7
8
9
10
11
12
13
14
15
16
17
18
19
20
21
22
23
24
25
26
27
28
29
30
31
32
33
34
35
36
37
38
39
40
41
42
43
44
45
46
47
48
49
50
51
52
53
54
55
56
57
58
59
60
61
62
63
64
65
66
67
68
69
70
71
72
73
74
75
76
77
78
79
80
81
82
83
84
85
86
87
88
89
90
91
92
93
94
95
96
97
98
99
100
101
102
103
104
105
106
107
108
109
110
111
112
113
114
115
116
117
118
119
120
121
122
123
124
125
126
127
128
129
130
131
132
133
134
135
136
137
138
139
140
141
142
143
144
145
146
147
148
149
150
151
152
153
154
155
156
157
158
159
160
161
162
163
164
165
166
167
168
169
170
171
172
173
1 2 
3 1 
3 2 
4 1 
5 1 
7 1 
7 4 
10 1 
10 3 
10 5 
14 7 
15 1 
15 2 
15 7 
15 14 
16 7 
16 15 
18 3 
18 16 
20 1 
20 2 
21 2 
22 2 
22 10 
23 7 
24 2 
24 15 
24 20 
25 15 
26 25 
27 15 
27 24 
28 15 
33 1 
33 2 
35 28 
36 25 
37 25 
38 20 
39 23 
41 1 
42 7 
42 20 
47 33 
49 15 
50 22 
52 15 
53 7 
53 28 
56 3 
56 5 
59 20 
59 24 
61 23 
62 2 
63 15 
63 20 
64 2 
65 33 
65 47 
66 3 
66 20 
70 15 
72 2 
72 3 
72 16 
73 7 
74 15 
74 52 
75 36 
75 73 
76 75 
77 16 
77 23 
77 64 
78 1 
79 66 
82 7 
83 20 
84 15 
84 27 
84 36 
86 10 
86 61 
87 23 
87 33 
87 83 
88 73 
90 10 
91 65 
94 24 
95 7 
97 10 
97 23 
98 36 
99 2 
99 7 
99 38 
99 59 
100 16 
101 20 
103 5 
103 20 
103 53 
104 59 
105 75 
106 4 
106 24 
106 59 
109 83 
110 24 
112 15 
112 37 
112 73 
113 15 
113 23 
115 2 
116 14 
116 52 
121 15 
121 106 
123 18 
124 90 
126 15 
126 74 
127 23 
128 53 
129 90 
130 121 
133 3 
134 33 
134 61 
135 26 
135 53 
136 2 
136 7 
137 1 
137 52 
139 75 
141 61 
142 15 
143 10 
143 20 
144 24 
146 10 
146 21 
146 77 
147 14 
150 1 
153 112 
154 52 
155 16 
155 22 
156 24 
158 14 
161 10 
162 15 
162 18 
162 59 
164 24 
165 62 
166 23 
166 63 
166 142 
167 158 
168 23 
169 4 
169 162 
170 65 
171 77 
173 1 
173 7 
