176 187
1
2
3
4
5
6
7
8
9
10
11
12
13
14
15
16
17
18
19
20
21
22
23
24
25
26
27
28
29
30
31
32
33
34
35
36
37
38
39
40
41
42
43
44
45
46
47
48
49
50
51
52
53
54
55
56
57
58
59
60
61
62
63
64
65
66
67
68
69
70
71
72
73
74
75
76
77
78
79
80
81
82
83
84
85
86
87
88
89
90
91
92
93
94
95
96
97
98
99
100
101
102
103
104
105
106
107
108
109
110
111
112
113
114
115
116
117
118
119
120
121
122
123
124
125
126
127
128
129
130
131
132
133
134
135
136
137
138
139
140
141
142
143
144
145
146
147
148
149
150
151
152
153
154
155
156
157
158
159
160
161
162
163
164
165
166
167
168
169
170
171
172
173
174
175
176
1 2 
3 1 
4 1 
4 3 
5 1 
7 1 
8 1 
10 1 
11 1 
12 11 
13 1 
13 7 
14 1 
15 1 
15 3 
18 1 
19 5 
19 18 
20 10 
21 1 
21 3 
22 8 
22 11 
23 20 
24 22 
25 3 
26 1 
26 2 
28 1 
30 22 
31 13 
33 8 
33 18 
35 1 
35 3 
36 31 
37 2 
38 1 
38 22 
39 19 
42 1 
42 5 
43 18 
43 21 
44 1 
45 1 
47 12 
48 4 
48 11 
50 11 
50 20 
50 42 
52 25 
53 21 
54 7 
54 26 
56 1 
56 3 
58 1 
58 8 
58 33 
58 43 
58 54 
59 19 
61 22 
61 56 
62 59 
63 18 
63 35 
63 59 
65 19 
65 30 
66 42 
68 8 
70 1 
72 5 
72 12 
72 20 
73 19 
75 3 
76 1 
78 33 
79 18 
81 21 
81 73 
82 1 
83 22 
84 31 
87 1 
87 58 
88 72 
89 79 
90 8 
90 33 
92 1 
92 8 
93 54 
97 89 
99 1 
100 3 
101 83 
102 2 
103 18 
106 10 
106 18 
107 19 
107 58 
110 3 
110 18 
111 1 
111 84 
112 1 
112 19 
112 106 
113 62 
114 1 
116 31 
117 18 
117 20 
117 48 
117 102 
118 4 
118 81 
119 19 
124 1 
124 13 
124 35 
124 78 
127 53 
129 3 
131 1 
131 87 
132 75 
133 1 
133 43 
133 116 
134 3 
135 1 
135 8 
135 25 
135 56 
136 35 
137 3 
137 43 
139 112 
140 22 
143 47 
144 18 
148 47 
148 135 
149 81 
150 111 
151 1 
151 61 
151 73 
152 25 
152 58 
152 135 
154 112 
155 84 
156 137 
156 144 
157 1 
157 50 
159 8 
159 18 
159 58 
159 118 
160 156 
161 59 
162 54 
164 3 
165 20 
166 25 
166 33 
166 152 
167 136 
168 139 
169 20 
169 50 
169 129 
170 164 
171 1 
171 84 
171 150 
171 160 
175 65 
