177 187
1
2
3
4
5
6
7
8
9
10
11
12
13
14
15
16
17
18
19
20
21
22
23
24
25
26
27
28
29
30
31
32
33
34
35
36
37
38
39
40
41
42
43
44
45
46
47
48
49
50
51
52
53
54
55
56
57
58
59
60
61
62
63
64
65
66
67
68
69
70
71
72
73
74
75
76
77
78
79
80
81
82
83
84
85
86
87
88
89
90
91
92
93
94
95
96
97
98
99
100
101
102
103
104
105
106
107
108
109
110
111
112
113
114
115
116
117
118
119
120
121
122
123
124
125
126
127
128
129
130
131
132
133
134
135
136
137
138
139
140
141
142
143
144
145
146
147
148
149
150
151
152
153
154
155
156
157
158
159
160
161
162
163
164
165
166
167
168
169
170
171
172
173
174
175
176
177
1 2 
3 1 
3 2 
4 1 
4 3 
5 2 
8 3 
10 3 
11 1 
11 3 
11 4 
13 2 
13 4 
14 4 
14 13 
18 1 
20 11 
21 2 
21 11 
21 20 
22 1 
23 4 
23 14 
24 3 
26 4 
26 21 
26 22 
27 3 
27 22 
27 23 
28 27 
31 11 
31 13 
32 1 
33 11 
36 33 
38 23 
39 26 
39 28 
40 1 
40 3 
41 27 
41 28 
42 3 
42 4 
42 11 
42 13 
43 2 
44 26 
45 11 
45 22 
47 36 
48 4 
48 11 
49 2 
51 11 
53 2 
53 3 
53 21 
54 2 
54 53 
55 36 
58 11 
58 47 
59 14 
60 11 
60 53 
61 18 
61 60 
62 4 
62 11 
65 26 
65 27 
66 1 
67 3 
67 61 
68 1 
68 3 
68 62 
70 24 
71 70 
72 2 
72 11 
73 11 
74 1 
74 27 
75 5 
75 18 
75 67 
77 21 
78 14 
80 11 
81 3 
81 4 
85 2 
85 13 
85 18 
87 26 
87 54 
92 23 
92 27 
93 4 
93 48 
93 54 
94 11 
95 21 
95 78 
97 14 
99 21 
99 68 
101 18 
102 2 
103 13 
103 74 
104 11 
104 23 
105 40 
107 22 
108 3 
109 2 
109 13 
115 2 
120 78 
122 11 
122 27 
123 75 
124 11 
125 95 
127 41 
127 42 
127 75 
128 2 
128 11 
128 22 
129 60 
130 41 
131 41 
131 75 
131 95 
134 5 
135 60 
135 131 
136 48 
139 95 
141 11 
142 3 
144 41 
145 135 
146 21 
146 60 
147 3 
147 146 
148 4 
148 67 
151 67 
151 134 
152 11 
153 26 
153 145 
155 2 
155 81 
155 122 
155 142 
157 4 
161 11 
161 18 
162 48 
162 65 
164 45 
164 58 
164 153 
165 45 
166 11 
166 151 
167 87 
167 109 
169 27 
169 54 
169 78 
169 109 
171 97 
173 3 
175 22 
175 24 
176 36 
177 60 
177 66 
