178 182
1
2
3
4
5
6
7
8
9
10
11
12
13
14
15
16
17
18
19
20
21
22
23
24
25
26
27
28
29
30
31
32
33
34
35
36
37
38
39
40
41
42
43
44
45
46
47
48
49
50
51
52
53
54
55
56
57
58
59
60
61
62
63
64
65
66
67
68
69
70
71
72
73
74
75
76
77
78
79
80
81
82
83
84
85
86
87
88
89
90
91
92
93
94
95
96
97
98
99
100
101
102
103
104
105
106
107
108
109
110
111
112
113
114
115
116
117
118
119
120
121
122
123
124
125
126
127
128
129
130
131
132
133
134
135
136
137
138
139
140
141
142
143
144
145
146
147
148
149
150
151
152
153
154
155
156
157
158
159
160
161
162
163
164
165
166
167
168
169
170
171
172
173
174
175
176
177
178
1 2 
3 2 
4 2 
6 1 
7 2 
9 1 
9 2 
11 7 
12 2 
16 3 
17 9 
18 2 
19 17 
20 9 
23 2 
23 7 
23 9 
25 4 
26 9 
26 20 
26 23 
29 1 
29 2 
29 4 
29 7 
30 9 
31 9 
32 12 
32 29 
34 12 
36 4 
37 7 
37 19 
37 23 
39 7 
40 23 
40 34 
41 19 
41 25 
41 29 
42 19 
44 2 
44 7 
44 16 
45 19 
46 30 
47 2 
47 23 
48 16 
51 20 
53 16 
53 37 
53 40 
55 4 
56 23 
57 34 
60 53 
61 19 
63 23 
64 4 
65 25 
66 25 
67 3 
67 29 
67 46 
69 2 
69 45 
70 2 
70 41 
71 2 
71 16 
71 51 
72 19 
72 25 
72 45 
73 25 
73 40 
76 34 
77 4 
78 55 
78 60 
79 9 
79 71 
80 19 
81 12 
82 29 
83 9 
85 39 
87 2 
87 25 
87 29 
88 2 
90 7 
91 4 
93 29 
93 51 
95 6 
96 4 
96 29 
97 45 
98 12 
98 96 
99 3 
99 23 
100 29 
100 41 
100 77 
104 1 
104 88 
105 7 
105 25 
106 2 
106 88 
108 70 
109 6 
109 46 
110 20 
113 16 
113 53 
117 4 
119 81 
120 40 
122 25 
124 23 
125 56 
127 3 
127 40 
130 29 
132 2 
132 3 
132 9 
132 34 
135 2 
138 97 
140 6 
140 19 
142 63 
144 63 
145 53 
146 16 
146 23 
147 2 
147 34 
147 36 
147 53 
148 56 
150 66 
150 79 
150 113 
151 2 
153 7 
156 41 
156 71 
157 12 
157 95 
159 34 
160 12 
165 7 
165 29 
165 31 
165 106 
166 2 
166 12 
166 56 
167 29 
167 37 
168 25 
168 97 
168 117 
170 80 
171 63 
171 93 
173 9 
173 56 
174 93 
175 98 
175 171 
176 6 
176 69 
177 144 
178 77 
178 147 
