179 174
1
2
3
4
5
6
7
8
9
10
11
12
13
14
15
16
17
18
19
20
21
22
23
24
25
26
27
28
29
30
31
32
33
34
35
36
37
38
39
40
41
42
43
44
45
46
47
48
49
50
51
52
53
54
55
56
57
58
59
60
61
62
63
64
65
66
67
68
69
70
71
72
73
74
75
76
77
78
79
80
81
82
83
84
85
86
87
88
89
90
91
92
93
94
95
96
97
98
99
100
101
102
103
104
105
106
107
108
109
110
111
112
113
114
115
116
117
118
119
120
121
122
123
124
125
126
127
128
129
130
131
132
133
134
135
136
137
138
139
140
141
142
143
144
145
146
147
148
149
150
151
152
153
154
155
156
157
158
159
160
161
162
163
164
165
166
167
168
169
170
171
172
173
174
175
176
177
178
179
1 2 
4 1 
6 1 
8 1 
11 1 
12 1 
15 6 
17 1 
17 15 
19 1 
21 1 
21 19 
23 12 
23 21 
24 1 
24 21 
25 6 
25 12 
25 19 
25 21 
26 1 
26 8 
27 19 
28 12 
28 21 
30 1 
30 19 
31 1 
31 21 
32 21 
33 24 
33 30 
34 21 
35 19 
36 24 
37 1 
38 1 
38 26 
40 24 
40 26 
44 1 
45 1 
47 1 
47 21 
48 24 
50 17 
50 24 
50 30 
51 26 
53 28 
53 37 
56 21 
57 26 
59 50 
61 26 
62 56 
63 8 
64 1 
64 12 
66 1 
67 1 
67 33 
68 30 
69 17 
70 1 
70 28 
75 37 
76 19 
76 63 
78 1 
78 28 
79 17 
79 69 
80 8 
80 12 
82 17 
85 15 
86 24 
87 17 
87 21 
87 68 
88 12 
88 21 
88 24 
89 6 
91 1 
91 25 
91 64 
94 19 
94 26 
95 75 
97 91 
99 8 
100 99 
103 38 
103 97 
104 91 
105 21 
105 91 
106 8 
107 1 
107 25 
108 67 
109 53 
110 24 
111 1 
111 25 
111 28 
111 37 
111 68 
111 94 
112 21 
113 70 
114 50 
114 112 
115 40 
117 103 
118 33 
121 111 
122 6 
123 6 
126 99 
132 37 
132 85 
134 1 
135 1 
136 1 
136 24 
136 91 
137 1 
137 106 
138 19 
138 24 
138 107 
138 111 
138 132 
139 1 
139 37 
141 30 
141 50 
143 30 
143 111 
144 37 
144 61 
145 144 
147 1 
147 111 
150 64 
154 19 
156 6 
156 24 
157 24 
159 17 
159 25 
160 139 
161 1 
162 134 
164 91 
166 1 
166 138 
167 2 
167 30 
167 137 
168 50 
170 106 
172 24 
173 21 
175 25 
176 24 
177 1 
178 34 
179 33 
179 40 
179 91 
