180 182
1
2
3
4
5
6
7
8
9
10
11
12
13
14
15
16
17
18
19
20
21
22
23
24
25
26
27
28
29
30
31
32
33
34
35
36
37
38
39
40
41
42
43
44
45
46
47
48
49
50
51
52
53
54
55
56
57
58
59
60
61
62
63
64
65
66
67
68
69
70
71
72
73
74
75
76
77
78
79
80
81
82
83
84
85
86
87
88
89
90
91
92
93
94
95
96
97
98
99
100
101
102
103
104
105
106
107
108
109
110
111
112
113
114
115
116
117
118
119
120
121
122
123
124
125
126
127
128
129
130
131
132
133
134
135
136
137
138
139
140
141
142
143
144
145
146
147
148
149
150
151
152
153
154
155
156
157
158
159
160
161
162
163
164
165
166
167
168
169
170
171
172
173
174
175
176
177
178
179
180
1 2 
3 2 
4 2 
5 4 
6 4 
7 4 
9 3 
10 5 
11 5 
12 2 
13 5 
13 6 
16 13 
17 2 
17 7 
17 9 
17 13 
19 1 
19 6 
19 17 
20 2 
20 7 
20 13 
20 17 
20 19 
21 17 
22 4 
22 19 
22 20 
23 2 
23 17 
24 17 
25 4 
27 9 
28 19 
30 17 
31 19 
32 2 
33 2 
33 5 
33 9 
33 17 
33 19 
37 5 
37 9 
38 10 
39 3 
41 5 
41 37 
44 3 
46 11 
46 17 
48 41 
49 19 
50 9 
51 5 
52 2 
53 9 
54 17 
55 25 
57 37 
58 2 
58 3 
59 37 
60 5 
60 55 
61 17 
65 4 
65 6 
67 17 
67 25 
67 31 
67 33 
71 3 
72 12 
72 17 
74 12 
74 17 
76 5 
76 9 
76 51 
77 3 
77 55 
80 44 
81 17 
81 25 
83 3 
84 51 
85 19 
87 46 
91 33 
95 71 
96 44 
97 2 
99 5 
99 6 
99 9 
99 19 
101 3 
101 53 
102 21 
102 32 
102 54 
105 5 
105 33 
105 38 
109 22 
110 5 
110 6 
110 81 
111 3 
111 22 
114 17 
115 9 
118 55 
120 37 
120 65 
121 44 
121 77 
123 19 
124 3 
124 17 
126 114 
127 3 
127 51 
127 61 
128 99 
131 101 
132 17 
132 55 
133 4 
133 9 
133 17 
133 37 
134 83 
135 3 
137 5 
142 37 
143 58 
143 65 
145 55 
146 3 
147 16 
147 17 
147 33 
147 51 
149 13 
151 4 
151 25 
151 121 
152 44 
154 19 
156 3 
156 25 
156 81 
156 133 
157 33 
159 17 
159 65 
161 3 
162 3 
163 19 
164 19 
166 37 
166 124 
167 6 
168 25 
170 19 
170 44 
170 67 
171 3 
171 17 
172 76 
173 3 
173 20 
173 123 
174 17 
175 143 
178 19 
178 76 
179 173 
180 174 
