181 195
1
2
3
4
5
6
7
8
9
10
11
12
13
14
15
16
17
18
19
20
21
22
23
24
25
26
27
28
29
30
31
32
33
34
35
36
37
38
39
40
41
42
43
44
45
46
47
48
49
50
51
52
53
54
55
56
57
58
59
60
61
62
63
64
65
66
67
68
69
70
71
72
73
74
75
76
77
78
79
80
81
82
83
84
85
86
87
88
89
90
91
92
93
94
95
96
97
98
99
100
101
102
103
104
105
106
107
108
109
110
111
112
113
114
115
116
117
118
119
120
121
122
123
124
125
126
127
128
129
130
131
132
133
134
135
136
137
138
139
140
141
142
143
144
145
146
147
148
149
150
151
152
153
154
155
156
157
158
159
160
161
162
163
164
165
166
167
168
169
170
171
172
173
174
175
176
177
178
179
180
181
1 2 
3 2 
4 1 
4 2 
6 1 
6 3 
7 1 
8 2 
9 1 
9 6 
9 7 
10 4 
10 6 
11 2 
13 2 
14 2 
15 2 
16 2 
16 9 
16 15 
17 2 
17 10 
18 2 
18 17 
21 2 
22 9 
23 6 
23 15 
25 7 
26 10 
27 2 
28 15 
31 2 
32 4 
33 9 
36 9 
37 3 
38 2 
40 9 
40 10 
40 18 
42 2 
43 23 
44 25 
49 1 
49 17 
49 18 
50 17 
52 2 
52 6 
54 2 
55 2 
55 18 
55 49 
58 10 
58 40 
59 2 
59 49 
63 2 
63 11 
64 54 
65 10 
65 22 
66 2 
66 7 
66 58 
67 1 
69 9 
70 2 
72 25 
73 58 
74 66 
75 2 
75 15 
76 1 
76 65 
77 2 
77 66 
78 2 
79 9 
83 49 
85 2 
85 44 
87 1 
87 2 
88 6 
89 44 
89 76 
90 89 
91 14 
91 58 
92 2 
92 15 
92 21 
93 6 
93 17 
94 28 
96 2 
96 10 
96 52 
97 1 
100 77 
101 92 
103 2 
103 15 
103 92 
104 74 
104 103 
105 78 
107 2 
109 74 
110 63 
110 94 
111 2 
111 44 
111 52 
112 91 
113 33 
113 52 
113 107 
115 23 
116 72 
116 85 
117 40 
118 1 
118 79 
119 11 
119 15 
119 113 
122 1 
122 33 
123 77 
124 26 
126 49 
127 6 
127 77 
129 15 
130 16 
130 124 
132 6 
132 7 
132 21 
132 63 
132 123 
136 10 
136 18 
136 93 
137 2 
139 77 
139 111 
142 2 
142 9 
143 2 
144 21 
146 2 
148 18 
148 118 
149 15 
151 2 
152 9 
152 104 
153 111 
153 136 
154 2 
154 152 
156 66 
157 58 
158 3 
158 7 
160 118 
161 1 
161 2 
161 113 
162 2 
162 21 
162 54 
163 78 
164 152 
165 54 
166 2 
167 23 
167 104 
167 124 
168 7 
169 9 
172 74 
174 2 
174 49 
175 104 
176 74 
176 85 
178 63 
179 2 
179 158 
180 63 
