182 196
1
2
3
4
5
6
7
8
9
10
11
12
13
14
15
16
17
18
19
20
21
22
23
24
25
26
27
28
29
30
31
32
33
34
35
36
37
38
39
40
41
42
43
44
45
46
47
48
49
50
51
52
53
54
55
56
57
58
59
60
61
62
63
64
65
66
67
68
69
70
71
72
73
74
75
76
77
78
79
80
81
82
83
84
85
86
87
88
89
90
91
92
93
94
95
96
97
98
99
100
101
102
103
104
105
106
107
108
109
110
111
112
113
114
115
116
117
118
119
120
121
122
123
124
125
126
127
128
129
130
131
132
133
134
135
136
137
138
139
140
141
142
143
144
145
146
147
148
149
150
151
152
153
154
155
156
157
158
159
160
161
162
163
164
165
166
167
168
169
170
171
172
173
174
175
176
177
178
179
180
181
182
1 2 
3 1 
3 2 
4 1 
4 2 
5 1 
5 2 
5 3 
6 5 
9 1 
9 5 
10 5 
11 9 
15 1 
15 9 
16 5 
19 1 
19 11 
21 5 
22 2 
22 16 
24 2 
25 5 
26 2 
26 5 
28 5 
29 5 
29 19 
29 26 
30 9 
30 19 
30 29 
32 15 
33 5 
33 16 
33 26 
34 29 
35 5 
35 15 
37 9 
37 19 
37 30 
38 5 
39 33 
40 2 
40 37 
41 5 
41 22 
41 33 
42 1 
42 9 
42 19 
42 30 
43 1 
46 1 
47 26 
51 30 
52 5 
52 11 
53 1 
53 9 
57 1 
57 33 
58 1 
58 39 
61 15 
61 57 
62 1 
65 15 
65 33 
66 32 
67 19 
67 21 
67 30 
67 35 
68 3 
70 1 
71 5 
71 52 
73 30 
75 16 
76 19 
77 1 
77 21 
78 19 
79 1 
80 5 
80 79 
83 29 
84 2 
84 37 
85 3 
86 1 
86 2 
86 5 
87 3 
87 30 
87 85 
88 1 
88 21 
88 29 
90 3 
90 30 
93 3 
93 83 
93 86 
94 2 
94 5 
96 71 
98 5 
101 1 
102 78 
104 1 
105 1 
105 35 
106 84 
108 37 
108 101 
110 33 
111 5 
112 1 
112 5 
112 90 
113 24 
113 42 
114 1 
115 1 
115 71 
116 1 
117 21 
118 21 
118 76 
119 5 
119 83 
119 101 
120 22 
121 3 
121 33 
122 33 
122 88 
123 1 
123 3 
124 117 
125 1 
126 21 
126 88 
127 86 
128 1 
130 30 
130 33 
131 46 
133 125 
134 2 
134 33 
134 62 
136 29 
141 19 
141 30 
144 26 
145 24 
149 30 
149 73 
151 30 
152 88 
155 1 
155 71 
156 37 
156 101 
157 113 
158 1 
158 126 
159 5 
160 16 
162 35 
162 37 
163 19 
166 106 
167 19 
168 79 
168 106 
171 22 
171 30 
174 35 
175 10 
175 159 
176 33 
176 130 
177 168 
178 2 
178 26 
178 113 
179 21 
180 5 
181 37 
181 67 
182 167 
