184 185
1
2
3
4
5
6
7
8
9
10
11
12
13
14
15
16
17
18
19
20
21
22
23
24
25
26
27
28
29
30
31
32
33
34
35
36
37
38
39
40
41
42
43
44
45
46
47
48
49
50
51
52
53
54
55
56
57
58
59
60
61
62
63
64
65
66
67
68
69
70
71
72
73
74
75
76
77
78
79
80
81
82
83
84
85
86
87
88
89
90
91
92
93
94
95
96
97
98
99
100
101
102
103
104
105
106
107
108
109
110
111
112
113
114
115
116
117
118
119
120
121
122
123
124
125
126
127
128
129
130
131
132
133
134
135
136
137
138
139
140
141
142
143
144
145
146
147
148
149
150
151
152
153
154
155
156
157
158
159
160
161
162
163
164
165
166
167
168
169
170
171
172
173
174
175
176
177
178
179
180
181
182
183
184
1 2 
4 2 
5 4 
7 2 
8 2 
8 5 
8 7 
9 2 
9 4 
10 1 
11 2 
11 5 
13 2 
15 2 
21 5 
22 2 
22 8 
26 2 
26 7 
28 2 
29 2 
30 7 
31 22 
32 29 
33 2 
33 8 
34 4 
35 11 
36 9 
37 13 
39 22 
41 13 
41 22 
41 35 
42 5 
42 26 
43 8 
44 9 
44 13 
44 22 
45 4 
45 7 
45 44 
47 2 
47 13 
47 15 
48 15 
53 5 
54 45 
55 26 
55 34 
56 4 
57 22 
60 35 
61 56 
63 2 
63 60 
64 2 
65 47 
66 43 
66 45 
67 44 
68 4 
68 22 
69 7 
69 47 
70 2 
70 4 
71 13 
71 44 
72 22 
72 70 
73 7 
74 26 
75 47 
79 2 
81 33 
83 11 
83 33 
83 44 
84 44 
86 22 
86 47 
87 66 
88 22 
88 84 
89 2 
89 22 
89 26 
89 66 
92 2 
94 22 
95 22 
96 29 
97 22 
98 26 
98 69 
100 9 
100 56 
102 83 
105 66 
106 79 
107 9 
107 22 
108 22 
108 30 
109 44 
112 106 
113 92 
115 15 
116 13 
116 26 
116 113 
117 102 
118 9 
118 13 
120 4 
122 92 
124 22 
124 79 
124 89 
126 5 
126 9 
126 56 
126 106 
127 41 
127 107 
128 7 
128 55 
129 22 
129 109 
129 124 
132 95 
133 129 
137 5 
137 7 
137 107 
138 31 
140 113 
141 56 
143 126 
144 10 
144 34 
144 44 
144 84 
146 60 
146 65 
146 102 
146 129 
147 47 
148 4 
149 47 
149 64 
150 4 
153 1 
153 10 
154 37 
154 107 
155 126 
156 43 
157 113 
158 13 
159 22 
159 128 
160 2 
161 35 
163 13 
164 146 
165 30 
165 109 
166 15 
169 1 
169 22 
170 47 
170 144 
171 56 
172 2 
172 11 
173 2 
176 60 
177 22 
178 4 
179 2 
181 79 
184 13 
