185 170
1
2
3
4
5
6
7
8
9
10
11
12
13
14
15
16
17
18
19
20
21
22
23
24
25
26
27
28
29
30
31
32
33
34
35
36
37
38
39
40
41
42
43
44
45
46
47
48
49
50
51
52
53
54
55
56
57
58
59
60
61
62
63
64
65
66
67
68
69
70
71
72
73
74
75
76
77
78
79
80
81
82
83
84
85
86
87
88
89
90
91
92
93
94
95
96
97
98
99
100
101
102
103
104
105
106
107
108
109
110
111
112
113
114
115
116
117
118
119
120
121
122
123
124
125
126
127
128
129
130
131
132
133
134
135
136
137
138
139
140
141
142
143
144
145
146
147
148
149
150
151
152
153
154
155
156
157
158
159
160
161
162
163
164
165
166
167
168
169
170
171
172
173
174
175
176
177
178
179
180
181
182
183
184
185
1 2 
3 1 
3 2 
5 1 
5 2 
5 3 
6 5 
8 2 
8 6 
9 2 
11 1 
14 2 
14 5 
15 9 
16 3 
17 14 
18 3 
19 1 
20 14 
21 1 
21 16 
22 5 
22 14 
23 5 
24 6 
24 18 
25 3 
25 16 
25 21 
26 5 
26 6 
28 5 
29 28 
30 8 
30 14 
32 14 
34 24 
36 2 
36 14 
37 6 
37 28 
38 5 
39 5 
40 5 
40 18 
40 26 
40 28 
42 5 
43 1 
46 16 
46 34 
47 18 
49 5 
53 2 
54 22 
55 24 
56 28 
57 3 
57 43 
59 49 
65 3 
66 28 
66 59 
68 6 
68 54 
69 18 
70 37 
71 56 
72 2 
72 36 
74 2 
76 6 
79 16 
80 1 
80 5 
82 56 
83 56 
84 28 
86 21 
87 26 
87 28 
87 57 
90 11 
90 21 
90 24 
90 26 
95 5 
96 16 
96 71 
97 8 
97 28 
97 90 
100 1 
100 6 
100 29 
100 90 
101 21 
101 26 
102 8 
104 3 
105 56 
106 18 
109 6 
110 1 
113 56 
114 14 
114 80 
115 20 
117 37 
117 95 
118 14 
119 5 
119 53 
121 14 
121 114 
122 25 
122 49 
124 68 
126 1 
126 8 
126 96 
128 8 
129 18 
130 42 
131 3 
132 56 
133 1 
137 21 
139 18 
142 14 
144 101 
147 5 
150 37 
150 124 
151 8 
151 121 
152 28 
154 1 
154 3 
154 8 
156 37 
156 129 
157 82 
157 96 
159 40 
159 154 
160 11 
161 3 
162 3 
162 6 
162 160 
163 14 
166 110 
167 14 
167 34 
169 14 
173 2 
173 55 
174 65 
175 5 
175 40 
176 5 
176 26 
177 80 
178 8 
182 2 
182 37 
183 18 
184 28 
185 87 
