186 175
1
2
3
4
5
6
7
8
9
10
11
12
13
14
15
16
17
18
19
20
21
22
23
24
25
26
27
28
29
30
31
32
33
34
35
36
37
38
39
40
41
42
43
44
45
46
47
48
49
50
51
52
53
54
55
56
57
58
59
60
61
62
63
64
65
66
67
68
69
70
71
72
73
74
75
76
77
78
79
80
81
82
83
84
85
86
87
88
89
90
91
92
93
94
95
96
97
98
99
100
101
102
103
104
105
106
107
108
109
110
111
112
113
114
115
116
117
118
119
120
121
122
123
124
125
126
127
128
129
130
131
132
133
134
135
136
137
138
139
140
141
142
143
144
145
146
147
148
149
150
151
152
153
154
155
156
157
158
159
160
161
162
163
164
165
166
167
168
169
170
171
172
173
174
175
176
177
178
179
180
181
182
183
184
185
186
1 2 
3 2 
4 3 
6 4 
7 1 
9 7 
10 4 
11 1 
14 2 
14 7 
15 14 
16 6 
17 4 
21 4 
21 7 
21 16 
24 3 
24 14 
26 2 
26 4 
26 21 
27 26 
28 4 
30 3 
30 14 
30 16 
31 4 
32 7 
32 15 
33 3 
35 24 
35 26 
36 11 
38 6 
41 2 
41 4 
41 6 
43 14 
43 16 
44 4 
48 6 
48 43 
49 26 
52 2 
54 26 
54 35 
57 16 
58 2 
60 2 
60 14 
61 6 
62 6 
62 54 
64 1 
65 35 
66 2 
68 35 
69 2 
69 27 
70 3 
71 3 
71 58 
72 16 
72 21 
73 2 
73 43 
76 6 
76 58 
77 41 
78 10 
79 27 
80 32 
82 2 
83 2 
83 14 
83 21 
84 3 
86 78 
86 83 
88 1 
89 69 
90 6 
90 78 
92 49 
94 7 
96 4 
98 7 
99 35 
99 58 
100 90 
101 6 
102 86 
103 32 
107 21 
107 72 
108 3 
108 35 
108 69 
109 4 
109 99 
110 7 
110 32 
112 14 
113 26 
114 1 
114 3 
115 58 
115 98 
118 21 
120 48 
120 113 
121 35 
122 14 
123 4 
125 107 
126 72 
127 6 
128 3 
128 77 
129 36 
132 54 
133 110 
134 4 
134 27 
134 72 
135 15 
135 98 
137 14 
137 48 
137 88 
137 135 
138 54 
138 69 
138 115 
140 7 
141 16 
142 4 
143 78 
144 2 
144 21 
145 14 
145 142 
146 114 
148 15 
149 48 
149 58 
152 2 
152 83 
155 2 
156 65 
156 69 
157 21 
157 155 
158 113 
159 114 
160 7 
161 35 
162 15 
162 35 
163 16 
164 6 
165 10 
165 144 
167 90 
171 60 
171 160 
174 94 
175 15 
175 32 
176 14 
176 26 
177 90 
182 3 
182 72 
183 4 
