187 213
1
2
3
4
5
6
7
8
9
10
11
12
13
14
15
16
17
18
19
20
21
22
23
24
25
26
27
28
29
30
31
32
33
34
35
36
37
38
39
40
41
42
43
44
45
46
47
48
49
50
51
52
53
54
55
56
57
58
59
60
61
62
63
64
65
66
67
68
69
70
71
72
73
74
75
76
77
78
79
80
81
82
83
84
85
86
87
88
89
90
91
92
93
94
95
96
97
98
99
100
101
102
103
104
105
106
107
108
109
110
111
112
113
114
115
116
117
118
119
120
121
122
123
124
125
126
127
128
129
130
131
132
133
134
135
136
137
138
139
140
141
142
143
144
145
146
147
148
149
150
151
152
153
154
155
156
157
158
159
160
161
162
163
164
165
166
167
168
169
170
171
172
173
174
175
176
177
178
179
180
181
182
183
184
185
186
187
1 2 
3 2 
4 2 
4 3 
5 2 
8 1 
9 8 
10 2 
10 3 
10 4 
10 5 
11 3 
11 10 
12 1 
15 1 
16 10 
17 4 
17 10 
18 1 
18 17 
19 2 
19 10 
20 4 
20 10 
21 4 
21 8 
21 12 
22 4 
23 17 
24 8 
24 10 
24 12 
24 17 
25 4 
26 4 
27 2 
27 24 
28 4 
28 17 
28 24 
30 1 
30 28 
31 8 
31 10 
32 4 
32 11 
33 32 
34 33 
35 4 
36 2 
36 3 
36 30 
37 2 
39 17 
39 19 
39 20 
39 24 
39 27 
40 24 
41 2 
42 32 
44 3 
44 36 
47 11 
48 18 
49 42 
50 23 
51 5 
51 10 
52 24 
53 24 
54 42 
55 10 
55 11 
57 10 
58 30 
59 24 
60 2 
60 24 
60 42 
66 17 
67 36 
68 36 
71 47 
72 12 
72 17 
72 47 
72 52 
72 55 
73 10 
74 60 
75 2 
76 53 
78 10 
79 27 
81 5 
81 79 
82 36 
83 11 
85 22 
86 3 
86 42 
87 27 
88 1 
88 4 
89 39 
90 24 
91 79 
93 15 
94 21 
94 53 
96 5 
96 17 
99 10 
100 99 
103 85 
105 22 
106 44 
107 67 
108 24 
108 50 
110 5 
110 18 
110 19 
110 47 
111 5 
115 67 
117 37 
118 17 
118 39 
120 118 
121 10 
121 17 
122 1 
122 24 
123 21 
123 60 
124 86 
125 122 
125 124 
127 4 
127 18 
128 86 
129 10 
129 24 
129 33 
129 42 
129 118 
130 31 
132 28 
133 118 
134 1 
134 17 
135 21 
135 50 
136 55 
139 10 
140 9 
140 34 
141 36 
142 28 
143 24 
143 33 
143 42 
143 140 
146 22 
147 42 
147 123 
147 136 
149 24 
151 28 
151 51 
151 118 
152 123 
153 24 
153 85 
154 121 
155 3 
155 21 
156 28 
157 4 
159 10 
160 30 
160 76 
160 140 
161 10 
161 42 
163 24 
163 47 
163 85 
164 135 
165 51 
168 153 
169 20 
169 36 
169 91 
170 32 
170 58 
174 147 
175 163 
177 42 
177 86 
179 24 
180 24 
180 31 
181 140 
181 180 
182 3 
182 9 
183 87 
184 121 
185 30 
187 129 
