188 181
1
2
3
4
5
6
7
8
9
10
11
12
13
14
15
16
17
18
19
20
21
22
23
24
25
26
27
28
29
30
31
32
33
34
35
36
37
38
39
40
41
42
43
44
45
46
47
48
49
50
51
52
53
54
55
56
57
58
59
60
61
62
63
64
65
66
67
68
69
70
71
72
73
74
75
76
77
78
79
80
81
82
83
84
85
86
87
88
89
90
91
92
93
94
95
96
97
98
99
100
101
102
103
104
105
106
107
108
109
110
111
112
113
114
115
116
117
118
119
120
121
122
123
124
125
126
127
128
129
130
131
132
133
134
135
136
137
138
139
140
141
142
143
144
145
146
147
148
149
150
151
152
153
154
155
156
157
158
159
160
161
162
163
164
165
166
167
168
169
170
171
172
173
174
175
176
177
178
179
180
181
182
183
184
185
186
187
188
1 2 
3 2 
7 2 
11 7 
12 7 
14 7 
15 2 
16 2 
16 12 
19 1 
19 7 
24 11 
24 15 
27 15 
31 2 
32 2 
33 12 
34 1 
34 24 
35 33 
36 34 
37 14 
37 19 
39 1 
39 11 
40 15 
41 1 
42 14 
42 39 
43 16 
43 32 
44 14 
44 19 
44 24 
45 15 
46 12 
46 33 
47 33 
48 2 
48 19 
50 11 
50 16 
50 43 
52 2 
52 46 
53 24 
57 19 
57 37 
59 2 
60 16 
60 33 
61 7 
62 52 
63 15 
64 39 
65 2 
65 31 
68 11 
68 24 
71 16 
71 24 
71 34 
71 44 
72 14 
72 50 
73 44 
76 2 
76 7 
78 15 
79 65 
79 71 
80 12 
81 1 
81 63 
81 71 
85 1 
85 43 
85 50 
86 46 
86 47 
88 43 
88 71 
89 34 
89 65 
90 2 
91 16 
92 2 
92 59 
93 44 
95 45 
95 76 
97 53 
98 2 
98 27 
98 43 
100 34 
100 36 
101 85 
102 36 
103 39 
103 57 
104 50 
106 63 
107 41 
108 102 
109 14 
109 24 
110 15 
112 81 
112 106 
114 50 
114 53 
118 1 
118 14 
121 24 
122 2 
124 52 
125 71 
126 60 
127 34 
127 44 
128 1 
128 37 
128 103 
129 24 
129 89 
130 128 
131 71 
132 15 
132 88 
133 114 
134 125 
138 33 
139 129 
140 15 
140 52 
146 15 
146 93 
147 14 
147 125 
148 14 
148 122 
150 131 
151 2 
152 34 
153 44 
153 46 
154 14 
155 14 
156 91 
157 72 
160 1 
160 32 
162 34 
164 2 
164 14 
166 95 
168 14 
169 2 
170 108 
171 41 
172 50 
172 79 
176 72 
176 103 
176 118 
177 2 
177 19 
178 63 
180 103 
181 19 
181 45 
181 172 
182 72 
183 44 
184 7 
184 118 
185 63 
186 32 
186 79 
187 114 
