189 163
1
2
3
4
5
6
7
8
9
10
11
12
13
14
15
16
17
18
19
20
21
22
23
24
25
26
27
28
29
30
31
32
33
34
35
36
37
38
39
40
41
42
43
44
45
46
47
48
49
50
51
52
53
54
55
56
57
58
59
60
61
62
63
64
65
66
67
68
69
70
71
72
73
74
75
76
77
78
79
80
81
82
83
84
85
86
87
88
89
90
91
92
93
94
95
96
97
98
99
100
101
102
103
104
105
106
107
108
109
110
111
112
113
114
115
116
117
118
119
120
121
122
123
124
125
126
127
128
129
130
131
132
133
134
135
136
137
138
139
140
141
142
143
144
145
146
147
148
149
150
151
152
153
154
155
156
157
158
159
160
161
162
163
164
165
166
167
168
169
170
171
172
173
174
175
176
177
178
179
180
181
182
183
184
185
186
187
188
189
1 2 
4 2 
6 1 
6 4 
8 6 
9 2 
14 1 
15 1 
16 4 
17 8 
18 15 
19 6 
19 14 
21 8 
21 15 
21 16 
26 1 
26 2 
26 21 
27 19 
28 2 
28 19 
29 21 
30 2 
30 6 
31 1 
31 2 
31 16 
31 21 
32 6 
32 16 
33 30 
34 1 
34 28 
36 2 
37 2 
40 8 
40 28 
40 32 
41 40 
42 16 
42 17 
43 34 
45 8 
46 30 
47 6 
49 8 
50 8 
50 18 
53 8 
53 33 
54 6 
54 15 
57 31 
58 17 
58 19 
60 33 
63 6 
69 60 
70 1 
71 31 
73 1 
73 2 
74 28 
74 73 
75 2 
76 16 
76 46 
77 6 
77 31 
77 75 
78 16 
79 26 
79 31 
79 34 
81 73 
82 4 
84 30 
85 14 
86 21 
87 79 
88 14 
88 34 
88 40 
89 19 
90 15 
90 82 
91 26 
93 58 
93 90 
94 40 
95 58 
96 53 
97 4 
98 8 
98 60 
99 17 
101 28 
104 99 
105 15 
105 104 
113 15 
119 4 
120 2 
120 90 
120 99 
125 104 
127 14 
127 28 
127 42 
128 99 
131 21 
135 18 
137 6 
138 29 
139 16 
141 29 
143 6 
146 15 
146 97 
147 85 
148 32 
149 16 
153 8 
154 127 
155 4 
155 30 
156 99 
157 15 
157 19 
157 104 
158 8 
158 75 
159 28 
160 21 
161 148 
162 53 
163 2 
164 9 
166 31 
166 58 
167 97 
168 4 
171 60 
172 40 
172 93 
173 1 
174 40 
176 19 
177 16 
178 8 
179 2 
179 88 
180 6 
181 156 
183 19 
183 155 
185 43 
186 60 
186 181 
187 40 
187 54 
187 85 
