192 164
1
2
3
4
5
6
7
8
9
10
11
12
13
14
15
16
17
18
19
20
21
22
23
24
25
26
27
28
29
30
31
32
33
34
35
36
37
38
39
40
41
42
43
44
45
46
47
48
49
50
51
52
53
54
55
56
57
58
59
60
61
62
63
64
65
66
67
68
69
70
71
72
73
74
75
76
77
78
79
80
81
82
83
84
85
86
87
88
89
90
91
92
93
94
95
96
97
98
99
100
101
102
103
104
105
106
107
108
109
110
111
112
113
114
115
116
117
118
119
120
121
122
123
124
125
126
127
128
129
130
131
132
133
134
135
136
137
138
139
140
141
142
143
144
145
146
147
148
149
150
151
152
153
154
155
156
157
158
159
160
161
162
163
164
165
166
167
168
169
170
171
172
173
174
175
176
177
178
179
180
181
182
183
184
185
186
187
188
189
190
191
192
1 2 
4 1 
4 2 
5 2 
6 5 
7 2 
7 4 
8 6 
8 7 
9 2 
9 8 
11 4 
13 8 
14 8 
16 6 
18 4 
19 5 
20 1 
22 6 
23 2 
23 19 
24 8 
24 20 
25 1 
25 5 
25 11 
26 1 
26 22 
28 1 
28 16 
28 25 
30 1 
31 2 
31 8 
31 26 
32 8 
36 4 
37 31 
38 8 
39 20 
40 4 
41 5 
41 6 
42 41 
44 19 
46 32 
48 2 
49 42 
50 4 
51 5 
51 20 
51 23 
53 8 
53 23 
53 28 
56 4 
56 8 
56 36 
58 31 
59 16 
59 22 
60 1 
60 41 
61 4 
62 59 
63 31 
65 24 
65 46 
66 4 
66 16 
66 31 
66 42 
66 49 
67 25 
67 66 
68 5 
68 28 
69 16 
69 20 
70 22 
73 36 
75 2 
77 65 
78 22 
79 14 
79 20 
81 4 
81 13 
84 8 
84 41 
89 5 
91 1 
94 56 
99 4 
102 30 
104 24 
104 51 
104 53 
105 2 
105 31 
105 58 
105 81 
108 19 
108 31 
109 32 
109 59 
110 36 
113 36 
113 41 
116 6 
116 31 
121 9 
122 37 
123 66 
126 16 
127 4 
128 4 
128 19 
128 127 
130 40 
134 20 
134 65 
136 1 
140 2 
140 102 
142 18 
142 126 
143 41 
144 25 
144 26 
146 20 
146 32 
148 2 
153 1 
154 81 
155 148 
156 20 
156 56 
157 4 
158 1 
159 49 
162 154 
163 41 
166 99 
167 156 
169 36 
170 22 
173 6 
173 30 
175 116 
177 41 
181 13 
181 20 
181 167 
182 31 
183 32 
183 181 
184 9 
185 167 
189 18 
190 36 
190 156 
191 8 
192 42 
