193 193
1
2
3
4
5
6
7
8
9
10
11
12
13
14
15
16
17
18
19
20
21
22
23
24
25
26
27
28
29
30
31
32
33
34
35
36
37
38
39
40
41
42
43
44
45
46
47
48
49
50
51
52
53
54
55
56
57
58
59
60
61
62
63
64
65
66
67
68
69
70
71
72
73
74
75
76
77
78
79
80
81
82
83
84
85
86
87
88
89
90
91
92
93
94
95
96
97
98
99
100
101
102
103
104
105
106
107
108
109
110
111
112
113
114
115
116
117
118
119
120
121
122
123
124
125
126
127
128
129
130
131
132
133
134
135
136
137
138
139
140
141
142
143
144
145
146
147
148
149
150
151
152
153
154
155
156
157
158
159
160
161
162
163
164
165
166
167
168
169
170
171
172
173
174
175
176
177
178
179
180
181
182
183
184
185
186
187
188
189
190
191
192
193
1 2 
3 2 
4 2 
8 3 
10 3 
11 3 
12 1 
13 2 
13 11 
14 1 
14 11 
14 12 
16 1 
17 1 
17 10 
17 11 
17 12 
19 1 
19 11 
20 4 
22 4 
23 2 
23 8 
23 13 
23 14 
24 8 
27 8 
28 1 
28 4 
28 11 
29 11 
29 28 
30 1 
31 28 
32 2 
32 19 
35 14 
36 27 
36 28 
37 4 
37 30 
38 1 
39 11 
39 14 
39 27 
43 12 
45 23 
46 1 
46 2 
49 14 
52 39 
52 46 
55 14 
55 17 
56 14 
57 1 
57 3 
58 11 
58 17 
60 1 
61 17 
62 30 
68 16 
68 57 
70 31 
70 32 
71 4 
71 14 
72 13 
73 13 
74 10 
74 23 
75 10 
75 28 
75 39 
76 11 
78 75 
79 1 
79 27 
79 39 
80 28 
80 55 
81 12 
82 11 
83 55 
84 11 
84 76 
85 39 
86 57 
90 84 
92 11 
92 27 
93 13 
94 39 
95 13 
95 46 
96 13 
96 68 
97 11 
98 32 
99 4 
100 39 
101 92 
102 4 
102 46 
102 90 
103 55 
104 82 
105 10 
105 24 
105 39 
106 24 
106 70 
106 74 
108 1 
108 32 
109 8 
109 22 
110 28 
113 14 
113 28 
113 75 
114 58 
118 10 
118 105 
120 32 
122 28 
123 4 
123 10 
123 14 
123 17 
123 55 
124 55 
125 11 
127 75 
129 4 
130 84 
134 27 
136 12 
138 17 
140 1 
142 39 
143 75 
143 93 
144 27 
144 103 
145 1 
145 27 
146 23 
147 1 
147 29 
152 30 
152 79 
153 27 
154 122 
156 8 
157 46 
158 2 
158 19 
158 28 
159 105 
160 56 
160 113 
161 8 
161 109 
163 2 
164 11 
164 39 
164 124 
166 16 
166 152 
167 166 
169 99 
170 70 
170 97 
170 143 
171 57 
175 11 
176 76 
178 145 
181 12 
181 164 
185 101 
187 96 
188 27 
188 28 
188 84 
188 158 
189 82 
189 102 
190 4 
192 12 
192 17 
