194 201
1
2
3
4
5
6
7
8
9
10
11
12
13
14
15
16
17
18
19
20
21
22
23
24
25
26
27
28
29
30
31
32
33
34
35
36
37
38
39
40
41
42
43
44
45
46
47
48
49
50
51
52
53
54
55
56
57
58
59
60
61
62
63
64
65
66
67
68
69
70
71
72
73
74
75
76
77
78
79
80
81
82
83
84
85
86
87
88
89
90
91
92
93
94
95
96
97
98
99
100
101
102
103
104
105
106
107
108
109
110
111
112
113
114
115
116
117
118
119
120
121
122
123
124
125
126
127
128
129
130
131
132
133
134
135
136
137
138
139
140
141
142
143
144
145
146
147
148
149
150
151
152
153
154
155
156
157
158
159
160
161
162
163
164
165
166
167
168
169
170
171
172
173
174
175
176
177
178
179
180
181
182
183
184
185
186
187
188
189
190
191
192
193
194
1 2 
5 2 
10 1 
11 10 
13 1 
14 1 
18 1 
18 5 
19 2 
19 11 
21 1 
21 2 
21 11 
22 5 
23 11 
23 13 
24 1 
24 2 
24 21 
25 1 
25 2 
26 1 
28 2 
28 13 
29 1 
29 11 
29 23 
30 18 
30 21 
30 23 
31 21 
33 1 
33 11 
35 1 
35 5 
36 1 
38 23 
39 1 
42 21 
43 1 
43 18 
43 26 
45 23 
46 1 
47 1 
47 21 
48 5 
48 13 
48 43 
49 45 
50 29 
52 21 
53 18 
54 2 
54 26 
56 50 
57 47 
58 21 
61 2 
61 43 
64 11 
64 18 
64 21 
64 24 
65 1 
65 5 
65 35 
65 59 
66 43 
67 11 
68 18 
69 21 
70 39 
71 1 
72 2 
72 50 
72 66 
72 68 
73 21 
74 2 
74 18 
76 1 
76 2 
78 50 
79 26 
79 30 
83 2 
83 11 
84 48 
84 59 
86 18 
86 28 
86 47 
87 35 
87 59 
87 84 
88 1 
91 23 
92 84 
93 11 
94 18 
94 48 
95 50 
96 47 
99 48 
100 10 
100 23 
100 50 
104 13 
107 19 
107 24 
108 13 
108 47 
108 86 
110 54 
111 68 
111 93 
112 43 
113 33 
114 112 
115 2 
115 18 
116 2 
116 25 
118 13 
118 76 
119 1 
121 33 
122 19 
125 54 
126 24 
127 45 
128 74 
130 5 
131 1 
131 71 
133 108 
134 79 
134 115 
136 115 
139 1 
139 74 
139 79 
140 94 
141 11 
142 24 
144 11 
144 47 
144 134 
145 50 
145 95 
145 100 
146 1 
146 2 
148 54 
148 84 
149 1 
150 2 
150 42 
150 114 
151 48 
152 1 
152 45 
152 70 
153 146 
155 10 
156 29 
156 99 
158 100 
159 1 
160 26 
161 70 
163 130 
164 23 
166 1 
166 64 
169 2 
169 21 
170 64 
170 67 
170 134 
174 133 
177 139 
178 5 
178 29 
178 136 
180 30 
182 1 
182 142 
185 29 
185 50 
186 21 
186 54 
189 1 
190 2 
190 164 
192 2 
192 28 
194 11 
194 35 
194 166 
