195 194
1
2
3
4
5
6
7
8
9
10
11
12
13
14
15
16
17
18
19
20
21
22
23
24
25
26
27
28
29
30
31
32
33
34
35
36
37
38
39
40
41
42
43
44
45
46
47
48
49
50
51
52
53
54
55
56
57
58
59
60
61
62
63
64
65
66
67
68
69
70
71
72
73
74
75
76
77
78
79
80
81
82
83
84
85
86
87
88
89
90
91
92
93
94
95
96
97
98
99
100
101
102
103
104
105
106
107
108
109
110
111
112
113
114
115
116
117
118
119
120
121
122
123
124
125
126
127
128
129
130
131
132
133
134
135
136
137
138
139
140
141
142
143
144
145
146
147
148
149
150
151
152
153
154
155
156
157
158
159
160
161
162
163
164
165
166
167
168
169
170
171
172
173
174
175
176
177
178
179
180
181
182
183
184
185
186
187
188
189
190
191
192
193
194
195
1 2 
4 2 
6 1 
6 2 
6 4 
10 4 
12 2 
12 4 
12 6 
12 10 
13 2 
15 4 
17 4 
17 6 
17 15 
18 2 
18 17 
20 2 
20 4 
20 12 
21 2 
22 6 
22 12 
24 18 
25 2 
26 10 
32 17 
32 20 
33 20 
34 4 
34 6 
36 12 
36 20 
37 36 
38 2 
38 10 
41 2 
43 18 
44 4 
46 43 
48 26 
48 34 
49 10 
49 20 
50 17 
51 12 
53 37 
54 44 
59 6 
59 10 
60 20 
61 48 
62 2 
62 10 
64 34 
66 36 
68 36 
70 34 
71 6 
71 12 
71 36 
73 12 
74 12 
74 44 
74 73 
76 20 
77 36 
77 71 
78 53 
78 74 
79 12 
81 2 
81 6 
81 12 
82 21 
84 10 
84 60 
86 37 
87 2 
88 4 
88 37 
89 34 
89 44 
89 77 
92 17 
93 60 
94 48 
94 49 
95 41 
96 17 
98 24 
98 89 
100 48 
101 36 
101 77 
101 79 
101 81 
102 34 
103 2 
103 4 
105 4 
105 43 
106 59 
106 73 
107 34 
109 36 
111 33 
112 6 
114 37 
119 81 
120 46 
121 10 
122 10 
123 15 
123 48 
125 94 
126 73 
127 6 
128 2 
128 34 
128 43 
130 94 
131 2 
131 81 
132 20 
132 101 
135 18 
135 36 
135 44 
136 37 
136 49 
137 73 
138 17 
138 79 
139 94 
140 20 
141 26 
141 37 
143 6 
143 66 
144 6 
146 101 
147 139 
149 43 
149 101 
149 131 
150 77 
151 77 
152 2 
152 6 
154 48 
154 127 
155 36 
155 62 
155 71 
157 152 
158 2 
158 150 
158 154 
160 43 
161 4 
161 20 
161 34 
162 98 
164 88 
165 48 
171 44 
171 149 
171 155 
172 2 
172 158 
173 136 
173 150 
174 71 
174 158 
175 36 
176 17 
176 138 
179 2 
180 36 
180 105 
181 46 
181 48 
184 94 
185 2 
185 12 
185 48 
185 122 
186 71 
187 4 
188 70 
192 37 
192 71 
193 98 
