196 192
1
2
3
4
5
6
7
8
9
10
11
12
13
14
15
16
17
18
19
20
21
22
23
24
25
26
27
28
29
30
31
32
33
34
35
36
37
38
39
40
41
42
43
44
45
46
47
48
49
50
51
52
53
54
55
56
57
58
59
60
61
62
63
64
65
66
67
68
69
70
71
72
73
74
75
76
77
78
79
80
81
82
83
84
85
86
87
88
89
90
91
92
93
94
95
96
97
98
99
100
101
102
103
104
105
106
107
108
109
110
111
112
113
114
115
116
117
118
119
120
121
122
123
124
125
126
127
128
129
130
131
132
133
134
135
136
137
138
139
140
141
142
143
144
145
146
147
148
149
150
151
152
153
154
155
156
157
158
159
160
161
162
163
164
165
166
167
168
169
170
171
172
173
174
175
176
177
178
179
180
181
182
183
184
185
186
187
188
189
190
191
192
193
194
195
196
1 2 
3 1 
3 2 
7 1 
8 1 
9 1 
9 7 
10 8 
11 9 
13 9 
14 10 
16 1 
19 10 
20 3 
21 9 
22 2 
23 7 
23 19 
25 1 
25 2 
25 14 
27 1 
30 1 
31 2 
32 7 
33 9 
34 1 
37 3 
37 14 
38 32 
39 1 
39 2 
40 1 
42 8 
43 10 
44 8 
45 3 
45 10 
46 14 
47 1 
50 21 
50 33 
51 39 
52 2 
54 50 
55 7 
56 46 
57 1 
57 9 
60 10 
60 32 
61 7 
61 9 
61 37 
62 1 
62 7 
64 1 
64 33 
64 60 
66 7 
67 1 
68 1 
69 21 
70 2 
70 14 
70 60 
74 10 
74 39 
75 10 
75 30 
75 40 
78 9 
78 10 
78 39 
79 33 
79 50 
80 1 
80 7 
81 25 
82 10 
82 57 
84 42 
85 1 
85 8 
86 30 
86 32 
86 42 
87 57 
88 14 
91 19 
92 8 
95 67 
96 7 
96 79 
99 10 
99 60 
100 10 
100 74 
100 80 
102 1 
103 66 
109 1 
112 9 
112 30 
114 86 
115 2 
115 10 
115 80 
117 112 
118 2 
119 32 
119 91 
120 10 
120 14 
121 1 
121 20 
121 60 
122 7 
123 62 
124 7 
125 10 
125 51 
127 10 
132 20 
132 125 
133 75 
134 50 
135 14 
135 37 
135 57 
136 1 
136 86 
137 7 
138 42 
138 56 
139 3 
139 99 
141 10 
141 30 
141 82 
141 86 
143 118 
147 10 
147 91 
148 10 
148 60 
148 86 
148 88 
149 135 
151 30 
151 135 
153 3 
155 10 
156 9 
156 135 
156 141 
157 70 
158 141 
161 69 
162 1 
163 14 
163 60 
163 115 
165 7 
166 86 
168 39 
169 10 
170 92 
172 60 
173 37 
173 78 
176 51 
176 158 
177 50 
177 123 
180 60 
181 86 
183 10 
184 22 
185 7 
187 139 
188 88 
189 42 
189 70 
190 78 
192 60 
193 86 
194 30 
194 75 
195 7 
195 25 
196 32 
