198 212
1
2
3
4
5
6
7
8
9
10
11
12
13
14
15
16
17
18
19
20
21
22
23
24
25
26
27
28
29
30
31
32
33
34
35
36
37
38
39
40
41
42
43
44
45
46
47
48
49
50
51
52
53
54
55
56
57
58
59
60
61
62
63
64
65
66
67
68
69
70
71
72
73
74
75
76
77
78
79
80
81
82
83
84
85
86
87
88
89
90
91
92
93
94
95
96
97
98
99
100
101
102
103
104
105
106
107
108
109
110
111
112
113
114
115
116
117
118
119
120
121
122
123
124
125
126
127
128
129
130
131
132
133
134
135
136
137
138
139
140
141
142
143
144
145
146
147
148
149
150
151
152
153
154
155
156
157
158
159
160
161
162
163
164
165
166
167
168
169
170
171
172
173
174
175
176
177
178
179
180
181
182
183
184
185
186
187
188
189
190
191
192
193
194
195
196
197
198
1 2 
3 2 
4 3 
5 2 
7 2 
7 3 
11 2 
11 3 
11 7 
12 4 
13 4 
14 7 
15 1 
17 11 
19 2 
20 1 
20 2 
21 1 
21 20 
22 2 
22 5 
23 1 
23 7 
24 2 
27 11 
27 22 
28 4 
29 19 
30 20 
32 11 
34 11 
34 12 
35 1 
35 2 
35 22 
37 3 
37 11 
38 2 
38 22 
38 35 
39 11 
43 12 
46 2 
46 11 
46 14 
47 2 
47 19 
48 29 
48 47 
49 2 
49 4 
49 21 
50 20 
50 22 
55 19 
56 29 
56 55 
57 2 
57 5 
59 11 
59 49 
60 2 
60 11 
61 11 
63 12 
63 35 
64 2 
65 38 
66 15 
69 35 
70 7 
71 21 
72 11 
74 22 
75 27 
76 2 
76 22 
76 27 
77 1 
77 11 
80 28 
80 29 
80 63 
81 2 
83 19 
84 13 
84 55 
85 21 
88 56 
89 19 
90 1 
90 60 
91 3 
93 2 
93 38 
94 93 
95 1 
96 2 
96 35 
97 96 
99 7 
101 21 
101 38 
101 56 
103 11 
103 49 
104 2 
104 4 
104 12 
104 19 
106 70 
107 28 
111 2 
111 29 
111 34 
112 1 
114 112 
116 7 
118 2 
119 3 
119 20 
121 7 
121 20 
121 114 
122 4 
122 20 
122 29 
122 76 
122 80 
122 104 
122 106 
123 56 
123 80 
124 112 
125 122 
127 22 
127 123 
128 20 
128 80 
128 85 
129 35 
129 125 
132 34 
133 1 
133 69 
135 38 
135 122 
136 2 
137 93 
138 56 
139 125 
143 11 
144 35 
144 90 
146 56 
147 4 
147 59 
149 123 
150 22 
150 56 
151 63 
152 146 
153 125 
154 4 
157 14 
157 93 
160 128 
161 56 
164 2 
166 2 
167 3 
167 147 
168 2 
168 106 
169 4 
170 29 
171 11 
171 12 
172 4 
174 7 
175 30 
177 19 
177 76 
178 7 
178 111 
178 137 
179 17 
179 57 
181 2 
182 2 
182 129 
183 14 
183 88 
183 154 
184 121 
187 3 
187 121 
188 63 
188 183 
189 2 
189 28 
191 179 
192 2 
192 179 
194 170 
195 2 
195 116 
196 7 
196 77 
196 136 
197 2 
198 95 
