199 204
1
2
3
4
5
6
7
8
9
10
11
12
13
14
15
16
17
18
19
20
21
22
23
24
25
26
27
28
29
30
31
32
33
34
35
36
37
38
39
40
41
42
43
44
45
46
47
48
49
50
51
52
53
54
55
56
57
58
59
60
61
62
63
64
65
66
67
68
69
70
71
72
73
74
75
76
77
78
79
80
81
82
83
84
85
86
87
88
89
90
91
92
93
94
95
96
97
98
99
100
101
102
103
104
105
106
107
108
109
110
111
112
113
114
115
116
117
118
119
120
121
122
123
124
125
126
127
128
129
130
131
132
133
134
135
136
137
138
139
140
141
142
143
144
145
146
147
148
149
150
151
152
153
154
155
156
157
158
159
160
161
162
163
164
165
166
167
168
169
170
171
172
173
174
175
176
177
178
179
180
181
182
183
184
185
186
187
188
189
190
191
192
193
194
195
196
197
198
199
1 2 
4 1 
4 2 
5 1 
5 2 
7 2 
7 4 
9 4 
12 2 
13 4 
14 7 
14 13 
15 7 
16 7 
18 7 
18 14 
21 2 
21 18 
22 4 
24 18 
25 7 
27 2 
27 15 
27 16 
29 7 
30 15 
32 7 
33 22 
34 15 
35 12 
37 1 
37 7 
38 2 
38 15 
39 1 
39 30 
40 35 
41 7 
41 12 
42 4 
45 1 
45 7 
46 1 
46 7 
47 2 
49 7 
50 38 
52 33 
54 27 
55 5 
55 7 
57 4 
57 21 
57 38 
57 55 
59 12 
59 38 
63 47 
64 25 
65 16 
66 12 
69 52 
69 57 
71 12 
73 4 
73 55 
73 66 
76 12 
76 55 
77 4 
78 59 
79 5 
79 22 
79 27 
80 1 
80 7 
81 52 
83 2 
83 35 
83 37 
85 2 
87 22 
87 33 
88 1 
90 73 
91 15 
93 2 
93 7 
94 1 
94 7 
94 15 
94 83 
98 38 
98 94 
101 18 
102 41 
102 64 
104 5 
105 2 
105 5 
106 12 
107 4 
107 7 
109 7 
110 2 
110 7 
112 7 
112 57 
113 52 
113 83 
113 112 
114 59 
114 91 
115 2 
115 13 
115 37 
117 12 
117 115 
118 37 
121 12 
121 66 
123 12 
123 49 
124 66 
126 93 
127 7 
127 12 
128 113 
129 33 
131 22 
131 30 
131 124 
132 5 
133 38 
134 4 
134 7 
134 25 
134 69 
135 73 
136 33 
137 33 
138 7 
139 1 
140 4 
141 37 
142 2 
143 4 
144 71 
149 22 
151 39 
152 2 
152 7 
152 22 
153 49 
156 38 
159 7 
159 12 
159 52 
160 30 
160 49 
161 55 
162 34 
162 38 
164 73 
165 113 
167 1 
167 49 
168 38 
170 55 
171 90 
173 38 
173 46 
173 83 
174 7 
174 152 
175 123 
176 33 
177 29 
177 49 
177 110 
177 143 
180 2 
180 78 
181 16 
181 87 
181 112 
182 1 
182 4 
182 177 
183 37 
184 40 
186 2 
186 71 
188 186 
189 79 
189 90 
193 87 
195 13 
195 38 
195 57 
195 173 
196 7 
197 156 
197 173 
