201 217
1
2
3
4
5
6
7
8
9
10
11
12
13
14
15
16
17
18
19
20
21
22
23
24
25
26
27
28
29
30
31
32
33
34
35
36
37
38
39
40
41
42
43
44
45
46
47
48
49
50
51
52
53
54
55
56
57
58
59
60
61
62
63
64
65
66
67
68
69
70
71
72
73
74
75
76
77
78
79
80
81
82
83
84
85
86
87
88
89
90
91
92
93
94
95
96
97
98
99
100
101
102
103
104
105
106
107
108
109
110
111
112
113
114
115
116
117
118
119
120
121
122
123
124
125
126
127
128
129
130
131
132
133
134
135
136
137
138
139
140
141
142
143
144
145
146
147
148
149
150
151
152
153
154
155
156
157
158
159
160
161
162
163
164
165
166
167
168
169
170
171
172
173
174
175
176
177
178
179
180
181
182
183
184
185
186
187
188
189
190
191
192
193
194
195
196
197
198
199
200
1
1 2 
3 2 
4 2 
4 3 
6 1 
6 3 
7 4 
9 2 
10 2 
11 2 
11 4 
12 2 
13 2 
13 3 
13 11 
15 2 
16 3 
16 6 
16 12 
16 13 
18 2 
18 16 
19 13 
19 16 
21 11 
24 3 
24 11 
25 24 
27 6 
29 4 
29 7 
29 16 
30 1 
30 10 
31 16 
32 2 
33 16 
34 29 
37 6 
40 2 
40 13 
40 19 
40 31 
41 16 
41 21 
41 40 
43 40 
44 2 
44 16 
44 41 
45 41 
46 4 
46 13 
47 2 
47 27 
48 10 
50 18 
51 4 
51 27 
54 33 
55 13 
55 33 
56 30 
57 4 
59 16 
61 41 
61 43 
62 16 
63 16 
63 50 
64 29 
64 51 
65 27 
66 2 
70 62 
75 4 
75 27 
75 64 
76 45 
77 18 
77 62 
77 75 
78 27 
81 2 
81 27 
82 16 
82 27 
83 4 
84 2 
85 78 
87 10 
87 13 
87 18 
87 33 
88 11 
89 18 
90 33 
96 11 
96 27 
96 55 
97 87 
98 1 
98 21 
100 18 
101 41 
103 18 
103 78 
104 34 
104 55 
104 77 
109 3 
110 4 
110 18 
111 4 
112 33 
113 27 
115 87 
118 56 
118 78 
118 89 
119 11 
119 109 
120 1 
120 13 
121 87 
122 3 
122 41 
124 2 
124 111 
125 43 
126 2 
126 34 
129 2 
130 98 
131 33 
131 87 
131 126 
132 30 
132 90 
134 18 
135 29 
137 16 
137 40 
139 13 
139 16 
139 19 
142 2 
142 44 
142 115 
143 40 
143 103 
143 137 
145 56 
146 13 
147 3 
147 27 
148 3 
148 40 
149 2 
149 16 
150 13 
151 2 
152 85 
152 112 
153 33 
154 41 
154 87 
156 2 
156 77 
157 142 
159 11 
159 111 
163 2 
165 4 
165 41 
165 87 
166 18 
167 4 
167 96 
168 55 
171 13 
171 25 
173 13 
174 18 
176 9 
177 98 
178 40 
181 78 
184 27 
185 31 
185 151 
186 1 
187 103 
188 131 
189 18 
189 55 
190 173 
191 87 
193 4 
194 6 
194 118 
195 16 
195 89 
195 98 
196 118 
197 189 
198 2 
198 18 
198 174 
199 27 
199 33 
199 44 
199 87 
200 19 
201 7 
201 115 
201 154 
