202 175
1
2
3
4
5
6
7
8
9
10
11
12
13
14
15
16
17
18
19
20
21
22
23
24
25
26
27
28
29
30
31
32
33
34
35
36
37
38
39
40
41
42
43
44
45
46
47
48
49
50
51
52
53
54
55
56
57
58
59
60
61
62
63
64
65
66
67
68
69
70
71
72
73
74
75
76
77
78
79
80
81
82
83
84
85
86
87
88
89
90
91
92
93
94
95
96
97
98
99
100
101
102
103
104
105
106
107
108
109
110
111
112
113
114
115
116
117
118
119
120
121
122
123
124
125
126
127
128
129
130
131
132
133
134
135
136
137
138
139
140
141
142
143
144
145
146
147
148
149
150
151
152
153
154
155
156
157
158
159
160
161
162
163
164
165
166
167
168
169
170
171
172
173
174
175
176
177
178
179
180
181
182
183
184
185
186
187
188
189
190
191
192
193
194
195
196
197
198
199
200
1
2
1 2 
3 1 
3 2 
4 2 
5 2 
6 2 
6 5 
7 2 
7 4 
7 5 
8 2 
8 7 
9 5 
12 2 
12 5 
13 1 
14 7 
18 2 
18 12 
19 7 
22 1 
23 1 
23 3 
23 7 
24 2 
24 5 
26 1 
27 7 
28 8 
30 2 
31 6 
32 3 
35 9 
36 23 
37 5 
37 12 
38 1 
38 2 
38 8 
43 6 
45 12 
46 45 
48 14 
49 4 
51 23 
51 32 
52 9 
52 12 
56 12 
60 7 
61 3 
61 46 
62 32 
65 5 
65 9 
66 23 
66 35 
67 26 
68 52 
69 24 
70 14 
71 18 
72 18 
73 32 
74 3 
77 2 
77 5 
78 3 
78 8 
81 5 
81 18 
87 1 
87 26 
88 3 
88 5 
88 71 
89 23 
90 27 
90 46 
90 70 
90 78 
92 2 
93 3 
94 7 
94 35 
94 48 
96 51 
97 94 
100 78 
100 94 
102 3 
104 5 
106 8 
106 65 
109 5 
109 26 
109 35 
111 88 
112 5 
114 48 
115 3 
115 28 
116 2 
116 26 
118 5 
120 60 
120 92 
122 2 
122 18 
122 62 
125 14 
127 3 
128 18 
128 19 
129 3 
129 18 
130 7 
130 60 
131 7 
131 46 
131 60 
132 46 
132 48 
133 5 
135 125 
136 27 
137 5 
139 23 
142 93 
143 3 
144 61 
146 19 
146 78 
147 23 
147 24 
149 77 
151 71 
153 13 
155 7 
156 7 
156 78 
160 23 
160 65 
162 5 
162 70 
163 18 
163 27 
167 162 
168 116 
169 24 
169 70 
171 93 
171 102 
174 60 
175 106 
176 163 
177 4 
177 24 
177 135 
178 175 
181 175 
182 7 
184 8 
186 7 
187 23 
188 169 
192 23 
196 24 
197 102 
198 1 
198 7 
198 35 
198 60 
200 1 
201 1 
