203 218
1
2
3
4
5
6
7
8
9
10
11
12
13
14
15
16
17
18
19
20
21
22
23
24
25
26
27
28
29
30
31
32
33
34
35
36
37
38
39
40
41
42
43
44
45
46
47
48
49
50
51
52
53
54
55
56
57
58
59
60
61
62
63
64
65
66
67
68
69
70
71
72
73
74
75
76
77
78
79
80
81
82
83
84
85
86
87
88
89
90
91
92
93
94
95
96
97
98
99
100
101
102
103
104
105
106
107
108
109
110
111
112
113
114
115
116
117
118
119
120
121
122
123
124
125
126
127
128
129
130
131
132
133
134
135
136
137
138
139
140
141
142
143
144
145
146
147
148
149
150
151
152
153
154
155
156
157
158
159
160
161
162
163
164
165
166
167
168
169
170
171
172
173
174
175
176
177
178
179
180
181
182
183
184
185
186
187
188
189
190
191
192
193
194
195
196
197
198
199
200
1
2
3
1 2 
3 1 
5 1 
5 2 
8 1 
8 3 
8 5 
9 2 
9 5 
11 1 
11 5 
12 9 
13 5 
13 9 
15 5 
17 1 
18 1 
18 5 
19 5 
20 1 
20 9 
21 3 
22 5 
23 2 
23 5 
24 18 
25 9 
26 1 
27 13 
28 2 
28 8 
31 5 
31 9 
31 24 
33 3 
33 13 
34 8 
35 9 
35 12 
35 24 
36 2 
37 2 
37 9 
43 1 
43 5 
43 13 
43 24 
44 25 
44 35 
46 26 
47 8 
48 2 
48 5 
48 8 
48 26 
48 31 
51 11 
52 1 
52 31 
52 34 
53 9 
55 48 
58 25 
58 34 
58 51 
59 9 
59 26 
60 31 
60 44 
61 1 
62 18 
62 37 
62 43 
63 11 
63 44 
64 12 
65 2 
65 58 
66 9 
67 9 
67 28 
68 24 
68 52 
69 5 
70 58 
71 24 
72 1 
73 11 
74 18 
75 62 
76 9 
76 11 
76 31 
77 22 
80 5 
80 71 
82 28 
82 35 
82 67 
83 9 
84 12 
86 69 
86 70 
87 52 
88 60 
90 5 
90 8 
90 68 
90 88 
91 34 
93 5 
93 87 
95 5 
95 28 
95 68 
97 5 
97 12 
97 35 
97 52 
97 64 
99 13 
99 75 
100 5 
100 12 
101 82 
102 1 
102 75 
103 8 
104 8 
104 17 
105 58 
107 100 
108 48 
110 9 
111 1 
111 2 
112 5 
112 35 
112 67 
114 8 
114 35 
116 9 
116 28 
116 76 
117 68 
118 9 
121 9 
121 90 
121 99 
122 82 
124 2 
126 1 
128 8 
130 2 
131 58 
132 44 
133 76 
134 1 
134 47 
134 102 
135 108 
136 3 
136 9 
136 58 
136 97 
137 23 
137 90 
141 5 
143 136 
144 2 
144 58 
144 99 
145 72 
146 69 
149 68 
149 97 
150 93 
151 9 
155 1 
158 134 
159 2 
159 68 
159 90 
160 5 
160 150 
162 68 
164 75 
167 37 
167 43 
167 93 
167 112 
170 5 
170 26 
170 31 
170 86 
171 3 
172 9 
172 48 
173 58 
174 1 
176 159 
177 9 
177 150 
182 60 
182 104 
183 82 
186 172 
187 149 
190 24 
194 22 
194 82 
195 9 
197 76 
198 60 
198 160 
199 174 
200 20 
203 99 
