207 222
1
2
3
4
5
6
7
8
9
10
11
12
13
14
15
16
17
18
19
20
21
22
23
24
25
26
27
28
29
30
31
32
33
34
35
36
37
38
39
40
41
42
43
44
45
46
47
48
49
50
51
52
53
54
55
56
57
58
59
60
61
62
63
64
65
66
67
68
69
70
71
72
73
74
75
76
77
78
79
80
81
82
83
84
85
86
87
88
89
90
91
92
93
94
95
96
97
98
99
100
101
102
103
104
105
106
107
108
109
110
111
112
113
114
115
116
117
118
119
120
121
122
123
124
125
126
127
128
129
130
131
132
133
134
135
136
137
138
139
140
141
142
143
144
145
146
147
148
149
150
151
152
153
154
155
156
157
158
159
160
161
162
163
164
165
166
167
168
169
170
171
172
173
174
175
176
177
178
179
180
181
182
183
184
185
186
187
188
189
190
191
192
193
194
195
196
197
198
199
200
1
2
3
4
5
6
7
1 2 
4 1 
4 2 
6 1 
7 2 
8 1 
9 1 
10 4 
12 1 
12 10 
13 2 
14 1 
14 2 
14 4 
14 6 
15 4 
15 8 
15 14 
17 12 
20 8 
20 9 
21 14 
22 1 
26 6 
27 8 
27 9 
28 1 
29 1 
29 12 
31 2 
32 2 
33 9 
33 20 
33 29 
34 2 
34 6 
34 14 
34 29 
34 33 
35 17 
36 1 
36 15 
36 17 
38 36 
40 28 
41 10 
41 33 
42 40 
43 1 
43 4 
43 6 
44 26 
45 2 
46 27 
46 34 
48 17 
49 36 
49 41 
50 44 
51 2 
51 9 
52 33 
55 2 
55 9 
55 42 
57 9 
57 36 
57 40 
58 2 
58 9 
58 29 
58 32 
59 1 
59 34 
62 42 
62 43 
62 51 
64 21 
65 14 
66 14 
66 34 
66 58 
66 62 
68 32 
68 34 
70 1 
70 2 
75 9 
75 12 
75 33 
76 29 
79 2 
81 4 
81 66 
83 4 
83 33 
84 29 
85 2 
85 22 
88 1 
88 2 
89 1 
89 29 
89 85 
90 62 
91 1 
91 33 
94 2 
94 58 
95 40 
98 1 
101 1 
102 33 
102 36 
103 29 
104 57 
105 27 
106 12 
106 33 
108 9 
108 17 
109 9 
110 101 
111 9 
111 51 
112 29 
113 36 
113 65 
114 98 
115 40 
116 1 
116 29 
116 55 
116 62 
117 46 
118 115 
119 41 
119 75 
120 49 
121 32 
121 75 
122 1 
124 15 
125 14 
127 14 
127 91 
128 29 
129 36 
130 6 
130 12 
130 14 
130 76 
131 14 
131 83 
133 85 
134 7 
135 1 
137 9 
138 14 
139 98 
144 116 
146 4 
148 8 
148 29 
148 102 
149 1 
150 14 
150 33 
153 8 
153 62 
156 21 
157 2 
157 29 
157 34 
158 102 
158 131 
160 17 
161 146 
162 1 
164 62 
168 43 
168 66 
168 75 
168 98 
168 127 
170 131 
172 12 
172 43 
173 36 
175 113 
177 28 
178 66 
178 75 
178 131 
179 124 
180 29 
181 2 
181 29 
182 17 
182 102 
183 98 
184 181 
185 168 
186 1 
187 36 
187 102 
187 148 
190 4 
191 1 
193 103 
194 9 
195 70 
196 9 
196 34 
197 21 
198 46 
200 36 
200 55 
201 178 
203 2 
203 66 
206 29 
