210 230
1
2
3
4
5
6
7
8
9
10
11
12
13
14
15
16
17
18
19
20
21
22
23
24
25
26
27
28
29
30
31
32
33
34
35
36
37
38
39
40
41
42
43
44
45
46
47
48
49
50
51
52
53
54
55
56
57
58
59
60
61
62
63
64
65
66
67
68
69
70
71
72
73
74
75
76
77
78
79
80
81
82
83
84
85
86
87
88
89
90
91
92
93
94
95
96
97
98
99
100
101
102
103
104
105
106
107
108
109
110
111
112
113
114
115
116
117
118
119
120
121
122
123
124
125
126
127
128
129
130
131
132
133
134
135
136
137
138
139
140
141
142
143
144
145
146
147
148
149
150
151
152
153
154
155
156
157
158
159
160
161
162
163
164
165
166
167
168
169
170
171
172
173
174
175
176
177
178
179
180
181
182
183
184
185
186
187
188
189
190
191
192
193
194
195
196
197
198
199
200
1
2
3
4
5
6
7
8
9
10
1 2 
3 1 
5 1 
5 2 
6 1 
8 1 
11 1 
11 6 
12 11 
14 1 
15 1 
15 2 
15 11 
17 1 
17 15 
18 11 
19 3 
19 15 
20 14 
21 2 
24 15 
26 17 
28 3 
28 11 
28 21 
29 1 
31 15 
32 11 
34 1 
34 3 
34 11 
35 32 
36 26 
37 26 
38 11 
41 2 
41 6 
44 32 
45 2 
45 15 
46 14 
46 28 
50 46 
54 14 
54 26 
55 1 
55 38 
56 45 
57 15 
57 26 
60 1 
62 14 
63 11 
63 15 
64 26 
65 38 
65 57 
66 11 
66 38 
66 63 
67 1 
67 6 
67 14 
67 29 
67 46 
69 6 
70 1 
70 19 
71 1 
71 3 
71 11 
72 67 
73 1 
74 38 
75 14 
76 45 
77 19 
78 26 
78 28 
79 67 
81 1 
81 11 
81 15 
81 71 
82 32 
84 38 
87 17 
87 32 
89 46 
90 14 
90 19 
91 63 
91 67 
92 15 
93 2 
93 6 
94 15 
94 90 
98 19 
98 93 
99 15 
99 45 
102 1 
102 67 
105 1 
105 2 
105 3 
107 1 
107 2 
108 15 
109 11 
109 93 
111 5 
111 78 
112 90 
113 2 
114 1 
114 15 
115 79 
118 11 
118 26 
119 31 
120 70 
122 19 
122 57 
123 15 
123 107 
124 70 
126 26 
126 67 
126 82 
127 11 
127 102 
128 1 
128 6 
128 115 
130 1 
130 17 
130 31 
130 122 
131 115 
132 2 
132 15 
133 31 
136 38 
137 67 
138 19 
140 17 
140 41 
141 99 
142 90 
143 75 
144 17 
145 19 
145 38 
146 118 
147 28 
148 19 
148 28 
149 32 
150 45 
151 115 
152 55 
153 2 
153 19 
153 24 
153 46 
155 89 
156 6 
156 14 
156 38 
157 28 
157 87 
158 1 
158 18 
159 75 
159 114 
161 112 
162 19 
162 45 
163 138 
165 1 
165 28 
166 152 
167 36 
167 122 
168 38 
169 66 
170 132 
171 46 
173 2 
174 55 
175 46 
176 6 
179 14 
179 66 
179 105 
181 14 
183 6 
186 15 
186 122 
187 2 
188 55 
189 181 
190 46 
192 67 
192 69 
193 6 
193 87 
194 78 
195 55 
195 148 
196 193 
197 19 
197 64 
199 6 
199 105 
200 115 
201 3 
201 57 
203 112 
205 118 
206 67 
206 115 
207 17 
208 45 
208 148 
209 102 
209 105 
210 74 
