211 233
1
2
3
4
5
6
7
8
9
10
11
12
13
14
15
16
17
18
19
20
21
22
23
24
25
26
27
28
29
30
31
32
33
34
35
36
37
38
39
40
41
42
43
44
45
46
47
48
49
50
51
52
53
54
55
56
57
58
59
60
61
62
63
64
65
66
67
68
69
70
71
72
73
74
75
76
77
78
79
80
81
82
83
84
85
86
87
88
89
90
91
92
93
94
95
96
97
98
99
100
101
102
103
104
105
106
107
108
109
110
111
112
113
114
115
116
117
118
119
120
121
122
123
124
125
126
127
128
129
130
131
132
133
134
135
136
137
138
139
140
141
142
143
144
145
146
147
148
149
150
151
152
153
154
155
156
157
158
159
160
161
162
163
164
165
166
167
168
169
170
171
172
173
174
175
176
177
178
179
180
181
182
183
184
185
186
187
188
189
190
191
192
193
194
195
196
197
198
199
200
1
2
3
4
5
6
7
8
9
10
11
1 2 
3 1 
3 2 
4 1 
5 1 
5 3 
6 3 
6 5 
7 1 
7 3 
8 5 
9 1 
9 5 
11 3 
12 7 
13 1 
16 9 
18 1 
18 3 
19 5 
20 9 
21 2 
21 18 
22 5 
23 3 
23 13 
24 5 
25 3 
26 7 
26 22 
27 2 
28 3 
29 6 
31 9 
32 3 
34 1 
34 5 
34 27 
37 1 
37 19 
38 7 
38 9 
38 18 
39 3 
40 3 
40 5 
40 28 
41 1 
41 2 
42 1 
42 22 
43 1 
44 3 
46 11 
46 22 
48 3 
48 27 
48 28 
49 2 
51 5 
53 19 
54 44 
56 12 
56 13 
58 44 
59 25 
60 38 
62 11 
62 22 
63 3 
64 62 
65 22 
65 60 
66 2 
66 53 
68 40 
69 3 
69 60 
71 8 
71 65 
73 1 
73 40 
74 1 
75 3 
75 62 
78 59 
79 27 
80 3 
80 18 
82 71 
84 19 
84 62 
84 66 
85 2 
89 1 
89 59 
91 3 
91 6 
91 40 
91 46 
94 13 
97 9 
98 1 
98 60 
99 38 
100 42 
101 1 
101 38 
102 5 
102 101 
103 13 
103 91 
104 1 
104 40 
104 62 
105 68 
106 89 
107 5 
107 65 
110 3 
112 3 
112 25 
113 63 
113 65 
114 1 
114 2 
114 60 
114 91 
116 1 
116 7 
117 1 
117 44 
119 25 
119 64 
120 31 
120 59 
122 3 
122 9 
123 2 
123 13 
123 46 
125 6 
127 5 
129 24 
129 41 
129 60 
131 9 
131 40 
131 73 
132 6 
133 5 
134 13 
136 69 
136 106 
138 102 
141 7 
142 22 
143 44 
143 78 
144 27 
146 79 
146 125 
147 41 
148 38 
149 3 
149 62 
150 60 
151 5 
151 147 
152 60 
154 11 
155 3 
156 63 
157 155 
159 136 
162 22 
162 84 
163 6 
163 65 
163 116 
165 7 
165 31 
165 41 
166 6 
166 34 
168 2 
168 23 
168 34 
168 104 
168 152 
169 46 
169 114 
171 18 
171 40 
172 8 
174 13 
174 123 
176 1 
176 23 
179 23 
181 66 
183 5 
183 37 
184 26 
186 136 
188 19 
188 60 
189 186 
190 168 
191 21 
192 1 
194 5 
194 13 
194 28 
194 54 
195 69 
197 9 
197 39 
198 6 
200 3 
200 104 
201 73 
201 179 
202 54 
202 168 
203 31 
205 168 
206 32 
207 18 
208 1 
209 84 
209 134 
211 163 
