212 200
1
2
3
4
5
6
7
8
9
10
11
12
13
14
15
16
17
18
19
20
21
22
23
24
25
26
27
28
29
30
31
32
33
34
35
36
37
38
39
40
41
42
43
44
45
46
47
48
49
50
51
52
53
54
55
56
57
58
59
60
61
62
63
64
65
66
67
68
69
70
71
72
73
74
75
76
77
78
79
80
81
82
83
84
85
86
87
88
89
90
91
92
93
94
95
96
97
98
99
100
101
102
103
104
105
106
107
108
109
110
111
112
113
114
115
116
117
118
119
120
121
122
123
124
125
126
127
128
129
130
131
132
133
134
135
136
137
138
139
140
141
142
143
144
145
146
147
148
149
150
151
152
153
154
155
156
157
158
159
160
161
162
163
164
165
166
167
168
169
170
171
172
173
174
175
176
177
178
179
180
181
182
183
184
185
186
187
188
189
190
191
192
193
194
195
196
197
198
199
200
1
2
3
4
5
6
7
8
9
10
11
12
1 2 
3 1 
4 1 
6 2 
8 2 
8 4 
16 4 
18 1 
18 4 
20 1 
20 3 
21 1 
23 1 
24 2 
25 2 
26 1 
26 4 
27 2 
28 27 
29 26 
30 6 
31 4 
32 4 
32 26 
33 1 
34 1 
34 4 
34 26 
36 16 
36 21 
37 36 
38 4 
40 1 
40 26 
40 36 
42 26 
43 1 
44 37 
45 4 
46 26 
47 4 
47 26 
49 1 
49 34 
49 37 
50 34 
50 45 
51 47 
52 32 
52 51 
53 1 
55 2 
57 51 
58 1 
58 37 
60 1 
63 43 
64 40 
67 37 
69 2 
69 4 
70 26 
74 18 
74 36 
74 40 
75 6 
75 43 
76 69 
78 51 
79 47 
80 4 
82 4 
83 40 
84 4 
85 34 
85 51 
86 1 
86 27 
86 40 
88 4 
89 43 
90 32 
91 4 
91 58 
93 36 
95 1 
95 26 
95 43 
96 23 
96 37 
96 70 
98 46 
100 37 
102 85 
104 8 
104 47 
105 36 
105 46 
106 83 
107 34 
107 69 
109 34 
110 3 
111 26 
112 51 
115 20 
115 46 
116 60 
117 40 
118 79 
119 85 
119 98 
120 37 
121 4 
121 6 
121 52 
121 119 
122 34 
122 45 
123 2 
123 95 
124 4 
124 69 
125 1 
127 1 
129 2 
129 58 
130 85 
132 16 
135 4 
136 46 
137 32 
137 37 
138 21 
141 119 
144 26 
144 76 
147 105 
148 1 
150 36 
151 2 
153 129 
154 36 
154 121 
156 4 
157 4 
157 32 
166 4 
169 47 
170 4 
170 153 
172 28 
172 154 
174 44 
176 28 
176 130 
176 147 
177 1 
178 6 
178 16 
178 23 
178 24 
178 32 
178 40 
179 96 
179 107 
180 20 
181 64 
183 36 
183 50 
184 74 
185 44 
186 36 
186 46 
188 52 
188 69 
190 2 
190 4 
190 153 
190 154 
191 25 
193 51 
193 120 
195 4 
195 86 
196 26 
196 36 
196 37 
196 57 
196 60 
198 76 
198 109 
200 37 
200 106 
202 23 
204 46 
204 112 
209 34 
209 58 
210 52 
