213 213
1
2
3
4
5
6
7
8
9
10
11
12
13
14
15
16
17
18
19
20
21
22
23
24
25
26
27
28
29
30
31
32
33
34
35
36
37
38
39
40
41
42
43
44
45
46
47
48
49
50
51
52
53
54
55
56
57
58
59
60
61
62
63
64
65
66
67
68
69
70
71
72
73
74
75
76
77
78
79
80
81
82
83
84
85
86
87
88
89
90
91
92
93
94
95
96
97
98
99
100
101
102
103
104
105
106
107
108
109
110
111
112
113
114
115
116
117
118
119
120
121
122
123
124
125
126
127
128
129
130
131
132
133
134
135
136
137
138
139
140
141
142
143
144
145
146
147
148
149
150
151
152
153
154
155
156
157
158
159
160
161
162
163
164
165
166
167
168
169
170
171
172
173
174
175
176
177
178
179
180
181
182
183
184
185
186
187
188
189
190
191
192
193
194
195
196
197
198
199
200
1
2
3
4
5
6
7
8
9
10
11
12
13
1 2 
3 1 
4 2 
6 1 
6 2 
6 4 
8 2 
8 3 
9 1 
9 6 
13 8 
14 2 
14 8 
16 2 
16 13 
19 3 
19 14 
24 8 
24 14 
25 8 
27 1 
27 2 
27 8 
27 14 
27 24 
29 14 
29 27 
30 27 
35 6 
35 27 
36 27 
38 9 
38 24 
39 16 
40 14 
41 13 
41 27 
41 35 
42 24 
43 13 
44 4 
45 25 
45 41 
46 2 
47 46 
49 2 
49 24 
51 8 
51 25 
51 38 
52 19 
54 45 
56 1 
56 46 
56 49 
59 46 
60 24 
61 24 
62 29 
64 1 
65 27 
65 45 
65 54 
67 25 
68 14 
71 35 
71 46 
72 45 
73 25 
73 56 
75 1 
75 56 
77 1 
78 6 
79 44 
80 51 
82 41 
88 14 
88 16 
89 49 
90 1 
90 38 
91 6 
94 16 
96 24 
97 3 
97 29 
98 13 
98 14 
98 27 
98 46 
99 82 
101 1 
103 4 
104 14 
104 46 
105 14 
105 27 
105 35 
106 13 
108 14 
108 27 
108 73 
111 6 
112 6 
112 24 
113 1 
113 65 
116 6 
119 13 
120 14 
120 16 
120 60 
122 6 
122 72 
123 4 
125 3 
125 27 
127 14 
127 46 
128 56 
128 98 
130 2 
130 73 
130 101 
133 46 
133 120 
134 14 
138 1 
138 6 
138 105 
139 14 
139 46 
140 46 
140 49 
142 82 
143 51 
144 41 
144 82 
145 6 
146 54 
146 67 
151 13 
151 123 
152 146 
153 139 
154 38 
155 82 
155 138 
156 89 
156 105 
159 125 
160 46 
162 125 
163 25 
164 24 
164 29 
164 116 
167 122 
168 77 
168 105 
168 139 
170 29 
170 108 
171 6 
176 145 
177 2 
177 14 
177 27 
177 45 
177 62 
179 47 
179 120 
180 14 
180 47 
180 154 
181 41 
181 46 
181 54 
183 24 
186 24 
186 51 
187 46 
188 167 
189 105 
189 170 
191 45 
192 24 
193 154 
194 41 
196 8 
196 170 
197 51 
200 1 
200 73 
202 152 
204 2 
204 19 
204 54 
205 127 
207 170 
208 2 
208 51 
209 3 
209 180 
210 2 
210 27 
210 82 
211 138 
212 6 
213 2 
213 133 
213 170 
