215 243
1
2
3
4
5
6
7
8
9
10
11
12
13
14
15
16
17
18
19
20
21
22
23
24
25
26
27
28
29
30
31
32
33
34
35
36
37
38
39
40
41
42
43
44
45
46
47
48
49
50
51
52
53
54
55
56
57
58
59
60
61
62
63
64
65
66
67
68
69
70
71
72
73
74
75
76
77
78
79
80
81
82
83
84
85
86
87
88
89
90
91
92
93
94
95
96
97
98
99
100
101
102
103
104
105
106
107
108
109
110
111
112
113
114
115
116
117
118
119
120
121
122
123
124
125
126
127
128
129
130
131
132
133
134
135
136
137
138
139
140
141
142
143
144
145
146
147
148
149
150
151
152
153
154
155
156
157
158
159
160
161
162
163
164
165
166
167
168
169
170
171
172
173
174
175
176
177
178
179
180
181
182
183
184
185
186
187
188
189
190
191
192
193
194
195
196
197
198
199
200
1
2
3
4
5
6
7
8
9
10
11
12
13
14
15
1 2 
3 1 
5 1 
6 1 
9 2 
9 3 
10 9 
11 9 
11 10 
12 1 
12 10 
13 1 
13 2 
13 9 
15 9 
17 1 
18 3 
18 9 
22 1 
22 13 
22 18 
23 10 
23 18 
25 1 
25 3 
25 12 
25 13 
26 1 
26 13 
28 1 
28 3 
29 1 
29 18 
29 22 
30 22 
31 25 
31 29 
32 23 
33 18 
37 3 
37 28 
38 1 
39 13 
39 22 
39 26 
39 31 
39 33 
40 13 
41 17 
42 25 
42 33 
43 39 
44 3 
45 5 
45 13 
45 33 
46 3 
50 3 
50 13 
50 25 
50 26 
51 1 
51 13 
51 15 
51 29 
52 45 
53 28 
54 30 
54 45 
55 3 
55 13 
56 9 
56 11 
56 28 
57 3 
58 18 
58 29 
58 56 
61 41 
62 17 
62 18 
64 9 
64 28 
66 58 
71 50 
72 1 
73 1 
73 3 
74 31 
75 3 
75 33 
75 42 
75 53 
76 3 
77 3 
77 23 
77 75 
79 33 
80 13 
80 56 
80 66 
80 75 
81 23 
81 80 
85 3 
86 10 
86 33 
87 1 
87 3 
88 17 
90 13 
91 13 
91 28 
92 18 
92 42 
93 2 
93 28 
93 31 
94 17 
94 93 
95 75 
96 33 
97 40 
98 77 
99 75 
100 25 
101 1 
102 9 
102 26 
103 1 
103 71 
104 1 
105 37 
105 58 
106 72 
106 75 
107 13 
107 81 
108 18 
108 22 
109 1 
112 1 
114 46 
115 9 
116 12 
116 45 
117 93 
119 41 
119 62 
120 1 
120 13 
120 50 
121 30 
121 92 
122 31 
122 91 
125 39 
126 75 
126 87 
127 91 
129 37 
130 129 
131 13 
133 51 
134 125 
136 50 
136 55 
136 115 
137 50 
138 39 
141 17 
142 80 
143 39 
144 1 
144 87 
145 56 
145 61 
146 33 
146 75 
148 80 
152 99 
153 1 
155 61 
156 25 
156 31 
156 33 
157 1 
157 9 
158 153 
161 13 
161 25 
161 41 
161 107 
162 9 
162 13 
162 153 
163 31 
163 56 
164 1 
164 86 
166 108 
167 13 
167 146 
169 1 
170 25 
170 51 
170 130 
170 146 
171 134 
174 2 
178 144 
179 170 
180 64 
181 39 
181 57 
183 9 
185 13 
186 13 
187 73 
188 31 
189 71 
190 9 
190 161 
192 93 
193 50 
193 108 
195 56 
196 170 
196 192 
197 58 
198 22 
199 13 
199 25 
200 3 
202 1 
203 22 
204 3 
206 46 
208 50 
209 61 
210 31 
210 39 
212 55 
