218 218
1
2
3
4
5
6
7
8
9
10
11
12
13
14
15
16
17
18
19
20
21
22
23
24
25
26
27
28
29
30
31
32
33
34
35
36
37
38
39
40
41
42
43
44
45
46
47
48
49
50
51
52
53
54
55
56
57
58
59
60
61
62
63
64
65
66
67
68
69
70
71
72
73
74
75
76
77
78
79
80
81
82
83
84
85
86
87
88
89
90
91
92
93
94
95
96
97
98
99
100
101
102
103
104
105
106
107
108
109
110
111
112
113
114
115
116
117
118
119
120
121
122
123
124
125
126
127
128
129
130
131
132
133
134
135
136
137
138
139
140
141
142
143
144
145
146
147
148
149
150
151
152
153
154
155
156
157
158
159
160
161
162
163
164
165
166
167
168
169
170
171
172
173
174
175
176
177
178
179
180
181
182
183
184
185
186
187
188
189
190
191
192
193
194
195
196
197
198
199
200
1
2
3
4
5
6
7
8
9
10
11
12
13
14
15
16
17
18
1 2 
3 2 
5 1 
5 2 
6 2 
8 1 
8 5 
10 2 
10 3 
11 1 
12 1 
12 2 
12 5 
14 5 
15 1 
19 15 
21 1 
21 6 
21 10 
21 15 
22 1 
23 2 
24 2 
24 21 
25 10 
26 2 
27 1 
28 6 
29 6 
31 6 
33 11 
33 26 
35 8 
36 2 
36 21 
38 2 
39 8 
39 15 
42 3 
42 10 
44 31 
45 22 
45 23 
46 1 
46 2 
46 10 
47 1 
47 2 
47 5 
47 21 
47 23 
48 6 
48 8 
48 12 
49 15 
49 21 
49 45 
52 10 
52 15 
52 48 
54 8 
54 21 
54 47 
57 3 
59 10 
61 1 
62 2 
62 21 
63 33 
64 1 
66 19 
67 42 
69 10 
73 1 
74 1 
77 3 
77 12 
77 29 
78 28 
78 45 
78 57 
80 21 
82 33 
83 10 
83 49 
84 1 
84 78 
88 78 
89 21 
90 6 
91 78 
92 46 
93 5 
93 8 
94 57 
94 82 
95 3 
97 27 
98 19 
98 78 
99 8 
99 25 
102 98 
103 1 
105 21 
105 36 
106 21 
106 49 
107 2 
107 8 
109 42 
109 54 
110 25 
112 45 
114 1 
114 5 
114 6 
114 22 
115 2 
115 21 
115 28 
116 73 
117 54 
118 36 
121 10 
122 26 
122 33 
122 78 
123 33 
127 3 
127 45 
128 10 
128 15 
130 6 
132 8 
132 10 
132 46 
132 123 
133 8 
133 91 
134 23 
137 89 
139 48 
140 8 
140 44 
140 54 
140 122 
142 2 
143 117 
144 1 
145 27 
145 88 
148 45 
148 94 
150 78 
151 21 
151 93 
153 107 
155 15 
155 33 
155 42 
155 130 
156 91 
157 39 
159 6 
160 15 
160 66 
163 46 
165 3 
165 78 
168 6 
168 21 
170 6 
174 8 
175 6 
176 3 
177 78 
179 2 
179 107 
180 1 
180 3 
180 170 
181 133 
181 143 
184 143 
185 10 
185 155 
186 44 
187 23 
188 78 
189 12 
190 24 
193 8 
193 31 
195 19 
196 1 
196 46 
196 78 
198 98 
198 184 
199 3 
199 21 
199 23 
199 28 
200 27 
201 8 
201 189 
204 77 
204 106 
206 47 
209 148 
212 49 
213 36 
214 10 
214 155 
216 52 
217 170 
218 10 
