219 208
1
2
3
4
5
6
7
8
9
10
11
12
13
14
15
16
17
18
19
20
21
22
23
24
25
26
27
28
29
30
31
32
33
34
35
36
37
38
39
40
41
42
43
44
45
46
47
48
49
50
51
52
53
54
55
56
57
58
59
60
61
62
63
64
65
66
67
68
69
70
71
72
73
74
75
76
77
78
79
80
81
82
83
84
85
86
87
88
89
90
91
92
93
94
95
96
97
98
99
100
101
102
103
104
105
106
107
108
109
110
111
112
113
114
115
116
117
118
119
120
121
122
123
124
125
126
127
128
129
130
131
132
133
134
135
136
137
138
139
140
141
142
143
144
145
146
147
148
149
150
151
152
153
154
155
156
157
158
159
160
161
162
163
164
165
166
167
168
169
170
171
172
173
174
175
176
177
178
179
180
181
182
183
184
185
186
187
188
189
190
191
192
193
194
195
196
197
198
199
200
1
2
3
4
5
6
7
8
9
10
11
12
13
14
15
16
17
18
19
1 2 
3 2 
4 3 
5 2 
7 3 
8 1 
9 1 
9 3 
9 5 
10 3 
10 7 
11 9 
11 10 
12 1 
13 1 
15 1 
15 2 
18 3 
18 15 
19 9 
20 7 
21 1 
25 1 
26 3 
27 3 
27 10 
27 20 
28 3 
28 12 
28 18 
33 8 
34 2 
37 8 
37 18 
38 1 
38 27 
39 3 
39 10 
39 20 
40 1 
40 33 
41 2 
41 20 
46 33 
48 8 
48 15 
49 10 
50 20 
50 27 
52 18 
52 27 
53 9 
53 48 
54 3 
55 1 
55 11 
55 20 
55 27 
56 49 
57 20 
60 3 
65 20 
65 34 
66 20 
67 7 
68 7 
68 27 
69 1 
73 27 
74 20 
77 3 
77 8 
77 10 
79 10 
79 39 
79 77 
81 33 
81 65 
82 7 
82 33 
82 40 
83 11 
83 12 
84 12 
84 77 
85 3 
86 10 
87 27 
87 41 
88 1 
88 10 
90 12 
91 3 
92 40 
94 25 
94 27 
95 10 
96 9 
99 52 
103 5 
103 10 
105 20 
105 84 
110 1 
112 27 
112 84 
114 34 
114 37 
114 82 
115 112 
117 1 
117 27 
118 7 
118 77 
118 115 
119 7 
120 1 
120 41 
120 92 
120 112 
122 2 
122 81 
122 118 
123 65 
125 18 
127 5 
129 11 
130 83 
130 84 
133 12 
134 53 
134 65 
136 65 
137 41 
138 129 
139 39 
142 28 
142 67 
142 82 
144 50 
144 73 
144 77 
145 48 
146 20 
148 7 
148 20 
151 2 
151 21 
152 92 
152 96 
153 10 
153 53 
153 120 
154 9 
155 3 
156 4 
157 10 
157 68 
158 33 
158 53 
158 146 
161 27 
161 48 
161 137 
162 73 
162 120 
162 155 
165 10 
167 20 
169 7 
171 28 
175 20 
175 28 
175 118 
176 133 
177 165 
178 83 
179 2 
181 82 
182 77 
184 27 
186 86 
187 21 
191 114 
193 15 
194 10 
194 82 
195 41 
196 165 
197 10 
197 103 
198 7 
199 1 
199 41 
200 115 
201 151 
202 199 
204 18 
205 28 
207 27 
207 28 
208 105 
209 40 
210 7 
214 2 
215 40 
215 57 
215 120 
