220 209
1
2
3
4
5
6
7
8
9
10
11
12
13
14
15
16
17
18
19
20
21
22
23
24
25
26
27
28
29
30
31
32
33
34
35
36
37
38
39
40
41
42
43
44
45
46
47
48
49
50
51
52
53
54
55
56
57
58
59
60
61
62
63
64
65
66
67
68
69
70
71
72
73
74
75
76
77
78
79
80
81
82
83
84
85
86
87
88
89
90
91
92
93
94
95
96
97
98
99
100
101
102
103
104
105
106
107
108
109
110
111
112
113
114
115
116
117
118
119
120
121
122
123
124
125
126
127
128
129
130
131
132
133
134
135
136
137
138
139
140
141
142
143
144
145
146
147
148
149
150
151
152
153
154
155
156
157
158
159
160
161
162
163
164
165
166
167
168
169
170
171
172
173
174
175
176
177
178
179
180
181
182
183
184
185
186
187
188
189
190
191
192
193
194
195
196
197
198
199
200
1
2
3
4
5
6
7
8
9
10
11
12
13
14
15
16
17
18
19
20
1 2 
3 1 
5 2 
5 3 
6 2 
6 3 
6 5 
7 1 
7 5 
7 6 
8 2 
8 6 
9 5 
10 6 
11 5 
11 8 
12 3 
12 10 
15 9 
16 1 
17 3 
17 6 
19 1 
19 2 
23 11 
24 1 
24 2 
24 6 
27 8 
29 8 
29 11 
30 3 
31 10 
32 11 
35 6 
37 10 
37 11 
37 27 
39 3 
41 5 
41 23 
42 11 
43 7 
45 7 
45 29 
46 37 
47 24 
48 37 
51 3 
51 8 
53 10 
55 24 
58 2 
60 3 
60 5 
63 17 
65 37 
66 37 
68 3 
68 47 
69 5 
69 30 
69 41 
70 1 
71 6 
72 3 
72 24 
74 10 
74 47 
74 53 
75 10 
76 8 
76 41 
77 1 
77 6 
77 11 
77 69 
78 8 
78 37 
79 6 
81 2 
83 60 
83 69 
84 79 
85 1 
85 47 
86 8 
86 16 
87 81 
88 11 
89 8 
90 12 
90 30 
95 3 
95 5 
96 42 
98 47 
100 1 
100 12 
103 41 
104 16 
104 27 
104 86 
105 11 
107 5 
111 66 
113 1 
114 2 
115 8 
116 16 
117 7 
118 5 
118 11 
118 81 
120 29 
121 37 
122 6 
123 11 
125 86 
126 1 
126 53 
129 37 
130 69 
131 85 
132 16 
134 8 
135 6 
135 77 
136 2 
136 69 
138 6 
139 2 
139 5 
140 3 
143 5 
145 1 
145 12 
146 6 
146 11 
146 12 
147 76 
147 77 
154 11 
154 18 
154 24 
157 69 
158 1 
158 45 
158 86 
159 7 
159 88 
159 115 
160 115 
161 5 
161 160 
162 29 
162 78 
162 158 
166 85 
167 58 
171 78 
173 2 
173 5 
173 11 
173 51 
174 2 
175 3 
175 139 
176 53 
177 123 
178 74 
178 105 
180 175 
181 77 
182 6 
182 41 
183 104 
184 1 
189 2 
189 3 
190 113 
191 7 
192 8 
192 88 
194 6 
194 146 
196 129 
198 175 
199 3 
200 146 
203 8 
204 35 
204 81 
205 10 
205 154 
205 175 
207 120 
208 10 
210 3 
210 189 
212 90 
213 29 
213 66 
216 2 
216 45 
218 90 
219 29 
220 53 
220 207 
