221 222
1
2
3
4
5
6
7
8
9
10
11
12
13
14
15
16
17
18
19
20
21
22
23
24
25
26
27
28
29
30
31
32
33
34
35
36
37
38
39
40
41
42
43
44
45
46
47
48
49
50
51
52
53
54
55
56
57
58
59
60
61
62
63
64
65
66
67
68
69
70
71
72
73
74
75
76
77
78
79
80
81
82
83
84
85
86
87
88
89
90
91
92
93
94
95
96
97
98
99
100
101
102
103
104
105
106
107
108
109
110
111
112
113
114
115
116
117
118
119
120
121
122
123
124
125
126
127
128
129
130
131
132
133
134
135
136
137
138
139
140
141
142
143
144
145
146
147
148
149
150
151
152
153
154
155
156
157
158
159
160
161
162
163
164
165
166
167
168
169
170
171
172
173
174
175
176
177
178
179
180
181
182
183
184
185
186
187
188
189
190
191
192
193
194
195
196
197
198
199
200
1
2
3
4
5
6
7
8
9
10
11
12
13
14
15
16
17
18
19
20
21
1 2 
3 1 
3 2 
5 1 
6 1 
6 2 
7 2 
8 3 
11 5 
12 2 
13 11 
14 3 
14 7 
16 1 
16 2 
16 12 
19 7 
20 1 
20 2 
20 5 
21 3 
22 1 
23 1 
23 3 
25 3 
26 22 
27 2 
28 1 
30 1 
31 3 
31 20 
32 3 
34 2 
35 3 
35 8 
36 31 
38 2 
38 3 
38 7 
38 27 
40 7 
43 14 
44 30 
47 20 
48 7 
49 5 
51 2 
52 16 
53 2 
53 14 
53 43 
54 20 
56 5 
56 16 
58 1 
58 3 
59 30 
61 2 
61 6 
61 38 
62 35 
63 49 
67 1 
67 2 
68 2 
68 8 
68 16 
69 19 
69 52 
71 5 
72 20 
72 53 
73 2 
74 6 
75 16 
80 49 
81 43 
82 1 
82 67 
82 68 
84 81 
86 12 
86 49 
87 22 
88 2 
89 2 
91 68 
94 2 
94 35 
95 3 
98 14 
98 27 
98 38 
98 51 
99 88 
100 2 
100 11 
101 5 
107 35 
107 44 
107 49 
108 26 
109 81 
110 49 
111 81 
112 3 
112 86 
113 7 
113 100 
115 1 
116 86 
117 14 
118 7 
118 30 
119 5 
120 3 
120 31 
121 52 
126 34 
129 8 
129 80 
130 20 
130 81 
130 91 
132 12 
132 49 
133 2 
133 14 
133 74 
133 98 
134 1 
134 16 
135 2 
139 2 
140 3 
140 40 
141 3 
141 51 
144 2 
144 34 
145 69 
147 31 
147 140 
148 139 
149 7 
150 6 
151 121 
152 20 
153 2 
153 132 
155 44 
156 2 
156 3 
157 7 
158 11 
158 133 
159 19 
163 30 
163 147 
165 1 
166 3 
166 158 
167 94 
167 159 
168 67 
169 7 
169 38 
170 30 
170 94 
172 67 
173 166 
174 133 
178 1 
178 165 
179 141 
180 1 
180 11 
182 2 
182 3 
183 51 
184 2 
186 31 
188 141 
189 14 
189 144 
191 2 
192 3 
192 14 
192 69 
192 107 
193 82 
194 30 
196 98 
197 107 
201 5 
201 91 
202 27 
205 139 
209 31 
209 86 
210 53 
211 12 
211 73 
211 159 
213 81 
214 1 
214 2 
216 89 
216 150 
217 2 
217 121 
217 158 
218 53 
218 167 
219 2 
219 6 
219 53 
219 133 
219 182 
220 49 
220 157 
221 35 
