224 216
1
2
3
4
5
6
7
8
9
10
11
12
13
14
15
16
17
18
19
20
21
22
23
24
25
26
27
28
29
30
31
32
33
34
35
36
37
38
39
40
41
42
43
44
45
46
47
48
49
50
51
52
53
54
55
56
57
58
59
60
61
62
63
64
65
66
67
68
69
70
71
72
73
74
75
76
77
78
79
80
81
82
83
84
85
86
87
88
89
90
91
92
93
94
95
96
97
98
99
100
101
102
103
104
105
106
107
108
109
110
111
112
113
114
115
116
117
118
119
120
121
122
123
124
125
126
127
128
129
130
131
132
133
134
135
136
137
138
139
140
141
142
143
144
145
146
147
148
149
150
151
152
153
154
155
156
157
158
159
160
161
162
163
164
165
166
167
168
169
170
171
172
173
174
175
176
177
178
179
180
181
182
183
184
185
186
187
188
189
190
191
192
193
194
195
196
197
198
199
200
1
2
3
4
5
6
7
8
9
10
11
12
13
14
15
16
17
18
19
20
21
22
23
24
1 2 
3 1 
3 2 
5 1 
5 3 
7 3 
9 3 
9 5 
10 1 
10 5 
12 1 
13 9 
16 1 
16 3 
17 2 
17 3 
19 1 
19 3 
21 3 
23 3 
25 7 
26 1 
26 3 
26 13 
27 5 
27 16 
30 3 
31 1 
31 3 
32 3 
32 17 
33 2 
33 16 
34 3 
35 27 
37 17 
39 2 
39 16 
41 3 
44 23 
44 26 
46 17 
47 2 
47 3 
47 27 
47 32 
49 1 
50 10 
51 3 
51 27 
54 3 
54 47 
55 13 
57 3 
58 47 
58 51 
61 47 
64 1 
64 27 
65 3 
65 26 
68 1 
68 51 
69 3 
69 5 
70 55 
70 69 
73 5 
73 49 
75 5 
75 33 
77 9 
78 2 
78 3 
81 46 
82 2 
82 13 
82 26 
82 78 
83 1 
84 1 
84 44 
86 16 
86 27 
86 39 
86 58 
87 7 
89 5 
89 16 
89 23 
90 31 
90 65 
91 58 
93 2 
93 3 
94 35 
94 93 
96 9 
97 2 
98 44 
99 7 
99 57 
100 33 
100 44 
101 7 
101 44 
102 32 
103 10 
104 16 
104 27 
107 2 
108 9 
109 58 
110 108 
113 84 
114 78 
115 3 
116 65 
117 3 
117 114 
119 26 
124 26 
124 47 
124 89 
124 96 
126 47 
127 1 
127 69 
128 86 
128 101 
130 47 
131 9 
133 3 
133 26 
135 2 
136 17 
139 13 
140 26 
142 27 
142 44 
143 31 
145 17 
147 35 
148 13 
148 33 
148 54 
148 78 
149 86 
150 27 
151 7 
152 26 
154 89 
155 5 
155 91 
156 7 
159 3 
165 1 
165 26 
165 58 
167 102 
168 5 
168 127 
169 65 
170 2 
170 26 
170 75 
171 7 
171 44 
171 82 
171 128 
172 17 
172 26 
173 107 
175 2 
176 1 
176 2 
176 152 
177 172 
179 31 
181 26 
181 169 
183 1 
183 31 
183 147 
184 9 
185 32 
186 2 
188 2 
188 82 
190 101 
191 3 
192 64 
192 84 
192 107 
195 65 
197 172 
199 47 
200 113 
204 82 
204 127 
205 192 
206 133 
208 47 
212 102 
213 1 
213 68 
214 142 
214 175 
215 197 
220 17 
221 177 
223 1 
223 7 
223 78 
224 69 
224 136 
