228 205
1
2
3
4
5
6
7
8
9
10
11
12
13
14
15
16
17
18
19
20
21
22
23
24
25
26
27
28
29
30
31
32
33
34
35
36
37
38
39
40
41
42
43
44
45
46
47
48
49
50
51
52
53
54
55
56
57
58
59
60
61
62
63
64
65
66
67
68
69
70
71
72
73
74
75
76
77
78
79
80
81
82
83
84
85
86
87
88
89
90
91
92
93
94
95
96
97
98
99
100
101
102
103
104
105
106
107
108
109
110
111
112
113
114
115
116
117
118
119
120
121
122
123
124
125
126
127
128
129
130
131
132
133
134
135
136
137
138
139
140
141
142
143
144
145
146
147
148
149
150
151
152
153
154
155
156
157
158
159
160
161
162
163
164
165
166
167
168
169
170
171
172
173
174
175
176
177
178
179
180
181
182
183
184
185
186
187
188
189
190
191
192
193
194
195
196
197
198
199
200
1
2
3
4
5
6
7
8
9
10
11
12
13
14
15
16
17
18
19
20
21
22
23
24
25
26
27
28
1 2 
3 1 
3 2 
4 1 
4 2 
4 3 
6 1 
7 1 
8 2 
8 3 
10 2 
11 4 
12 2 
13 3 
14 2 
15 2 
16 1 
19 1 
19 11 
22 7 
23 8 
24 2 
24 16 
25 6 
26 8 
27 2 
27 3 
27 16 
30 2 
30 7 
31 1 
35 3 
35 26 
36 3 
36 16 
37 19 
38 7 
39 2 
39 26 
41 2 
42 26 
45 1 
47 2 
47 3 
47 26 
47 27 
47 35 
48 2 
49 2 
49 47 
50 13 
51 10 
52 4 
53 38 
53 47 
55 3 
56 2 
57 16 
62 8 
63 38 
65 35 
70 3 
71 47 
73 38 
73 47 
74 47 
76 3 
76 73 
77 4 
77 51 
78 2 
78 36 
81 1 
81 35 
82 4 
82 6 
83 7 
84 2 
84 6 
84 82 
85 27 
85 37 
86 26 
87 8 
87 19 
88 7 
90 2 
91 6 
91 16 
92 73 
93 45 
96 45 
96 49 
99 47 
100 4 
100 11 
101 3 
102 91 
103 2 
103 57 
104 41 
108 6 
110 47 
111 6 
111 55 
112 2 
112 6 
112 41 
113 2 
113 7 
115 2 
115 3 
116 19 
119 78 
120 47 
120 77 
120 83 
120 88 
121 16 
125 3 
126 6 
128 47 
128 62 
128 91 
129 112 
129 125 
131 19 
133 2 
133 7 
134 129 
135 73 
136 2 
139 47 
139 49 
147 128 
148 2 
149 26 
149 47 
150 12 
152 73 
153 4 
153 47 
154 87 
154 150 
155 2 
156 27 
157 120 
159 19 
159 77 
161 1 
161 78 
162 2 
162 6 
164 16 
164 112 
168 37 
169 26 
170 4 
170 83 
171 128 
173 2 
174 6 
174 81 
175 2 
175 16 
178 22 
179 39 
180 159 
181 133 
182 50 
182 53 
186 3 
187 70 
189 26 
189 154 
189 174 
190 22 
192 7 
193 6 
193 26 
193 76 
199 16 
199 70 
199 119 
201 2 
203 57 
205 73 
206 6 
206 70 
207 192 
208 2 
209 128 
211 3 
212 129 
214 6 
216 154 
217 3 
217 47 
221 6 
221 19 
221 115 
223 49 
223 133 
224 57 
225 2 
