229 221
1
2
3
4
5
6
7
8
9
10
11
12
13
14
15
16
17
18
19
20
21
22
23
24
25
26
27
28
29
30
31
32
33
34
35
36
37
38
39
40
41
42
43
44
45
46
47
48
49
50
51
52
53
54
55
56
57
58
59
60
61
62
63
64
65
66
67
68
69
70
71
72
73
74
75
76
77
78
79
80
81
82
83
84
85
86
87
88
89
90
91
92
93
94
95
96
97
98
99
100
101
102
103
104
105
106
107
108
109
110
111
112
113
114
115
116
117
118
119
120
121
122
123
124
125
126
127
128
129
130
131
132
133
134
135
136
137
138
139
140
141
142
143
144
145
146
147
148
149
150
151
152
153
154
155
156
157
158
159
160
161
162
163
164
165
166
167
168
169
170
171
172
173
174
175
176
177
178
179
180
181
182
183
184
185
186
187
188
189
190
191
192
193
194
195
196
197
198
199
200
1
2
3
4
5
6
7
8
9
10
11
12
13
14
15
16
17
18
19
20
21
22
23
24
25
26
27
28
29
1 2 
3 2 
4 2 
4 3 
6 3 
8 2 
9 2 
9 4 
11 2 
11 4 
12 3 
13 4 
14 3 
14 6 
14 13 
16 2 
16 4 
17 2 
19 13 
21 14 
22 2 
22 3 
22 4 
24 3 
25 14 
30 12 
30 14 
32 4 
33 11 
35 3 
35 13 
37 19 
41 2 
42 22 
46 3 
47 2 
47 13 
49 37 
51 9 
52 35 
53 30 
55 4 
57 52 
59 16 
61 4 
62 2 
63 14 
64 2 
64 13 
64 25 
64 55 
65 2 
65 3 
65 22 
67 35 
68 3 
69 11 
74 4 
75 2 
75 3 
76 2 
76 55 
76 64 
78 2 
79 2 
80 52 
81 2 
82 65 
83 53 
86 13 
88 4 
88 21 
88 46 
88 47 
89 2 
89 13 
89 88 
90 55 
91 2 
92 13 
93 11 
94 11 
94 53 
95 37 
96 13 
96 35 
98 4 
98 25 
98 35 
99 2 
99 3 
99 30 
100 46 
101 30 
101 65 
102 46 
102 65 
102 88 
103 13 
104 52 
105 95 
107 3 
108 3 
109 2 
109 64 
112 90 
114 16 
114 22 
115 2 
115 35 
116 21 
116 109 
117 35 
117 37 
123 22 
123 47 
123 55 
124 11 
124 14 
125 16 
125 22 
125 98 
126 3 
128 3 
129 37 
135 11 
135 25 
135 114 
140 35 
140 109 
142 3 
142 24 
142 64 
143 51 
144 3 
144 13 
144 140 
148 6 
148 9 
148 33 
148 41 
149 2 
149 140 
150 3 
151 9 
151 64 
151 91 
153 83 
153 148 
156 142 
157 2 
157 83 
157 149 
158 47 
159 2 
159 33 
162 114 
163 25 
165 2 
165 11 
166 162 
167 59 
168 2 
168 116 
169 52 
170 11 
171 142 
172 148 
174 75 
175 41 
178 13 
179 2 
179 108 
180 125 
182 11 
183 150 
186 76 
187 3 
189 150 
192 2 
192 22 
193 11 
193 16 
193 49 
194 102 
197 104 
200 8 
201 4 
202 88 
203 101 
204 3 
204 150 
206 4 
208 25 
208 47 
209 14 
210 22 
211 6 
211 162 
212 46 
212 64 
212 168 
214 13 
217 1 
218 3 
218 16 
218 186 
219 46 
219 148 
220 168 
221 35 
222 41 
223 64 
225 2 
225 143 
225 148 
226 116 
227 80 
228 4 
229 2 
229 25 
