235 239
1
2
3
4
5
6
7
8
9
10
11
12
13
14
15
16
17
18
19
20
21
22
23
24
25
26
27
28
29
30
31
32
33
34
35
36
37
38
39
40
41
42
43
44
45
46
47
48
49
50
51
52
53
54
55
56
57
58
59
60
61
62
63
64
65
66
67
68
69
70
71
72
73
74
75
76
77
78
79
80
81
82
83
84
85
86
87
88
89
90
91
92
93
94
95
96
97
98
99
100
101
102
103
104
105
106
107
108
109
110
111
112
113
114
115
116
117
118
119
120
121
122
123
124
125
126
127
128
129
130
131
132
133
134
135
136
137
138
139
140
141
142
143
144
145
146
147
148
149
150
151
152
153
154
155
156
157
158
159
160
161
162
163
164
165
166
167
168
169
170
171
172
173
174
175
176
177
178
179
180
181
182
183
184
185
186
187
188
189
190
191
192
193
194
195
196
197
198
199
200
1
2
3
4
5
6
7
8
9
10
11
12
13
14
15
16
17
18
19
20
21
22
23
24
25
26
27
28
29
30
31
32
33
34
35
1 2 
3 1 
4 1 
4 2 
4 3 
5 1 
5 4 
6 4 
6 5 
7 5 
9 1 
10 5 
11 1 
11 5 
12 4 
14 4 
14 5 
15 4 
15 12 
16 5 
17 1 
17 4 
17 5 
18 2 
19 4 
19 18 
20 5 
21 5 
22 1 
22 17 
23 3 
23 4 
23 5 
27 18 
29 22 
30 17 
32 29 
33 4 
33 21 
35 11 
36 4 
37 9 
38 4 
38 6 
38 17 
38 23 
39 1 
39 4 
40 5 
41 4 
42 23 
43 5 
47 4 
47 38 
49 4 
50 2 
51 4 
51 17 
52 12 
54 4 
54 11 
54 17 
55 4 
55 15 
57 5 
58 2 
58 4 
59 54 
60 5 
60 12 
62 17 
64 58 
65 57 
67 6 
69 4 
69 5 
69 35 
70 4 
71 41 
71 54 
72 65 
74 2 
75 5 
75 10 
76 2 
80 5 
82 71 
84 4 
87 4 
88 4 
88 18 
88 51 
91 2 
91 11 
91 38 
91 60 
92 6 
93 91 
94 33 
95 1 
95 38 
95 62 
95 71 
96 5 
98 88 
100 15 
101 17 
103 65 
105 5 
106 2 
106 98 
107 51 
107 71 
107 91 
108 74 
109 5 
113 5 
113 54 
113 100 
114 4 
114 91 
116 17 
121 108 
122 88 
124 5 
125 1 
125 38 
126 4 
129 15 
130 80 
131 5 
131 6 
131 88 
133 57 
133 88 
135 11 
136 17 
139 17 
140 88 
142 5 
142 108 
143 15 
144 4 
146 16 
146 108 
148 5 
148 131 
149 4 
153 2 
156 5 
156 91 
157 142 
158 5 
158 74 
159 23 
160 5 
160 88 
161 5 
162 5 
162 95 
163 2 
163 15 
164 71 
166 108 
167 88 
168 2 
168 4 
168 163 
170 5 
170 15 
170 38 
170 88 
172 100 
174 58 
175 32 
178 71 
180 4 
180 82 
180 109 
182 58 
184 5 
184 15 
185 17 
185 105 
186 70 
186 93 
187 5 
187 51 
189 156 
190 17 
192 71 
192 91 
192 100 
193 5 
193 38 
194 109 
195 1 
197 95 
198 1 
198 100 
198 160 
199 17 
199 168 
200 5 
201 71 
203 17 
206 23 
206 163 
206 199 
208 4 
209 47 
210 10 
212 17 
212 20 
213 210 
215 190 
216 114 
217 36 
218 144 
221 5 
221 91 
223 163 
224 39 
226 156 
226 168 
228 12 
229 5 
229 12 
229 33 
229 133 
230 4 
230 18 
230 39 
230 180 
231 170 
231 206 
233 51 
233 162 
235 39 
