236 218
1
2
3
4
5
6
7
8
9
10
11
12
13
14
15
16
17
18
19
20
21
22
23
24
25
26
27
28
29
30
31
32
33
34
35
36
37
38
39
40
41
42
43
44
45
46
47
48
49
50
51
52
53
54
55
56
57
58
59
60
61
62
63
64
65
66
67
68
69
70
71
72
73
74
75
76
77
78
79
80
81
82
83
84
85
86
87
88
89
90
91
92
93
94
95
96
97
98
99
100
101
102
103
104
105
106
107
108
109
110
111
112
113
114
115
116
117
118
119
120
121
122
123
124
125
126
127
128
129
130
131
132
133
134
135
136
137
138
139
140
141
142
143
144
145
146
147
148
149
150
151
152
153
154
155
156
157
158
159
160
161
162
163
164
165
166
167
168
169
170
171
172
173
174
175
176
177
178
179
180
181
182
183
184
185
186
187
188
189
190
191
192
193
194
195
196
197
198
199
200
1
2
3
4
5
6
7
8
9
10
11
12
13
14
15
16
17
18
19
20
21
22
23
24
25
26
27
28
29
30
31
32
33
34
35
36
1 2 
3 2 
4 1 
5 2 
5 4 
7 2 
9 2 
9 5 
11 7 
12 2 
14 9 
15 2 
15 4 
16 2 
17 2 
17 9 
19 14 
20 14 
21 4 
21 5 
23 4 
23 16 
27 15 
28 14 
30 4 
30 15 
34 2 
34 21 
36 2 
39 2 
39 7 
39 17 
42 2 
43 5 
44 15 
46 2 
46 4 
48 4 
48 15 
50 2 
50 15 
51 39 
52 2 
52 46 
52 48 
53 2 
53 9 
54 4 
55 4 
55 28 
55 43 
59 1 
59 34 
61 27 
61 55 
62 4 
64 34 
65 16 
65 50 
66 34 
67 1 
67 16 
68 4 
71 4 
71 5 
71 27 
71 52 
72 4 
77 9 
78 4 
78 14 
79 2 
79 30 
81 16 
81 65 
82 2 
82 4 
84 55 
86 28 
87 4 
87 34 
88 3 
88 23 
89 2 
91 3 
92 39 
92 86 
95 86 
100 23 
100 34 
101 2 
101 52 
102 88 
103 82 
103 92 
104 4 
106 2 
106 21 
107 2 
107 101 
108 15 
110 2 
113 101 
114 4 
115 66 
116 82 
118 34 
121 46 
123 107 
124 2 
125 15 
126 2 
127 15 
129 52 
133 2 
133 52 
133 129 
134 61 
135 3 
135 115 
136 2 
137 39 
138 34 
138 64 
138 71 
139 135 
142 2 
143 2 
145 21 
146 2 
147 42 
147 67 
152 4 
153 14 
154 67 
155 34 
155 53 
157 17 
157 129 
159 16 
160 133 
161 103 
162 2 
163 2 
163 30 
163 36 
166 2 
167 66 
169 34 
172 4 
172 79 
172 92 
173 1 
173 3 
173 53 
173 138 
175 2 
177 9 
178 12 
178 44 
179 11 
180 12 
181 4 
182 67 
182 102 
183 2 
184 1 
184 133 
185 2 
185 34 
185 67 
186 48 
187 21 
188 5 
188 30 
191 4 
191 107 
192 2 
192 82 
193 2 
193 62 
195 138 
196 138 
196 163 
196 184 
197 5 
198 102 
198 173 
199 4 
200 4 
201 2 
203 133 
204 43 
206 101 
208 2 
210 78 
210 101 
211 92 
212 5 
214 27 
217 4 
218 4 
219 53 
223 77 
224 2 
225 2 
225 34 
225 67 
226 2 
226 196 
227 4 
227 82 
228 4 
230 86 
232 52 
233 103 
236 2 
236 217 
