240 211
1
2
3
4
5
6
7
8
9
10
11
12
13
14
15
16
17
18
19
20
21
22
23
24
25
26
27
28
29
30
31
32
33
34
35
36
37
38
39
40
41
42
43
44
45
46
47
48
49
50
51
52
53
54
55
56
57
58
59
60
61
62
63
64
65
66
67
68
69
70
71
72
73
74
75
76
77
78
79
80
81
82
83
84
85
86
87
88
89
90
91
92
93
94
95
96
97
98
99
100
101
102
103
104
105
106
107
108
109
110
111
112
113
114
115
116
117
118
119
120
121
122
123
124
125
126
127
128
129
130
131
132
133
134
135
136
137
138
139
140
141
142
143
144
145
146
147
148
149
150
151
152
153
154
155
156
157
158
159
160
161
162
163
164
165
166
167
168
169
170
171
172
173
174
175
176
177
178
179
180
181
182
183
184
185
186
187
188
189
190
191
192
193
194
195
196
197
198
199
200
1
2
3
4
5
6
7
8
9
10
11
12
13
14
15
16
17
18
19
20
21
22
23
24
25
26
27
28
29
30
31
32
33
34
35
36
37
38
39
40
1 2 
6 1 
8 6 
9 1 
10 6 
11 1 
12 10 
13 1 
14 8 
15 1 
15 13 
16 15 
18 6 
19 1 
19 6 
20 19 
22 6 
22 15 
25 6 
26 8 
27 6 
28 6 
31 6 
31 10 
32 18 
33 6 
34 12 
36 1 
38 6 
39 6 
39 22 
39 33 
41 6 
41 10 
42 10 
43 6 
44 11 
45 6 
45 22 
46 6 
46 22 
46 33 
47 6 
47 8 
48 6 
48 10 
48 43 
49 6 
49 48 
50 6 
50 13 
51 6 
51 19 
52 6 
55 27 
55 50 
57 50 
58 15 
61 6 
61 20 
62 1 
65 6 
65 51 
66 19 
66 49 
69 6 
69 27 
69 48 
72 1 
73 6 
73 11 
73 27 
73 45 
75 34 
75 39 
80 10 
80 61 
84 10 
88 15 
91 50 
93 34 
93 50 
94 73 
95 6 
95 50 
96 73 
98 22 
100 2 
103 34 
103 39 
104 8 
104 31 
105 6 
106 6 
107 34 
108 22 
108 69 
109 94 
110 50 
111 1 
111 10 
111 39 
114 44 
116 109 
117 1 
117 47 
118 50 
119 45 
119 109 
122 31 
122 96 
123 50 
123 52 
125 19 
126 72 
127 1 
127 51 
128 6 
128 49 
128 73 
129 1 
130 13 
130 39 
130 117 
132 10 
134 39 
135 6 
135 31 
135 100 
137 50 
140 10 
142 36 
146 6 
146 47 
149 110 
150 44 
150 104 
151 42 
151 93 
152 2 
153 6 
153 96 
154 6 
154 65 
155 49 
156 22 
159 103 
160 45 
160 73 
161 25 
164 10 
164 103 
166 10 
167 15 
169 142 
171 11 
173 65 
173 66 
173 155 
174 33 
175 6 
176 51 
178 6 
180 47 
182 10 
183 6 
183 39 
183 46 
183 49 
183 173 
184 41 
185 151 
186 39 
186 118 
188 18 
188 49 
188 52 
189 93 
189 130 
192 6 
192 155 
193 6 
194 39 
194 66 
196 6 
197 51 
199 14 
200 6 
205 45 
206 186 
209 51 
209 161 
212 95 
213 19 
219 73 
220 19 
222 153 
229 1 
229 6 
229 27 
229 44 
229 50 
233 108 
234 66 
235 153 
237 6 
237 44 
237 65 
237 125 
238 49 
240 19 
