241 218
1
2
3
4
5
6
7
8
9
10
11
12
13
14
15
16
17
18
19
20
21
22
23
24
25
26
27
28
29
30
31
32
33
34
35
36
37
38
39
40
41
42
43
44
45
46
47
48
49
50
51
52
53
54
55
56
57
58
59
60
61
62
63
64
65
66
67
68
69
70
71
72
73
74
75
76
77
78
79
80
81
82
83
84
85
86
87
88
89
90
91
92
93
94
95
96
97
98
99
100
101
102
103
104
105
106
107
108
109
110
111
112
113
114
115
116
117
118
119
120
121
122
123
124
125
126
127
128
129
130
131
132
133
134
135
136
137
138
139
140
141
142
143
144
145
146
147
148
149
150
151
152
153
154
155
156
157
158
159
160
161
162
163
164
165
166
167
168
169
170
171
172
173
174
175
176
177
178
179
180
181
182
183
184
185
186
187
188
189
190
191
192
193
194
195
196
197
198
199
200
1
2
3
4
5
6
7
8
9
10
11
12
13
14
15
16
17
18
19
20
21
22
23
24
25
26
27
28
29
30
31
32
33
34
35
36
37
38
39
40
41
1 2 
3 2 
4 1 
4 2 
6 4 
7 4 
8 3 
10 4 
10 7 
11 3 
11 4 
14 4 
15 2 
16 14 
18 4 
20 2 
24 3 
24 4 
27 7 
27 11 
28 15 
31 7 
31 28 
32 4 
32 8 
34 6 
34 10 
34 14 
34 28 
35 24 
36 11 
37 7 
37 16 
39 1 
39 4 
39 7 
41 7 
42 32 
42 41 
43 3 
43 7 
44 41 
46 8 
47 39 
49 11 
52 14 
54 28 
55 3 
56 16 
57 34 
57 42 
59 7 
59 10 
59 16 
60 24 
62 3 
62 4 
62 14 
62 49 
63 37 
66 28 
67 43 
69 3 
70 4 
70 6 
71 27 
72 24 
73 49 
75 10 
76 4 
76 7 
78 16 
80 6 
81 34 
81 55 
82 8 
82 32 
83 31 
84 49 
87 31 
91 14 
92 55 
93 4 
93 6 
98 24 
98 55 
99 39 
100 43 
100 69 
102 6 
102 60 
108 32 
110 15 
111 43 
111 98 
112 28 
112 55 
113 7 
113 32 
114 10 
114 32 
115 28 
116 41 
117 34 
118 15 
118 24 
119 55 
120 62 
121 2 
121 83 
122 2 
126 27 
128 34 
130 4 
130 28 
131 32 
133 24 
134 24 
134 44 
136 11 
138 10 
138 130 
142 27 
143 8 
143 34 
144 42 
146 32 
146 78 
148 24 
150 3 
150 4 
152 28 
158 31 
161 31 
161 34 
161 98 
162 92 
163 143 
168 3 
168 6 
169 15 
173 4 
173 28 
174 8 
175 62 
175 69 
175 130 
178 4 
178 6 
179 55 
179 78 
180 42 
181 10 
182 31 
182 60 
183 82 
184 6 
184 31 
184 32 
184 42 
185 3 
186 28 
187 32 
188 2 
188 28 
189 63 
189 67 
193 82 
194 34 
195 133 
196 27 
196 178 
198 32 
202 39 
205 179 
205 182 
207 43 
207 49 
208 2 
209 8 
209 161 
212 20 
215 122 
216 1 
216 6 
216 28 
219 4 
219 82 
221 84 
222 32 
222 134 
223 47 
223 69 
224 2 
224 82 
225 34 
225 52 
228 178 
228 209 
231 18 
232 24 
234 31 
234 117 
235 4 
235 178 
236 150 
237 2 
237 4 
237 62 
237 188 
238 2 
238 8 
238 55 
239 92 
239 189 
241 28 
241 32 
241 143 
