242 267
1
2
3
4
5
6
7
8
9
10
11
12
13
14
15
16
17
18
19
20
21
22
23
24
25
26
27
28
29
30
31
32
33
34
35
36
37
38
39
40
41
42
43
44
45
46
47
48
49
50
51
52
53
54
55
56
57
58
59
60
61
62
63
64
65
66
67
68
69
70
71
72
73
74
75
76
77
78
79
80
81
82
83
84
85
86
87
88
89
90
91
92
93
94
95
96
97
98
99
100
101
102
103
104
105
106
107
108
109
110
111
112
113
114
115
116
117
118
119
120
121
122
123
124
125
126
127
128
129
130
131
132
133
134
135
136
137
138
139
140
141
142
143
144
145
146
147
148
149
150
151
152
153
154
155
156
157
158
159
160
161
162
163
164
165
166
167
168
169
170
171
172
173
174
175
176
177
178
179
180
181
182
183
184
185
186
187
188
189
190
191
192
193
194
195
196
197
198
199
200
1
2
3
4
5
6
7
8
9
10
11
12
13
14
15
16
17
18
19
20
21
22
23
24
25
26
27
28
29
30
31
32
33
34
35
36
37
38
39
40
41
42
1 2 
3 2 
5 2 
8 1 
8 2 
8 3 
9 2 
9 3 
9 8 
11 3 
12 8 
12 11 
14 8 
15 8 
15 9 
16 3 
16 8 
16 14 
17 3 
19 3 
19 11 
20 8 
21 2 
22 9 
22 15 
23 2 
23 9 
24 9 
24 16 
24 22 
25 3 
26 11 
26 16 
27 2 
27 8 
28 3 
28 15 
28 16 
29 14 
29 21 
31 8 
31 9 
31 14 
31 15 
33 2 
34 9 
34 14 
35 2 
35 12 
37 3 
37 28 
38 16 
38 20 
40 8 
40 9 
42 3 
42 37 
43 11 
43 27 
45 16 
47 15 
48 3 
48 8 
48 9 
48 14 
49 3 
49 8 
50 9 
50 34 
51 26 
52 8 
53 8 
54 8 
55 40 
56 15 
56 35 
57 8 
57 14 
57 15 
58 47 
59 17 
61 19 
61 28 
63 9 
64 8 
65 19 
66 28 
68 14 
69 14 
70 15 
72 70 
74 3 
75 14 
76 9 
76 19 
77 8 
77 27 
78 9 
78 76 
79 14 
80 8 
81 2 
81 23 
83 40 
84 9 
85 81 
86 1 
88 14 
89 16 
91 9 
91 83 
92 27 
92 48 
93 61 
93 81 
94 8 
95 15 
96 77 
98 9 
98 28 
98 38 
99 15 
99 43 
100 9 
101 12 
103 28 
103 54 
103 77 
104 8 
104 15 
104 33 
104 37 
107 2 
107 8 
107 94 
108 12 
109 29 
110 27 
111 9 
111 15 
113 8 
114 37 
115 15 
115 19 
117 40 
118 2 
118 8 
118 20 
119 15 
120 2 
120 31 
121 51 
122 111 
123 8 
124 51 
129 77 
130 111 
131 8 
131 16 
131 52 
133 92 
133 98 
133 113 
134 14 
136 51 
137 2 
137 63 
139 12 
139 72 
139 103 
140 8 
140 15 
140 16 
140 38 
141 14 
141 83 
143 9 
143 29 
144 2 
144 84 
145 86 
146 81 
147 50 
149 48 
150 8 
150 16 
150 40 
152 111 
153 47 
155 16 
155 40 
155 77 
156 56 
158 3 
160 84 
161 8 
161 19 
161 84 
162 66 
164 12 
164 107 
167 37 
168 14 
169 150 
170 76 
171 9 
171 56 
172 23 
172 144 
173 50 
174 16 
174 47 
174 78 
175 20 
175 25 
177 149 
179 81 
180 27 
182 50 
187 8 
188 47 
189 76 
192 12 
192 23 
196 149 
197 85 
197 115 
197 139 
199 99 
200 31 
201 11 
201 52 
203 31 
205 69 
206 104 
207 150 
208 28 
209 199 
210 140 
212 23 
213 84 
215 8 
215 14 
219 8 
220 123 
221 2 
221 8 
222 69 
223 28 
223 81 
224 37 
224 57 
225 9 
225 111 
226 8 
229 139 
232 103 
232 201 
233 29 
233 38 
234 66 
236 58 
237 199 
238 27 
238 76 
239 8 
239 9 
