244 250
1
2
3
4
5
6
7
8
9
10
11
12
13
14
15
16
17
18
19
20
21
22
23
24
25
26
27
28
29
30
31
32
33
34
35
36
37
38
39
40
41
42
43
44
45
46
47
48
49
50
51
52
53
54
55
56
57
58
59
60
61
62
63
64
65
66
67
68
69
70
71
72
73
74
75
76
77
78
79
80
81
82
83
84
85
86
87
88
89
90
91
92
93
94
95
96
97
98
99
100
101
102
103
104
105
106
107
108
109
110
111
112
113
114
115
116
117
118
119
120
121
122
123
124
125
126
127
128
129
130
131
132
133
134
135
136
137
138
139
140
141
142
143
144
145
146
147
148
149
150
151
152
153
154
155
156
157
158
159
160
161
162
163
164
165
166
167
168
169
170
171
172
173
174
175
176
177
178
179
180
181
182
183
184
185
186
187
188
189
190
191
192
193
194
195
196
197
198
199
200
1
2
3
4
5
6
7
8
9
10
11
12
13
14
15
16
17
18
19
20
21
22
23
24
25
26
27
28
29
30
31
32
33
34
35
36
37
38
39
40
41
42
43
44
1 2 
3 1 
3 2 
4 1 
6 1 
7 1 
7 6 
8 1 
10 6 
12 10 
13 3 
13 10 
14 2 
15 6 
16 6 
19 1 
19 2 
20 3 
20 8 
24 1 
24 10 
27 6 
27 7 
29 8 
30 1 
30 2 
32 3 
32 6 
32 14 
33 1 
33 10 
34 8 
34 33 
35 1 
35 7 
35 10 
35 33 
36 33 
37 10 
38 33 
40 10 
41 1 
41 35 
41 36 
44 3 
44 19 
45 41 
45 44 
48 13 
49 2 
50 2 
50 13 
51 45 
52 1 
52 6 
54 6 
56 1 
56 8 
58 10 
59 1 
59 8 
60 19 
61 3 
61 41 
62 13 
66 1 
67 1 
67 6 
67 14 
68 7 
69 67 
70 8 
70 68 
72 6 
72 10 
76 2 
79 13 
82 1 
83 1 
83 44 
84 35 
85 6 
86 4 
86 14 
87 34 
88 10 
88 33 
89 59 
89 67 
95 27 
96 6 
96 88 
97 1 
97 59 
99 1 
99 10 
99 72 
100 33 
101 16 
101 49 
103 37 
104 32 
106 1 
106 13 
108 6 
108 7 
108 8 
108 19 
110 67 
111 10 
111 33 
111 35 
111 97 
114 67 
115 1 
115 83 
116 36 
117 10 
119 56 
121 19 
122 1 
122 38 
124 2 
125 67 
125 89 
126 6 
126 101 
130 14 
131 48 
131 117 
134 6 
135 6 
136 1 
138 1 
138 10 
138 34 
138 37 
138 117 
138 122 
140 3 
140 138 
141 16 
141 135 
142 1 
142 37 
142 79 
143 67 
143 79 
144 33 
144 106 
146 117 
147 122 
149 8 
149 19 
149 37 
152 4 
153 79 
153 116 
155 6 
155 8 
157 2 
158 122 
159 13 
159 69 
159 122 
160 34 
161 6 
161 13 
162 33 
162 34 
162 79 
163 4 
164 34 
164 155 
165 8 
165 141 
166 7 
168 8 
169 3 
169 72 
173 164 
174 37 
176 1 
176 2 
176 7 
176 16 
177 6 
177 19 
177 49 
178 110 
178 144 
182 35 
183 1 
184 72 
185 13 
185 19 
187 1 
187 6 
188 157 
188 177 
189 35 
189 142 
192 68 
193 33 
193 41 
193 56 
198 84 
199 138 
202 36 
203 6 
204 147 
205 79 
206 86 
207 67 
209 72 
209 206 
211 3 
211 178 
213 59 
214 33 
214 141 
216 138 
217 1 
217 6 
217 41 
217 202 
219 45 
219 193 
220 3 
220 67 
221 138 
223 158 
225 97 
226 2 
230 32 
231 101 
233 13 
234 35 
235 3 
235 48 
237 115 
238 2 
238 30 
238 168 
240 1 
241 117 
242 14 
242 24 
242 103 
243 165 
