247 222
1
2
3
4
5
6
7
8
9
10
11
12
13
14
15
16
17
18
19
20
21
22
23
24
25
26
27
28
29
30
31
32
33
34
35
36
37
38
39
40
41
42
43
44
45
46
47
48
49
50
51
52
53
54
55
56
57
58
59
60
61
62
63
64
65
66
67
68
69
70
71
72
73
74
75
76
77
78
79
80
81
82
83
84
85
86
87
88
89
90
91
92
93
94
95
96
97
98
99
100
101
102
103
104
105
106
107
108
109
110
111
112
113
114
115
116
117
118
119
120
121
122
123
124
125
126
127
128
129
130
131
132
133
134
135
136
137
138
139
140
141
142
143
144
145
146
147
148
149
150
151
152
153
154
155
156
157
158
159
160
161
162
163
164
165
166
167
168
169
170
171
172
173
174
175
176
177
178
179
180
181
182
183
184
185
186
187
188
189
190
191
192
193
194
195
196
197
198
199
200
1
2
3
4
5
6
7
8
9
10
11
12
13
14
15
16
17
18
19
20
21
22
23
24
25
26
27
28
29
30
31
32
33
34
35
36
37
38
39
40
41
42
43
44
45
46
47
1 2 
3 1 
3 2 
4 2 
5 2 
6 2 
7 6 
8 6 
9 6 
9 8 
10 6 
10 9 
11 10 
13 6 
15 6 
15 13 
16 15 
18 2 
22 1 
22 3 
23 3 
26 2 
26 6 
28 1 
29 3 
34 2 
34 6 
34 26 
35 23 
36 10 
37 3 
37 10 
38 1 
38 16 
42 38 
43 1 
43 34 
45 6 
46 3 
46 43 
47 1 
47 15 
47 46 
50 46 
55 46 
56 7 
56 23 
57 38 
57 46 
58 2 
59 7 
59 56 
61 1 
62 22 
63 10 
63 13 
63 26 
64 10 
64 26 
65 15 
65 16 
67 37 
70 10 
70 56 
72 1 
72 43 
73 6 
73 59 
74 16 
80 46 
81 3 
82 55 
83 1 
83 72 
85 47 
86 34 
87 6 
87 22 
88 15 
88 45 
88 74 
89 6 
92 43 
92 67 
96 9 
96 10 
97 29 
97 73 
98 1 
100 2 
100 6 
101 6 
101 26 
103 10 
103 43 
108 2 
108 72 
109 6 
109 34 
109 42 
109 59 
111 16 
112 50 
113 1 
114 10 
114 43 
115 89 
116 9 
119 38 
120 6 
120 42 
120 80 
121 15 
121 47 
122 6 
124 46 
126 1 
126 108 
127 7 
127 22 
127 80 
128 10 
129 6 
129 22 
130 1 
132 88 
134 55 
135 10 
136 6 
137 65 
138 73 
139 46 
140 46 
143 127 
144 57 
147 80 
148 10 
148 74 
149 37 
149 80 
151 59 
152 80 
153 3 
153 15 
153 46 
156 3 
157 80 
157 98 
157 140 
160 43 
162 47 
163 73 
163 97 
165 10 
166 35 
167 108 
167 148 
168 1 
168 3 
168 43 
170 47 
171 3 
171 81 
174 3 
174 10 
175 47 
177 7 
178 1 
178 45 
181 46 
184 6 
185 98 
187 1 
189 108 
191 45 
194 3 
194 109 
195 6 
195 134 
196 23 
201 98 
201 168 
202 13 
204 47 
204 100 
207 36 
210 10 
210 47 
210 55 
211 2 
212 18 
213 88 
214 70 
214 167 
215 1 
215 16 
216 29 
219 109 
220 1 
221 72 
222 10 
222 56 
224 16 
224 50 
224 115 
225 57 
226 115 
227 215 
228 1 
229 1 
229 6 
229 56 
229 65 
229 101 
231 195 
236 1 
236 171 
239 168 
239 226 
242 168 
245 13 
246 10 
