248 266
1
2
3
4
5
6
7
8
9
10
11
12
13
14
15
16
17
18
19
20
21
22
23
24
25
26
27
28
29
30
31
32
33
34
35
36
37
38
39
40
41
42
43
44
45
46
47
48
49
50
51
52
53
54
55
56
57
58
59
60
61
62
63
64
65
66
67
68
69
70
71
72
73
74
75
76
77
78
79
80
81
82
83
84
85
86
87
88
89
90
91
92
93
94
95
96
97
98
99
100
101
102
103
104
105
106
107
108
109
110
111
112
113
114
115
116
117
118
119
120
121
122
123
124
125
126
127
128
129
130
131
132
133
134
135
136
137
138
139
140
141
142
143
144
145
146
147
148
149
150
151
152
153
154
155
156
157
158
159
160
161
162
163
164
165
166
167
168
169
170
171
172
173
174
175
176
177
178
179
180
181
182
183
184
185
186
187
188
189
190
191
192
193
194
195
196
197
198
199
200
1
2
3
4
5
6
7
8
9
10
11
12
13
14
15
16
17
18
19
20
21
22
23
24
25
26
27
28
29
30
31
32
33
34
35
36
37
38
39
40
41
42
43
44
45
46
47
48
1 2 
4 2 
5 1 
5 2 
7 1 
8 1 
8 5 
9 2 
9 5 
11 1 
11 5 
11 8 
12 1 
12 11 
13 2 
13 8 
13 11 
15 11 
16 11 
17 1 
17 5 
19 7 
20 1 
20 7 
21 1 
21 17 
22 2 
22 5 
23 1 
24 11 
27 1 
27 5 
27 11 
28 27 
29 4 
30 8 
30 9 
31 9 
32 4 
33 11 
33 20 
37 8 
38 11 
38 27 
39 1 
39 11 
40 2 
41 11 
42 4 
42 11 
43 8 
44 37 
46 8 
47 2 
47 4 
48 27 
50 13 
51 1 
52 21 
53 1 
53 39 
53 47 
54 11 
54 24 
55 27 
56 5 
57 5 
59 2 
60 8 
60 12 
60 50 
61 4 
63 11 
64 4 
66 21 
67 33 
69 51 
71 11 
71 47 
72 5 
72 24 
72 37 
72 63 
73 1 
73 13 
73 47 
74 11 
74 13 
75 73 
79 2 
79 5 
80 37 
81 74 
83 55 
84 4 
85 11 
85 32 
85 73 
87 59 
90 32 
91 4 
92 17 
93 50 
96 17 
96 39 
96 55 
97 81 
98 39 
99 1 
99 2 
99 17 
100 11 
101 1 
102 37 
102 100 
103 1 
107 24 
109 1 
109 2 
109 7 
109 20 
111 38 
111 73 
112 17 
113 13 
113 27 
113 33 
113 103 
114 1 
117 11 
118 11 
118 21 
119 50 
121 1 
121 96 
122 20 
123 112 
124 5 
124 99 
125 85 
125 96 
129 1 
130 21 
131 66 
132 1 
132 27 
132 59 
134 11 
134 41 
135 96 
136 1 
138 11 
138 17 
138 21 
140 1 
140 11 
142 5 
142 53 
143 11 
144 7 
146 11 
146 24 
148 57 
149 11 
151 11 
151 44 
151 46 
152 113 
153 98 
154 81 
155 1 
155 17 
155 59 
156 129 
157 113 
158 11 
160 96 
161 5 
161 11 
161 54 
162 60 
162 155 
166 11 
166 13 
167 24 
167 125 
168 23 
169 117 
169 148 
173 32 
174 11 
174 54 
175 11 
175 17 
176 11 
176 13 
176 27 
177 59 
177 121 
178 73 
179 11 
181 5 
181 60 
181 151 
183 181 
185 113 
187 1 
187 2 
187 11 
188 96 
189 11 
190 54 
191 190 
192 96 
193 2 
193 9 
195 33 
196 9 
196 11 
196 85 
198 5 
200 11 
200 113 
201 2 
203 5 
203 146 
206 96 
206 138 
208 113 
209 1 
209 81 
210 9 
213 4 
213 16 
213 154 
214 181 
215 8 
217 151 
219 1 
219 85 
220 11 
220 80 
220 81 
222 129 
224 24 
225 96 
227 1 
227 5 
227 200 
229 109 
230 73 
232 7 
232 11 
233 2 
233 27 
234 21 
234 168 
242 27 
242 39 
242 155 
243 17 
245 4 
245 5 
246 143 
247 98 
247 200 
