249 250
1
2
3
4
5
6
7
8
9
10
11
12
13
14
15
16
17
18
19
20
21
22
23
24
25
26
27
28
29
30
31
32
33
34
35
36
37
38
39
40
41
42
43
44
45
46
47
48
49
50
51
52
53
54
55
56
57
58
59
60
61
62
63
64
65
66
67
68
69
70
71
72
73
74
75
76
77
78
79
80
81
82
83
84
85
86
87
88
89
90
91
92
93
94
95
96
97
98
99
100
101
102
103
104
105
106
107
108
109
110
111
112
113
114
115
116
117
118
119
120
121
122
123
124
125
126
127
128
129
130
131
132
133
134
135
136
137
138
139
140
141
142
143
144
145
146
147
148
149
150
151
152
153
154
155
156
157
158
159
160
161
162
163
164
165
166
167
168
169
170
171
172
173
174
175
176
177
178
179
180
181
182
183
184
185
186
187
188
189
190
191
192
193
194
195
196
197
198
199
200
1
2
3
4
5
6
7
8
9
10
11
12
13
14
15
16
17
18
19
20
21
22
23
24
25
26
27
28
29
30
31
32
33
34
35
36
37
38
39
40
41
42
43
44
45
46
47
48
49
1 2 
3 1 
3 2 
5 1 
5 2 
5 3 
6 1 
7 1 
7 2 
8 5 
11 5 
14 8 
16 5 
17 6 
18 5 
19 1 
20 6 
21 1 
22 3 
25 1 
25 3 
27 1 
27 11 
28 1 
28 27 
29 11 
29 14 
31 1 
31 27 
33 7 
34 31 
35 7 
35 21 
36 3 
37 1 
37 7 
39 1 
41 27 
42 21 
42 36 
43 34 
44 5 
44 11 
45 1 
48 16 
51 16 
55 8 
55 36 
56 31 
56 34 
58 21 
58 35 
58 39 
59 28 
60 48 
62 60 
64 16 
64 34 
66 6 
66 36 
66 58 
68 1 
71 58 
71 64 
74 5 
74 58 
75 37 
75 41 
77 1 
77 6 
77 27 
78 71 
79 29 
79 42 
81 1 
81 45 
82 3 
83 5 
84 6 
84 8 
85 14 
86 7 
86 14 
86 36 
87 1 
88 5 
89 5 
91 1 
91 56 
92 42 
93 14 
94 14 
95 3 
95 27 
95 75 
97 5 
97 56 
98 64 
98 94 
99 1 
99 5 
99 27 
100 95 
101 42 
101 60 
103 34 
104 71 
105 56 
106 5 
107 6 
108 16 
108 28 
110 7 
110 71 
110 108 
112 42 
112 77 
113 66 
114 1 
115 2 
116 56 
118 77 
119 51 
119 101 
120 51 
120 60 
120 62 
121 83 
123 5 
124 5 
124 42 
125 31 
130 27 
130 101 
132 31 
133 34 
134 11 
135 1 
137 29 
138 45 
138 55 
140 17 
140 56 
140 84 
140 130 
141 36 
141 71 
142 14 
143 84 
144 74 
148 1 
148 66 
148 142 
149 3 
149 8 
150 83 
152 27 
153 115 
154 119 
156 2 
157 5 
157 27 
158 16 
159 27 
160 1 
161 1 
163 1 
165 3 
165 108 
165 159 
168 2 
168 138 
168 165 
170 56 
175 119 
175 134 
176 20 
176 42 
176 149 
177 140 
178 1 
178 110 
179 42 
181 56 
182 1 
182 5 
182 141 
183 3 
184 60 
185 35 
185 56 
188 108 
189 5 
189 119 
190 3 
190 71 
191 77 
192 142 
194 5 
197 153 
198 34 
198 152 
198 188 
201 5 
202 3 
203 3 
204 168 
205 152 
207 16 
207 56 
207 66 
207 119 
207 154 
208 110 
208 197 
210 6 
210 36 
211 42 
212 191 
213 110 
214 212 
217 3 
217 160 
218 168 
219 92 
225 58 
226 11 
227 1 
227 33 
228 19 
228 71 
229 27 
229 133 
230 5 
231 188 
233 7 
233 58 
234 198 
236 1 
237 1 
237 81 
243 101 
244 153 
245 5 
246 55 
247 66 
247 153 
248 5 
248 182 
249 58 
