250 262
1
2
3
4
5
6
7
8
9
10
11
12
13
14
15
16
17
18
19
20
21
22
23
24
25
26
27
28
29
30
31
32
33
34
35
36
37
38
39
40
41
42
43
44
45
46
47
48
49
50
51
52
53
54
55
56
57
58
59
60
61
62
63
64
65
66
67
68
69
70
71
72
73
74
75
76
77
78
79
80
81
82
83
84
85
86
87
88
89
90
91
92
93
94
95
96
97
98
99
100
101
102
103
104
105
106
107
108
109
110
111
112
113
114
115
116
117
118
119
120
121
122
123
124
125
126
127
128
129
130
131
132
133
134
135
136
137
138
139
140
141
142
143
144
145
146
147
148
149
150
151
152
153
154
155
156
157
158
159
160
161
162
163
164
165
166
167
168
169
170
171
172
173
174
175
176
177
178
179
180
181
182
183
184
185
186
187
188
189
190
191
192
193
194
195
196
197
198
199
200
1
2
3
4
5
6
7
8
9
10
11
12
13
14
15
16
17
18
19
20
21
22
23
24
25
26
27
28
29
30
31
32
33
34
35
36
37
38
39
40
41
42
43
44
45
46
47
48
49
50
1 2 
3 1 
4 1 
4 2 
4 3 
6 3 
6 4 
9 4 
10 4 
10 6 
12 2 
12 4 
13 6 
14 9 
15 6 
15 12 
19 12 
20 2 
20 4 
23 3 
24 4 
27 4 
29 20 
31 4 
31 6 
32 4 
33 4 
35 4 
35 9 
36 4 
38 4 
38 23 
39 14 
41 4 
43 12 
47 4 
48 6 
50 4 
53 35 
53 41 
54 12 
55 4 
55 12 
57 9 
57 12 
57 53 
59 10 
60 4 
60 38 
61 12 
63 3 
63 12 
65 4 
66 4 
66 54 
67 54 
68 4 
69 6 
69 35 
71 4 
71 10 
72 57 
74 72 
75 4 
75 27 
75 48 
77 4 
77 69 
78 55 
79 4 
79 20 
80 4 
82 79 
83 4 
84 4 
85 9 
85 35 
86 4 
86 57 
87 6 
88 4 
89 29 
90 2 
90 4 
91 89 
92 20 
92 69 
93 6 
94 57 
94 60 
95 57 
95 67 
97 4 
98 29 
98 60 
100 29 
104 87 
106 29 
107 27 
108 12 
108 27 
108 48 
109 57 
110 41 
111 4 
111 89 
112 4 
112 27 
112 74 
114 55 
115 74 
117 9 
117 74 
117 83 
118 100 
119 4 
121 71 
122 60 
123 4 
125 4 
125 115 
125 121 
126 57 
128 48 
128 66 
128 67 
128 69 
128 89 
129 63 
129 91 
130 112 
130 117 
130 128 
131 6 
131 12 
132 57 
133 123 
136 4 
136 12 
137 2 
139 4 
139 12 
140 9 
141 12 
144 35 
146 48 
146 91 
147 69 
147 74 
148 4 
148 115 
149 91 
151 69 
152 27 
152 82 
152 89 
153 4 
154 35 
155 4 
155 74 
156 66 
157 77 
157 122 
158 4 
159 77 
160 4 
160 12 
163 6 
163 63 
163 69 
164 4 
165 4 
166 68 
167 4 
169 55 
169 131 
169 139 
172 119 
172 147 
174 4 
175 9 
175 27 
177 60 
177 128 
180 54 
180 89 
181 31 
182 9 
182 48 
183 53 
185 10 
185 104 
186 29 
186 50 
186 92 
188 10 
188 14 
188 39 
192 6 
192 12 
192 67 
192 91 
192 106 
192 122 
193 3 
193 4 
193 166 
196 4 
196 9 
196 29 
197 3 
200 2 
200 155 
201 4 
203 53 
204 192 
205 31 
205 123 
207 47 
211 53 
212 48 
213 27 
213 38 
213 59 
213 94 
214 2 
215 115 
217 100 
217 128 
217 175 
218 12 
218 163 
220 67 
221 41 
222 91 
224 19 
226 57 
229 4 
229 32 
230 4 
230 117 
231 4 
231 91 
231 112 
232 125 
233 86 
236 117 
237 6 
237 59 
237 65 
238 147 
239 48 
240 122 
240 133 
240 137 
241 66 
241 177 
243 68 
244 24 
244 27 
244 61 
250 240 
