251 237
1
2
3
4
5
6
7
8
9
10
11
12
13
14
15
16
17
18
19
20
21
22
23
24
25
26
27
28
29
30
31
32
33
34
35
36
37
38
39
40
41
42
43
44
45
46
47
48
49
50
51
52
53
54
55
56
57
58
59
60
61
62
63
64
65
66
67
68
69
70
71
72
73
74
75
76
77
78
79
80
81
82
83
84
85
86
87
88
89
90
91
92
93
94
95
96
97
98
99
100
101
102
103
104
105
106
107
108
109
110
111
112
113
114
115
116
117
118
119
120
121
122
123
124
125
126
127
128
129
130
131
132
133
134
135
136
137
138
139
140
141
142
143
144
145
146
147
148
149
150
151
152
153
154
155
156
157
158
159
160
161
162
163
164
165
166
167
168
169
170
171
172
173
174
175
176
177
178
179
180
181
182
183
184
185
186
187
188
189
190
191
192
193
194
195
196
197
198
199
200
1
2
3
4
5
6
7
8
9
10
11
12
13
14
15
16
17
18
19
20
21
22
23
24
25
26
27
28
29
30
31
32
33
34
35
36
37
38
39
40
41
42
43
44
45
46
47
48
49
50
51
1 2 
3 1 
3 2 
4 1 
6 1 
7 1 
8 1 
9 8 
10 1 
12 1 
13 6 
16 1 
16 10 
18 10 
18 16 
19 1 
20 10 
21 10 
22 6 
22 16 
23 1 
23 2 
26 8 
27 10 
28 6 
33 6 
35 7 
37 6 
38 16 
39 1 
39 7 
39 22 
42 2 
44 39 
45 9 
45 23 
46 16 
46 39 
47 45 
48 2 
48 19 
50 6 
50 23 
51 19 
52 16 
52 33 
54 10 
55 10 
56 1 
56 7 
57 10 
57 45 
58 56 
59 1 
60 1 
60 10 
62 10 
63 22 
64 33 
65 8 
66 1 
67 18 
67 60 
70 1 
71 60 
72 18 
73 6 
73 7 
74 1 
74 8 
74 46 
75 18 
77 63 
79 33 
80 9 
83 13 
85 6 
85 9 
85 67 
86 20 
87 37 
87 57 
89 1 
90 39 
90 85 
91 1 
91 75 
92 18 
93 10 
95 23 
96 60 
97 21 
97 23 
99 39 
99 67 
100 9 
100 10 
103 1 
103 57 
106 83 
108 1 
108 64 
109 45 
109 97 
110 1 
110 10 
112 96 
113 74 
114 7 
116 80 
117 1 
117 23 
118 1 
120 80 
122 2 
123 93 
124 10 
124 80 
125 47 
125 60 
126 85 
127 67 
127 124 
129 23 
131 8 
131 10 
133 1 
134 8 
135 16 
135 33 
135 52 
138 56 
138 106 
139 22 
140 18 
140 20 
141 1 
144 16 
145 1 
145 8 
145 38 
147 65 
147 106 
149 71 
150 47 
150 112 
151 3 
152 37 
154 57 
155 87 
156 6 
156 55 
157 1 
157 10 
158 87 
158 126 
159 131 
162 124 
162 126 
163 37 
163 56 
164 1 
165 1 
165 67 
169 71 
170 103 
171 6 
171 141 
173 23 
173 57 
173 85 
174 1 
174 2 
174 23 
175 106 
176 1 
176 23 
176 90 
177 87 
179 106 
181 1 
183 46 
184 18 
186 7 
186 47 
186 52 
187 126 
188 1 
189 116 
190 9 
194 1 
198 65 
198 103 
201 157 
203 150 
204 159 
205 77 
206 6 
206 13 
206 22 
206 52 
206 117 
208 187 
213 87 
214 70 
216 10 
216 50 
216 52 
216 85 
221 13 
222 91 
223 184 
226 62 
227 125 
227 131 
227 135 
229 7 
229 145 
231 87 
232 170 
232 173 
234 18 
234 20 
234 23 
234 46 
235 92 
235 226 
236 2 
236 85 
243 1 
244 92 
245 89 
245 109 
247 164 
248 1 
248 10 
251 6 
