255 257
1
2
3
4
5
6
7
8
9
10
11
12
13
14
15
16
17
18
19
20
21
22
23
24
25
26
27
28
29
30
31
32
33
34
35
36
37
38
39
40
41
42
43
44
45
46
47
48
49
50
51
52
53
54
55
56
57
58
59
60
61
62
63
64
65
66
67
68
69
70
71
72
73
74
75
76
77
78
79
80
81
82
83
84
85
86
87
88
89
90
91
92
93
94
95
96
97
98
99
100
101
102
103
104
105
106
107
108
109
110
111
112
113
114
115
116
117
118
119
120
121
122
123
124
125
126
127
128
129
130
131
132
133
134
135
136
137
138
139
140
141
142
143
144
145
146
147
148
149
150
151
152
153
154
155
156
157
158
159
160
161
162
163
164
165
166
167
168
169
170
171
172
173
174
175
176
177
178
179
180
181
182
183
184
185
186
187
188
189
190
191
192
193
194
195
196
197
198
199
200
1
2
3
4
5
6
7
8
9
10
11
12
13
14
15
16
17
18
19
20
21
22
23
24
25
26
27
28
29
30
31
32
33
34
35
36
37
38
39
40
41
42
43
44
45
46
47
48
49
50
51
52
53
54
55
1 2 
3 1 
4 1 
5 2 
7 2 
8 1 
10 2 
11 10 
12 1 
14 1 
14 2 
14 5 
14 11 
15 5 
15 11 
18 1 
20 1 
22 1 
22 15 
23 1 
24 1 
24 12 
24 14 
25 1 
25 2 
27 1 
31 1 
31 11 
32 12 
34 12 
35 2 
36 1 
36 2 
37 1 
38 5 
40 7 
41 35 
42 1 
42 12 
42 22 
42 32 
43 11 
44 15 
46 1 
46 32 
47 11 
48 1 
49 5 
49 11 
49 36 
51 1 
52 11 
54 1 
54 2 
54 11 
55 1 
55 12 
57 1 
57 5 
58 2 
58 32 
63 2 
63 11 
64 5 
64 22 
67 5 
67 25 
68 4 
68 49 
70 2 
70 14 
71 11 
74 24 
78 5 
78 10 
78 12 
79 78 
80 1 
80 24 
82 11 
82 15 
83 1 
83 10 
85 15 
86 74 
88 54 
89 10 
91 54 
91 58 
92 32 
93 15 
94 1 
94 51 
94 67 
94 70 
96 1 
96 94 
97 22 
98 1 
98 64 
100 51 
103 25 
106 58 
108 1 
108 2 
108 12 
108 63 
108 82 
111 1 
111 24 
112 79 
113 1 
113 5 
114 57 
116 51 
116 85 
118 51 
119 1 
120 5 
120 24 
121 1 
122 2 
123 32 
124 80 
125 14 
127 10 
129 78 
130 68 
131 4 
131 12 
131 80 
133 1 
133 67 
135 49 
136 12 
136 42 
138 24 
139 82 
139 85 
139 133 
140 12 
140 103 
141 2 
143 15 
143 31 
144 131 
145 40 
148 3 
148 108 
150 82 
151 7 
152 80 
153 37 
154 68 
156 70 
156 82 
157 108 
157 120 
158 148 
159 1 
159 42 
162 131 
163 42 
167 22 
167 92 
169 100 
170 85 
171 82 
172 1 
172 70 
175 68 
175 171 
176 51 
177 58 
178 58 
180 42 
180 116 
182 1 
184 23 
185 14 
186 5 
187 2 
187 67 
190 1 
190 24 
191 1 
191 31 
191 78 
195 2 
196 68 
197 20 
198 82 
201 25 
201 152 
203 1 
203 4 
204 1 
204 108 
205 114 
206 2 
206 80 
208 131 
209 1 
209 4 
209 58 
209 116 
209 204 
210 5 
210 80 
210 83 
210 163 
211 54 
212 20 
213 197 
216 172 
216 175 
217 42 
218 5 
218 100 
218 106 
219 68 
220 136 
221 1 
222 49 
222 98 
223 157 
225 172 
229 85 
229 145 
229 187 
229 209 
230 209 
231 1 
231 15 
231 49 
231 127 
232 15 
233 25 
234 82 
235 79 
237 82 
240 209 
241 1 
244 133 
245 24 
245 64 
246 36 
246 157 
246 208 
247 221 
250 1 
250 49 
250 231 
251 88 
252 152 
254 11 
255 48 
