128 1888
1 9
1 10
1 11
1 14
1 23
1 31
1 32
1 38
1 41
1 42
1 56
1 59
1 61
1 66
1 71
1 73
1 79
1 85
1 97
1 98
1 99
1 105
1 106
1 112
1 114
2 4
2 6
2 8
2 17
2 22
2 23
2 28
2 29
2 33
2 36
2 38
2 39
2 46
2 49
2 50
2 64
2 65
2 67
2 68
2 71
2 74
2 75
2 76
2 86
2 88
2 92
2 93
2 110
2 114
2 116
3 4
3 10
3 13
3 22
3 34
3 46
3 48
3 50
3 54
3 56
3 57
3 62
3 71
3 72
3 77
3 79
3 81
3 82
3 86
3 91
3 94
3 96
3 103
3 111
3 123
3 124
3 125
4 7
4 8
4 22
4 23
4 24
4 29
4 33
4 36
4 46
4 56
4 57
4 63
4 67
4 69
4 76
4 79
4 88
4 91
4 93
4 97
4 101
4 102
4 111
4 115
4 118
4 121
4 124
4 128
5 10
5 11
5 16
5 22
5 32
5 33
5 34
5 37
5 38
5 39
5 40
5 46
5 50
5 56
5 57
5 60
5 66
5 84
5 86
5 88
5 99
5 112
5 122
5 128
6 9
6 10
6 12
6 18
6 19
6 20
6 26
6 32
6 36
6 40
6 46
6 51
6 61
6 73
6 75
6 88
6 92
6 94
6 95
6 98
6 102
6 109
6 115
6 116
7 9
7 12
7 16
7 17
7 18
7 25
7 26
7 43
7 46
7 48
7 51
7 52
7 57
7 58
7 61
7 63
7 64
7 66
7 70
7 71
7 75
7 77
7 78
7 83
7 85
7 87
7 94
7 95
7 96
7 98
7 99
7 100
7 105
7 113
7 114
7 115
7 121
7 124
8 9
8 10
8 12
8 13
8 15
8 23
8 26
8 28
8 29
8 34
8 36
8 38
8 39
8 40
8 41
8 42
8 44
8 45
8 56
8 58
8 66
8 72
8 76
8 84
8 85
8 90
8 102
8 105
8 107
8 112
8 114
8 119
8 120
9 15
9 23
9 24
9 37
9 54
9 65
9 67
9 75
9 77
9 78
9 84
9 86
9 89
9 93
9 94
9 97
9 100
9 104
9 116
9 120
9 124
9 127
10 20
10 24
10 25
10 27
10 37
10 40
10 49
10 62
10 65
10 68
10 79
10 82
10 84
10 85
10 88
10 89
10 99
10 101
10 103
10 106
10 115
10 118
10 122
10 123
10 125
11 17
11 18
11 20
11 25
11 41
11 44
11 45
11 48
11 55
11 58
11 66
11 67
11 71
11 73
11 80
11 85
11 87
11 89
11 97
11 100
11 104
11 109
11 115
11 117
11 118
11 119
11 120
11 126
12 14
12 15
12 17
12 18
12 20
12 32
12 37
12 40
12 57
12 60
12 62
12 63
12 67
12 70
12 79
12 82
12 87
12 89
12 95
12 98
12 101
12 103
12 105
12 115
12 118
12 124
12 128
13 16
13 29
13 32
13 35
13 37
13 46
13 48
13 61
13 62
13 66
13 69
13 80
13 82
13 86
13 88
13 95
13 98
13 99
13 101
13 104
13 105
13 108
13 117
13 120
13 121
13 127
14 20
14 24
14 25
14 26
14 30
14 36
14 38
14 40
14 43
14 53
14 60
14 65
14 73
14 74
14 85
14 86
14 88
14 92
14 97
14 101
14 107
14 111
14 115
14 124
15 16
15 22
15 23
15 30
15 36
15 37
15 42
15 56
15 58
15 59
15 66
15 70
15 74
15 76
15 80
15 84
15 87
15 90
15 91
15 92
15 95
15 97
15 99
15 103
15 109
15 111
15 115
15 116
15 120
15 123
15 124
15 125
16 17
16 28
16 38
16 41
16 59
16 62
16 63
16 64
16 66
16 67
16 72
16 83
16 84
16 88
16 93
16 97
16 98
16 102
16 104
16 109
16 113
16 119
16 121
16 124
16 125
17 21
17 34
17 39
17 40
17 45
17 47
17 60
17 62
17 64
17 66
17 68
17 70
17 73
17 78
17 79
17 82
17 83
17 85
17 90
17 108
17 110
17 111
17 120
17 125
17 127
18 21
18 33
18 38
18 40
18 47
18 48
18 57
18 59
18 60
18 69
18 71
18 75
18 76
18 77
18 83
18 84
18 86
18 88
18 95
18 99
18 100
18 102
18 104
18 106
18 108
18 115
18 117
18 119
18 125
18 128
19 23
19 24
19 25
19 30
19 39
19 44
19 46
19 49
19 55
19 66
19 68
19 71
19 76
19 83
19 84
19 87
19 94
19 98
19 100
19 101
19 103
19 106
19 114
19 117
19 123
20 28
20 29
20 30
20 31
20 32
20 45
20 46
20 47
20 53
20 55
20 59
20 60
20 61
20 63
20 67
20 70
20 81
20 100
20 106
20 109
20 111
20 126
20 128
21 32
21 37
21 38
21 39
21 44
21 52
21 70
21 74
21 75
21 77
21 83
21 85
21 89
21 93
21 95
21 97
21 107
21 111
21 115
21 117
21 118
21 119
21 121
21 127
22 36
22 37
22 50
22 57
22 61
22 70
22 75
22 78
22 79
22 81
22 84
22 90
22 92
22 105
22 119
22 122
22 123
22 128
23 30
23 40
23 45
23 49
23 60
23 61
23 63
23 65
23 73
23 81
23 82
23 86
23 88
23 89
23 94
23 95
23 113
23 114
23 116
23 119
24 27
24 33
24 38
24 40
24 42
24 48
24 50
24 51
24 52
24 63
24 67
24 71
24 75
24 76
24 79
24 82
24 89
24 93
24 95
24 105
24 106
24 108
24 110
24 112
24 118
24 119
24 122
24 123
24 126
25 34
25 37
25 42
25 44
25 46
25 47
25 49
25 55
25 56
25 59
25 63
25 65
25 70
25 72
25 75
25 76
25 77
25 78
25 79
25 92
25 94
25 96
25 99
25 101
25 103
25 110
25 113
25 114
25 116
25 122
25 125
25 127
25 128
26 27
26 28
26 33
26 34
26 36
26 37
26 41
26 50
26 53
26 54
26 58
26 60
26 64
26 74
26 75
26 78
26 81
26 88
26 95
26 96
26 99
26 100
26 102
26 104
26 116
26 117
26 120
26 127
27 34
27 38
27 41
27 44
27 47
27 53
27 56
27 60
27 70
27 72
27 74
27 82
27 85
27 89
27 90
27 91
27 94
27 95
27 97
27 112
27 114
27 119
27 121
28 50
28 55
28 68
28 69
28 71
28 76
28 80
28 81
28 86
28 90
28 93
28 96
28 98
28 99
28 100
28 109
28 111
28 114
28 115
28 118
28 122
28 126
28 127
29 32
29 36
29 38
29 39
29 42
29 48
29 49
29 57
29 58
29 66
29 67
29 76
29 80
29 82
29 93
29 94
29 96
29 106
29 111
29 112
29 113
29 116
29 120
29 126
30 36
30 43
30 60
30 63
30 64
30 72
30 88
30 103
30 105
30 106
30 113
30 115
30 116
30 119
30 121
30 122
30 125
31 37
31 38
31 39
31 46
31 47
31 48
31 50
31 56
31 59
31 61
31 64
31 66
31 69
31 70
31 71
31 74
31 80
31 81
31 83
31 86
31 87
31 88
31 98
31 108
31 121
32 47
32 53
32 54
32 57
32 60
32 62
32 84
32 88
32 90
32 91
32 92
32 98
32 104
32 106
32 113
32 115
32 116
32 120
32 126
32 127
33 38
33 39
33 40
33 41
33 42
33 43
33 45
33 57
33 63
33 70
33 73
33 79
33 81
33 83
33 88
33 90
33 92
33 97
33 98
33 102
33 104
33 107
33 125
33 126
34 35
34 44
34 47
34 49
34 50
34 58
34 62
34 63
34 66
34 70
34 78
34 79
34 80
34 82
34 85
34 93
34 94
34 96
34 99
34 101
34 108
34 111
34 115
34 124
34 127
35 37
35 42
35 48
35 51
35 55
35 63
35 73
35 87
35 98
35 102
35 104
35 105
35 124
36 40
36 41
36 46
36 56
36 58
36 60
36 63
36 64
36 69
36 74
36 75
36 76
36 77
36 90
36 96
36 97
36 98
36 102
36 111
36 113
36 115
36 116
36 117
36 118
36 122
36 124
36 127
37 39
37 40
37 43
37 44
37 47
37 48
37 59
37 63
37 67
37 68
37 72
37 78
37 80
37 87
37 90
37 91
37 96
37 100
37 111
37 112
37 113
37 117
38 45
38 48
38 58
38 61
38 62
38 68
38 72
38 89
38 92
38 93
38 103
38 107
38 116
38 122
38 126
38 127
39 54
39 60
39 71
39 83
39 84
39 87
39 90
39 92
39 93
39 102
39 103
39 108
39 114
39 118
39 125
39 128
40 41
40 42
40 44
40 46
40 48
40 59
40 61
40 63
40 64
40 77
40 78
40 82
40 87
40 91
40 99
40 102
40 115
40 122
40 126
41 46
41 49
41 52
41 53
41 56
41 67
41 72
41 76
41 78
41 85
41 88
41 89
41 90
41 92
41 94
41 96
41 97
41 100
41 104
41 111
41 114
41 125
42 44
42 46
42 50
42 60
42 64
42 66
42 67
42 68
42 69
42 81
42 86
42 87
42 88
42 91
42 99
42 106
42 115
42 128
43 44
43 45
43 50
43 55
43 72
43 77
43 84
43 93
43 94
43 99
43 101
43 106
43 107
43 111
43 114
43 115
44 48
44 50
44 51
44 52
44 55
44 65
44 66
44 68
44 69
44 76
44 79
44 90
44 91
44 92
44 101
44 108
44 111
44 114
44 115
44 116
44 117
44 119
45 46
45 48
45 52
45 61
45 63
45 67
45 76
45 85
45 86
45 90
45 91
45 100
45 107
45 108
45 109
45 116
45 124
45 126
46 49
46 51
46 52
46 53
46 56
46 66
46 77
46 78
46 80
46 85
46 87
46 88
46 89
46 95
46 96
46 106
46 107
46 121
46 123
46 124
46 127
47 51
47 66
47 72
47 75
47 78
47 89
47 102
47 105
47 108
47 113
47 116
47 118
47 119
47 122
47 124
47 125
47 127
47 128
48 49
48 52
48 54
48 56
48 62
48 63
48 68
48 91
48 96
48 97
48 100
48 101
48 104
48 105
48 110
48 113
48 115
48 123
48 127
49 52
49 53
49 55
49 56
49 61
49 62
49 74
49 77
49 79
49 81
49 83
49 92
49 93
49 94
49 95
49 96
49 97
49 98
49 101
49 106
49 108
49 112
49 115
49 117
49 121
49 125
50 52
50 56
50 61
50 64
50 67
50 70
50 72
50 73
50 74
50 75
50 76
50 97
50 99
50 100
50 103
50 104
50 106
50 108
50 109
50 110
50 113
50 114
50 116
50 117
50 119
51 53
51 57
51 59
51 64
51 65
51 66
51 87
51 97
51 99
51 100
51 102
51 104
51 110
51 111
51 113
51 121
52 54
52 61
52 66
52 71
52 77
52 80
52 81
52 92
52 99
52 101
52 102
52 104
52 115
52 116
52 120
52 125
53 54
53 55
53 56
53 57
53 63
53 65
53 67
53 70
53 78
53 81
53 82
53 92
53 94
53 97
53 117
53 123
53 127
54 69
54 70
54 73
54 75
54 76
54 82
54 83
54 84
54 85
54 90
54 91
54 95
54 114
54 115
54 118
54 119
54 124
54 127
55 61
55 66
55 69
55 74
55 75
55 79
55 82
55 91
55 95
55 101
55 104
55 105
55 106
55 107
55 117
56 61
56 62
56 63
56 68
56 73
56 74
56 75
56 80
56 81
56 82
56 83
56 94
56 99
56 102
56 108
56 110
56 111
56 115
56 116
56 118
57 64
57 69
57 71
57 74
57 77
57 81
57 89
57 91
57 93
57 101
57 102
57 106
57 107
57 108
57 109
57 117
57 121
57 123
57 128
58 63
58 65
58 66
58 73
58 76
58 84
58 86
58 90
58 92
58 99
58 101
58 103
58 105
58 109
58 110
58 112
58 113
58 119
58 120
58 126
59 60
59 69
59 71
59 72
59 73
59 75
59 77
59 87
59 92
59 94
59 95
59 101
59 110
59 114
59 120
59 125
60 61
60 62
60 67
60 72
60 74
60 78
60 79
60 80
60 83
60 84
60 98
60 104
60 106
60 108
60 110
60 111
60 112
60 116
60 117
60 118
60 119
60 120
61 63
61 80
61 81
61 85
61 87
61 96
61 101
61 103
61 106
61 110
61 113
61 121
62 64
62 66
62 70
62 71
62 81
62 82
62 85
62 89
62 90
62 92
62 105
62 112
62 121
62 123
62 124
62 127
63 65
63 72
63 75
63 79
63 84
63 92
63 98
63 99
63 100
63 101
63 104
63 110
63 112
63 114
63 115
63 116
63 123
63 126
63 128
64 66
64 68
64 78
64 82
64 84
64 86
64 93
64 97
64 99
64 102
64 103
64 106
64 109
64 111
64 112
64 114
64 116
64 122
64 124
64 127
65 70
65 71
65 74
65 82
65 87
65 95
65 102
65 106
65 112
65 124
65 125
66 74
66 77
66 83
66 89
66 92
66 93
66 97
66 104
66 109
66 110
66 116
66 121
66 125
67 69
67 71
67 75
67 82
67 96
67 101
67 102
67 104
67 108
67 110
67 113
67 120
67 121
67 122
67 124
68 88
68 93
68 109
68 111
68 112
68 122
68 126
69 70
69 77
69 80
69 81
69 82
69 85
69 106
69 107
69 109
69 113
69 119
69 123
70 71
70 73
70 79
70 86
70 88
70 95
70 99
70 100
70 103
70 104
70 107
70 109
70 112
70 114
70 116
70 121
70 125
70 128
71 73
71 75
71 78
71 84
71 95
71 96
71 100
71 112
71 116
71 128
72 81
72 82
72 88
72 90
72 95
72 97
72 99
72 103
72 104
72 113
72 125
72 126
72 128
73 80
73 82
73 85
73 93
73 96
73 111
73 116
73 119
74 79
74 80
74 86
74 88
74 92
74 107
74 122
74 123
75 86
75 93
75 101
75 103
75 104
75 105
75 117
75 123
75 124
75 126
76 77
76 78
76 79
76 81
76 85
76 88
76 89
76 91
76 94
76 95
76 98
76 100
76 103
76 105
76 109
76 113
76 115
76 125
76 127
77 84
77 86
77 87
77 92
77 93
77 94
77 95
77 98
77 104
77 109
77 113
77 116
77 118
78 79
78 81
78 82
78 83
78 87
78 89
78 90
78 91
78 103
78 109
78 112
78 116
78 117
78 119
78 121
78 126
78 127
79 80
79 85
79 87
79 88
79 91
79 99
79 105
79 107
79 109
79 113
79 117
79 118
79 120
79 121
80 89
80 100
80 104
80 112
80 114
80 115
80 122
80 123
80 126
80 127
80 128
81 86
81 91
81 97
81 98
81 100
81 103
81 104
81 109
81 111
81 112
81 113
81 115
81 119
81 120
81 123
81 124
81 127
82 83
82 87
82 90
82 91
82 94
82 96
82 103
82 104
82 106
82 111
82 115
82 117
82 120
83 85
83 89
83 90
83 94
83 95
83 99
83 102
83 104
83 105
83 106
83 112
83 113
83 118
83 121
84 86
84 102
84 103
84 106
84 112
84 113
84 121
84 125
85 86
85 89
85 90
85 93
85 96
85 99
85 101
85 102
85 105
85 112
85 116
85 117
85 121
85 128
86 93
86 98
86 101
86 109
86 111
86 126
86 128
87 96
87 99
87 105
87 115
88 89
88 90
88 91
88 92
88 95
88 99
88 100
88 101
88 103
88 108
88 110
88 119
88 121
88 122
89 106
89 117
89 121
89 123
89 124
89 125
89 127
90 96
90 98
90 99
90 101
90 105
90 112
90 113
90 115
90 126
91 96
91 98
91 100
91 105
91 111
91 114
91 116
91 118
91 119
91 121
91 124
91 125
91 128
92 94
92 100
92 101
92 102
92 105
92 110
92 117
92 119
92 120
92 124
92 125
93 100
93 110
93 119
94 100
94 114
94 126
95 96
95 102
95 109
95 111
95 112
95 122
95 123
96 102
96 105
96 107
96 113
96 118
97 99
97 104
97 111
97 113
97 123
98 113
98 114
98 115
98 120
98 124
98 125
98 126
98 127
99 105
99 108
99 110
99 114
99 117
99 118
99 126
100 102
100 105
100 112
100 122
100 125
100 127
100 128
101 102
101 103
101 105
101 111
101 113
101 116
101 125
101 128
102 104
102 115
102 116
102 118
102 119
102 128
103 106
103 107
103 110
103 112
103 127
104 105
104 113
104 115
104 124
104 126
105 107
105 108
105 122
105 124
106 120
106 123
106 127
107 108
107 109
107 110
107 115
107 124
108 123
109 111
109 121
109 125
109 127
110 118
110 120
110 122
110 124
111 123
111 128
112 113
112 122
112 125
113 123
113 124
114 116
114 117
114 119
114 126
114 128
115 116
115 117
115 126
116 124
118 120
118 122
118 124
118 128
119 120
119 121
119 123
120 124
120 126
121 123
123 125
124 127
125 126
126 128
