128 2219
1
2
3
4
5
6
7
8
9
10
11
12
13
14
15
16
17
18
19
20
21
22
23
24
25
26
27
28
29
30
31
32
33
34
35
36
37
38
39
40
41
42
43
44
45
46
47
48
49
50
51
52
53
54
55
56
57
58
59
60
61
62
63
64
65
66
67
68
69
70
71
72
73
74
75
76
77
78
79
80
81
82
83
84
85
86
87
88
89
90
91
92
93
94
95
96
97
98
99
100
101
102
103
104
105
106
107
108
109
110
111
112
113
114
115
116
117
118
119
120
121
122
123
124
125
126
127
128
1 6 
1 7 
1 14 
1 15 
1 19 
1 23 
1 25 
1 26 
1 27 
1 28 
1 30 
1 43 
1 45 
1 50 
1 55 
1 57 
1 58 
1 61 
1 63 
1 65 
1 73 
1 74 
1 81 
1 82 
1 89 
1 92 
1 95 
1 101 
1 105 
1 114 
1 118 
1 124 
1 127 
2 4 
2 10 
2 16 
2 19 
2 22 
2 25 
2 26 
2 30 
2 33 
2 40 
2 48 
2 50 
2 56 
2 57 
2 64 
2 72 
2 75 
2 79 
2 95 
2 98 
2 100 
2 103 
2 104 
2 113 
2 114 
2 116 
2 121 
2 126 
2 127 
2 128 
3 5 
3 10 
3 21 
3 23 
3 24 
3 25 
3 29 
3 30 
3 31 
3 32 
3 35 
3 37 
3 38 
3 42 
3 49 
3 53 
3 59 
3 68 
3 69 
3 70 
3 72 
3 73 
3 77 
3 78 
3 80 
3 81 
3 83 
3 84 
3 88 
3 92 
3 94 
3 96 
3 99 
3 100 
3 106 
3 110 
3 116 
3 125 
4 14 
4 16 
4 17 
4 21 
4 29 
4 30 
4 32 
4 36 
4 39 
4 42 
4 43 
4 45 
4 51 
4 64 
4 65 
4 68 
4 69 
4 73 
4 74 
4 79 
4 81 
4 88 
4 90 
4 97 
4 98 
4 100 
4 102 
4 105 
4 106 
4 110 
4 113 
4 114 
4 115 
4 117 
4 120 
4 121 
4 122 
4 124 
4 127 
5 10 
5 16 
5 19 
5 20 
5 21 
5 24 
5 27 
5 34 
5 43 
5 44 
5 45 
5 48 
5 49 
5 51 
5 58 
5 59 
5 61 
5 70 
5 72 
5 74 
5 78 
5 79 
5 89 
5 93 
5 94 
5 99 
5 108 
5 109 
5 111 
5 113 
5 116 
5 125 
5 128 
6 9 
6 11 
6 13 
6 24 
6 31 
6 33 
6 34 
6 38 
6 44 
6 45 
6 47 
6 58 
6 60 
6 63 
6 71 
6 73 
6 87 
6 91 
6 93 
6 94 
6 96 
6 102 
6 114 
6 116 
6 118 
6 119 
6 125 
7 8 
7 9 
7 10 
7 14 
7 16 
7 31 
7 35 
7 41 
7 54 
7 59 
7 60 
7 61 
7 62 
7 69 
7 70 
7 76 
7 77 
7 78 
7 84 
7 86 
7 87 
7 90 
7 94 
7 95 
7 101 
7 107 
7 108 
7 117 
7 120 
7 121 
7 123 
8 11 
8 12 
8 13 
8 19 
8 20 
8 24 
8 27 
8 29 
8 30 
8 32 
8 34 
8 35 
8 36 
8 46 
8 50 
8 54 
8 55 
8 61 
8 66 
8 68 
8 72 
8 76 
8 88 
8 89 
8 90 
8 92 
8 97 
8 100 
8 110 
8 111 
8 114 
8 116 
8 123 
8 125 
8 127 
9 10 
9 14 
9 17 
9 25 
9 39 
9 44 
9 54 
9 56 
9 57 
9 60 
9 61 
9 66 
9 75 
9 80 
9 91 
9 93 
9 99 
9 101 
9 102 
9 104 
9 107 
9 114 
9 118 
9 120 
9 125 
9 128 
10 11 
10 12 
10 17 
10 21 
10 22 
10 23 
10 26 
10 34 
10 50 
10 56 
10 66 
10 71 
10 78 
10 83 
10 87 
10 88 
10 89 
10 90 
10 93 
10 94 
10 95 
10 97 
10 100 
10 101 
10 107 
10 111 
10 113 
10 120 
10 121 
10 123 
10 125 
10 126 
10 127 
11 16 
11 21 
11 22 
11 26 
11 37 
11 39 
11 44 
11 56 
11 58 
11 59 
11 60 
11 74 
11 77 
11 79 
11 96 
11 105 
11 110 
11 116 
11 118 
11 128 
12 21 
12 22 
12 28 
12 29 
12 38 
12 39 
12 40 
12 41 
12 43 
12 44 
12 51 
12 52 
12 56 
12 58 
12 59 
12 61 
12 69 
12 70 
12 71 
12 75 
12 79 
12 81 
12 86 
12 96 
12 98 
12 101 
12 102 
12 108 
12 109 
12 110 
12 111 
12 113 
12 117 
12 119 
12 120 
12 121 
12 122 
12 124 
13 18 
13 20 
13 21 
13 24 
13 26 
13 29 
13 30 
13 31 
13 39 
13 41 
13 42 
13 44 
13 47 
13 48 
13 49 
13 56 
13 57 
13 59 
13 63 
13 69 
13 71 
13 76 
13 83 
13 85 
13 88 
13 90 
13 96 
13 100 
13 101 
13 107 
13 112 
13 114 
13 118 
13 120 
13 125 
13 126 
13 127 
14 16 
14 20 
14 23 
14 24 
14 26 
14 27 
14 28 
14 31 
14 36 
14 38 
14 39 
14 48 
14 50 
14 51 
14 56 
14 57 
14 61 
14 63 
14 65 
14 72 
14 80 
14 88 
14 97 
14 106 
14 107 
14 110 
14 113 
14 117 
14 118 
14 122 
15 16 
15 23 
15 24 
15 27 
15 28 
15 33 
15 37 
15 38 
15 47 
15 66 
15 70 
15 78 
15 91 
15 92 
15 95 
15 97 
15 99 
15 106 
15 107 
15 108 
15 112 
15 115 
15 119 
15 122 
15 128 
16 23 
16 30 
16 36 
16 38 
16 39 
16 42 
16 44 
16 53 
16 54 
16 61 
16 69 
16 78 
16 81 
16 84 
16 85 
16 91 
16 92 
16 101 
16 105 
16 116 
16 118 
16 119 
16 121 
16 123 
16 125 
16 128 
17 18 
17 40 
17 43 
17 46 
17 51 
17 54 
17 55 
17 68 
17 70 
17 71 
17 74 
17 75 
17 76 
17 83 
17 84 
17 86 
17 93 
17 96 
17 100 
17 104 
17 108 
17 110 
17 115 
17 118 
17 119 
18 24 
18 28 
18 29 
18 31 
18 32 
18 33 
18 34 
18 41 
18 47 
18 49 
18 51 
18 53 
18 54 
18 57 
18 59 
18 60 
18 61 
18 62 
18 63 
18 65 
18 67 
18 71 
18 72 
18 77 
18 79 
18 80 
18 82 
18 86 
18 92 
18 97 
18 98 
18 101 
18 102 
18 123 
18 125 
18 126 
19 20 
19 21 
19 22 
19 24 
19 30 
19 31 
19 36 
19 39 
19 40 
19 43 
19 45 
19 51 
19 55 
19 58 
19 62 
19 64 
19 74 
19 76 
19 77 
19 78 
19 80 
19 81 
19 84 
19 85 
19 87 
19 88 
19 92 
19 93 
19 95 
19 96 
19 97 
19 98 
19 99 
19 108 
19 109 
19 111 
19 113 
19 118 
19 119 
19 127 
20 21 
20 27 
20 28 
20 29 
20 30 
20 33 
20 34 
20 41 
20 43 
20 60 
20 74 
20 76 
20 78 
20 81 
20 82 
20 87 
20 91 
20 104 
20 106 
20 111 
20 112 
20 113 
20 119 
20 120 
20 122 
20 123 
20 124 
21 26 
21 29 
21 31 
21 43 
21 57 
21 58 
21 64 
21 67 
21 72 
21 78 
21 79 
21 80 
21 82 
21 83 
21 85 
21 86 
21 95 
21 97 
21 100 
21 104 
21 109 
21 110 
21 112 
21 117 
21 119 
21 120 
21 122 
21 125 
21 126 
21 127 
22 26 
22 29 
22 30 
22 35 
22 38 
22 41 
22 48 
22 51 
22 52 
22 53 
22 56 
22 57 
22 59 
22 63 
22 69 
22 73 
22 79 
22 82 
22 83 
22 84 
22 87 
22 91 
22 97 
22 100 
22 101 
22 108 
22 111 
22 114 
22 117 
22 121 
22 122 
22 124 
22 125 
22 126 
23 26 
23 27 
23 29 
23 32 
23 33 
23 37 
23 46 
23 47 
23 50 
23 51 
23 53 
23 56 
23 57 
23 61 
23 64 
23 66 
23 67 
23 68 
23 69 
23 71 
23 74 
23 77 
23 79 
23 83 
23 84 
23 88 
23 89 
23 97 
23 100 
23 103 
23 105 
23 107 
23 116 
23 117 
23 120 
23 121 
23 127 
24 27 
24 28 
24 29 
24 30 
24 32 
24 44 
24 49 
24 50 
24 51 
24 52 
24 54 
24 55 
24 57 
24 61 
24 70 
24 72 
24 73 
24 76 
24 77 
24 78 
24 79 
24 81 
24 82 
24 84 
24 91 
24 92 
24 93 
24 99 
24 101 
24 102 
24 122 
24 125 
24 127 
25 26 
25 27 
25 28 
25 30 
25 31 
25 34 
25 35 
25 37 
25 38 
25 44 
25 47 
25 48 
25 49 
25 52 
25 58 
25 65 
25 72 
25 80 
25 84 
25 86 
25 87 
25 90 
25 91 
25 95 
25 96 
25 99 
25 101 
25 108 
25 110 
25 111 
25 112 
25 114 
25 117 
25 119 
25 120 
25 122 
25 125 
26 28 
26 31 
26 32 
26 34 
26 43 
26 52 
26 53 
26 54 
26 55 
26 56 
26 59 
26 60 
26 62 
26 64 
26 67 
26 68 
26 69 
26 75 
26 79 
26 82 
26 86 
26 88 
26 91 
26 98 
26 100 
26 101 
26 103 
26 105 
26 106 
26 107 
26 108 
26 113 
26 116 
26 125 
27 28 
27 29 
27 31 
27 36 
27 38 
27 39 
27 43 
27 51 
27 52 
27 60 
27 63 
27 67 
27 68 
27 75 
27 76 
27 86 
27 88 
27 92 
27 96 
27 99 
27 101 
27 102 
27 103 
27 106 
27 110 
27 113 
27 114 
27 118 
27 126 
28 31 
28 34 
28 35 
28 38 
28 47 
28 56 
28 57 
28 58 
28 62 
28 64 
28 66 
28 67 
28 68 
28 72 
28 77 
28 79 
28 81 
28 84 
28 87 
28 92 
28 93 
28 94 
28 101 
28 102 
28 105 
28 108 
28 112 
28 116 
28 118 
28 119 
28 120 
28 126 
29 32 
29 36 
29 40 
29 44 
29 60 
29 66 
29 67 
29 72 
29 74 
29 75 
29 81 
29 88 
29 93 
29 95 
29 98 
29 109 
29 122 
29 123 
29 124 
30 31 
30 32 
30 34 
30 35 
30 38 
30 43 
30 44 
30 47 
30 51 
30 69 
30 75 
30 76 
30 80 
30 86 
30 87 
30 92 
30 95 
30 96 
30 98 
30 100 
30 103 
30 106 
30 111 
30 114 
30 115 
30 116 
30 117 
30 118 
30 120 
30 122 
30 123 
31 32 
31 38 
31 39 
31 40 
31 48 
31 52 
31 54 
31 55 
31 56 
31 59 
31 74 
31 78 
31 82 
31 85 
31 87 
31 92 
31 96 
31 98 
31 100 
31 102 
31 103 
31 115 
31 120 
31 122 
31 124 
31 125 
32 34 
32 38 
32 39 
32 52 
32 60 
32 62 
32 66 
32 67 
32 70 
32 71 
32 76 
32 78 
32 86 
32 88 
32 93 
32 95 
32 100 
32 103 
32 105 
32 109 
32 113 
32 115 
32 116 
32 117 
32 120 
32 125 
32 126 
33 34 
33 37 
33 40 
33 44 
33 46 
33 49 
33 53 
33 56 
33 58 
33 60 
33 64 
33 65 
33 68 
33 75 
33 83 
33 85 
33 88 
33 91 
33 93 
33 99 
33 101 
33 102 
33 112 
33 115 
33 117 
33 118 
33 120 
33 121 
33 128 
34 42 
34 46 
34 52 
34 54 
34 56 
34 61 
34 72 
34 76 
34 78 
34 82 
34 83 
34 85 
34 91 
34 96 
34 101 
34 104 
34 109 
34 110 
34 114 
34 121 
34 122 
34 126 
35 36 
35 40 
35 44 
35 46 
35 49 
35 50 
35 59 
35 60 
35 61 
35 62 
35 63 
35 66 
35 69 
35 74 
35 75 
35 76 
35 77 
35 82 
35 85 
35 88 
35 96 
35 98 
35 101 
35 105 
35 111 
35 114 
35 118 
35 120 
35 125 
35 126 
35 128 
36 37 
36 39 
36 41 
36 42 
36 46 
36 53 
36 56 
36 57 
36 59 
36 60 
36 61 
36 63 
36 64 
36 67 
36 74 
36 80 
36 81 
36 85 
36 88 
36 92 
36 95 
36 97 
36 98 
36 104 
36 107 
36 109 
36 113 
36 116 
36 124 
36 128 
37 38 
37 42 
37 44 
37 46 
37 47 
37 51 
37 63 
37 64 
37 65 
37 66 
37 68 
37 73 
37 76 
37 78 
37 82 
37 83 
37 90 
37 91 
37 95 
37 96 
37 101 
37 103 
37 104 
37 111 
37 112 
37 116 
37 118 
37 120 
37 124 
37 128 
38 46 
38 50 
38 53 
38 54 
38 55 
38 56 
38 60 
38 63 
38 64 
38 68 
38 69 
38 80 
38 81 
38 88 
38 96 
38 102 
38 110 
38 117 
38 118 
38 119 
39 44 
39 54 
39 60 
39 69 
39 71 
39 77 
39 78 
39 80 
39 87 
39 88 
39 89 
39 92 
39 93 
39 94 
39 95 
39 97 
39 98 
39 99 
39 110 
39 111 
39 113 
39 114 
39 122 
39 128 
40 41 
40 43 
40 46 
40 47 
40 56 
40 57 
40 62 
40 63 
40 68 
40 69 
40 72 
40 83 
40 85 
40 86 
40 89 
40 92 
40 95 
40 97 
40 102 
40 112 
40 119 
40 122 
40 126 
41 42 
41 43 
41 49 
41 50 
41 53 
41 61 
41 62 
41 64 
41 71 
41 75 
41 80 
41 86 
41 96 
41 103 
41 106 
41 116 
41 118 
41 119 
41 120 
41 123 
42 44 
42 50 
42 54 
42 57 
42 62 
42 68 
42 71 
42 74 
42 92 
42 100 
42 102 
42 110 
42 112 
42 115 
42 122 
42 123 
42 124 
42 127 
42 128 
43 48 
43 54 
43 56 
43 57 
43 59 
43 61 
43 68 
43 80 
43 82 
43 86 
43 96 
43 97 
43 99 
43 102 
43 107 
43 108 
43 109 
43 110 
43 113 
43 118 
43 123 
44 50 
44 56 
44 57 
44 58 
44 60 
44 61 
44 67 
44 69 
44 72 
44 73 
44 75 
44 76 
44 81 
44 84 
44 91 
44 93 
44 105 
44 109 
44 111 
44 114 
44 117 
44 118 
44 119 
44 120 
44 122 
44 124 
44 126 
45 50 
45 56 
45 59 
45 61 
45 70 
45 74 
45 76 
45 84 
45 97 
45 102 
45 104 
45 108 
45 109 
45 110 
45 112 
45 113 
45 117 
45 122 
45 123 
45 125 
46 52 
46 55 
46 56 
46 59 
46 60 
46 64 
46 71 
46 73 
46 76 
46 87 
46 89 
46 93 
46 102 
46 104 
46 112 
46 117 
46 118 
47 50 
47 53 
47 60 
47 64 
47 71 
47 73 
47 77 
47 78 
47 85 
47 87 
47 89 
47 90 
47 98 
47 99 
47 100 
47 103 
47 109 
47 110 
47 111 
47 112 
47 115 
47 118 
47 119 
47 122 
47 123 
47 126 
47 127 
48 55 
48 57 
48 65 
48 66 
48 71 
48 74 
48 77 
48 79 
48 80 
48 85 
48 87 
48 90 
48 93 
48 94 
48 98 
48 101 
48 102 
48 113 
48 115 
48 116 
48 117 
48 120 
48 127 
49 50 
49 59 
49 61 
49 64 
49 66 
49 67 
49 75 
49 77 
49 83 
49 84 
49 88 
49 94 
49 97 
49 98 
49 99 
49 100 
49 101 
49 106 
49 107 
49 114 
49 115 
49 117 
49 118 
49 119 
49 122 
49 124 
49 127 
49 128 
50 52 
50 53 
50 54 
50 55 
50 60 
50 70 
50 77 
50 80 
50 81 
50 85 
50 92 
50 93 
50 95 
50 96 
50 101 
50 102 
50 104 
50 109 
50 113 
50 114 
50 116 
50 120 
50 121 
50 125 
51 56 
51 62 
51 69 
51 70 
51 73 
51 74 
51 80 
51 85 
51 89 
51 93 
51 94 
51 95 
51 96 
51 98 
51 101 
51 103 
51 113 
51 116 
51 124 
52 53 
52 58 
52 64 
52 68 
52 70 
52 71 
52 75 
52 79 
52 80 
52 85 
52 86 
52 88 
52 92 
52 96 
52 104 
52 107 
52 108 
52 114 
52 119 
52 125 
52 127 
53 54 
53 56 
53 60 
53 62 
53 76 
53 77 
53 79 
53 80 
53 81 
53 84 
53 85 
53 89 
53 99 
53 100 
53 101 
53 103 
53 105 
53 106 
53 108 
53 115 
53 117 
53 118 
53 119 
53 125 
53 128 
54 57 
54 60 
54 62 
54 69 
54 73 
54 82 
54 83 
54 84 
54 86 
54 90 
54 102 
54 103 
54 112 
55 57 
55 59 
55 62 
55 72 
55 75 
55 76 
55 78 
55 88 
55 94 
55 100 
55 104 
55 108 
55 109 
55 111 
55 118 
56 59 
56 71 
56 72 
56 74 
56 80 
56 83 
56 86 
56 89 
56 95 
56 99 
56 101 
56 105 
56 107 
56 111 
56 112 
56 114 
56 117 
56 118 
56 120 
56 124 
56 125 
57 58 
57 64 
57 69 
57 73 
57 79 
57 86 
57 90 
57 95 
57 103 
57 104 
57 105 
57 112 
57 118 
57 122 
58 59 
58 60 
58 70 
58 72 
58 75 
58 76 
58 77 
58 82 
58 86 
58 88 
58 91 
58 92 
58 94 
58 96 
58 99 
58 100 
58 102 
58 109 
58 111 
58 119 
58 123 
58 125 
58 126 
58 128 
59 65 
59 67 
59 69 
59 76 
59 77 
59 79 
59 80 
59 92 
59 96 
59 104 
59 108 
59 110 
59 116 
59 121 
59 127 
59 128 
60 61 
60 62 
60 71 
60 78 
60 79 
60 80 
60 85 
60 88 
60 89 
60 93 
60 98 
60 99 
60 100 
60 101 
60 107 
60 111 
60 115 
60 117 
60 120 
61 62 
61 70 
61 71 
61 85 
61 89 
61 90 
61 92 
61 93 
61 97 
61 98 
61 100 
61 101 
61 106 
61 114 
61 118 
61 121 
61 122 
61 125 
62 66 
62 74 
62 81 
62 83 
62 85 
62 94 
62 95 
62 97 
62 100 
62 107 
62 115 
62 116 
62 119 
62 121 
62 122 
62 126 
63 65 
63 67 
63 68 
63 85 
63 88 
63 91 
63 102 
63 104 
63 111 
63 115 
63 120 
63 126 
64 66 
64 68 
64 69 
64 71 
64 72 
64 80 
64 81 
64 88 
64 89 
64 90 
64 94 
64 99 
64 106 
64 110 
64 112 
64 114 
64 116 
64 119 
64 121 
64 125 
64 126 
64 128 
65 76 
65 77 
65 80 
65 83 
65 84 
65 91 
65 93 
65 95 
65 98 
65 105 
65 106 
65 108 
65 114 
65 117 
65 119 
65 120 
66 67 
66 68 
66 70 
66 73 
66 74 
66 75 
66 86 
66 95 
66 101 
66 104 
66 108 
66 113 
66 115 
66 117 
66 118 
66 125 
66 126 
67 75 
67 76 
67 77 
67 79 
67 80 
67 92 
67 93 
67 95 
67 99 
67 103 
67 113 
67 118 
67 120 
67 123 
67 124 
68 77 
68 80 
68 87 
68 88 
68 91 
68 94 
68 96 
68 100 
68 105 
68 111 
68 117 
68 118 
68 119 
68 120 
68 121 
68 124 
68 125 
68 128 
69 72 
69 73 
69 74 
69 81 
69 86 
69 90 
69 92 
69 93 
69 94 
69 95 
69 98 
69 104 
69 114 
69 115 
69 124 
69 127 
70 71 
70 82 
70 87 
70 96 
70 103 
70 105 
70 108 
70 112 
70 115 
70 116 
70 120 
70 127 
71 74 
71 77 
71 78 
71 81 
71 82 
71 84 
71 95 
71 102 
71 105 
71 109 
71 110 
71 112 
71 115 
71 121 
71 122 
71 123 
71 127 
72 75 
72 91 
72 95 
72 97 
72 99 
72 101 
72 102 
72 105 
72 113 
72 114 
72 118 
72 126 
72 127 
72 128 
73 74 
73 76 
73 94 
73 95 
73 97 
73 103 
73 114 
73 115 
73 120 
73 123 
73 125 
74 75 
74 79 
74 80 
74 82 
74 93 
74 100 
74 106 
74 107 
74 112 
74 113 
74 114 
74 116 
74 118 
74 121 
74 127 
74 128 
75 79 
75 85 
75 88 
75 101 
75 102 
75 108 
75 110 
75 112 
75 113 
75 114 
75 115 
75 116 
75 118 
75 123 
75 125 
76 78 
76 81 
76 82 
76 89 
76 91 
76 97 
76 100 
76 106 
76 107 
76 108 
76 111 
76 113 
76 119 
76 120 
76 121 
76 125 
77 82 
77 85 
77 88 
77 89 
77 91 
77 93 
77 96 
77 123 
77 124 
78 79 
78 80 
78 84 
78 91 
78 92 
78 99 
78 101 
78 103 
78 105 
78 106 
78 110 
78 114 
78 122 
78 127 
79 86 
79 94 
79 99 
79 100 
79 112 
79 113 
79 117 
79 118 
79 124 
80 83 
80 92 
80 93 
80 94 
80 95 
80 96 
80 100 
80 107 
80 109 
80 110 
80 112 
80 113 
80 118 
80 123 
80 125 
80 128 
81 83 
81 86 
81 92 
81 94 
81 96 
81 99 
81 102 
81 109 
81 111 
81 113 
81 114 
81 120 
81 124 
81 125 
81 126 
82 87 
82 102 
82 107 
82 109 
82 110 
82 119 
82 120 
82 124 
83 85 
83 90 
83 91 
83 101 
83 102 
83 106 
83 107 
83 108 
83 109 
83 110 
83 119 
83 122 
83 127 
84 87 
84 90 
84 100 
84 102 
84 106 
84 113 
84 114 
84 117 
84 123 
84 124 
84 125 
84 128 
85 86 
85 87 
85 92 
85 93 
85 95 
85 97 
85 100 
85 106 
85 114 
85 116 
85 121 
85 122 
85 127 
85 128 
86 87 
86 92 
86 94 
86 99 
86 100 
86 101 
86 103 
86 105 
86 108 
86 115 
86 116 
86 117 
86 125 
87 91 
87 93 
87 94 
87 96 
87 97 
87 99 
87 100 
87 101 
87 108 
87 112 
87 114 
87 115 
87 119 
87 128 
88 89 
88 90 
88 96 
88 102 
88 103 
88 104 
88 108 
88 110 
88 113 
88 117 
88 122 
88 124 
88 126 
89 91 
89 95 
89 97 
89 102 
89 104 
89 105 
89 109 
89 113 
89 121 
89 126 
89 127 
90 96 
90 111 
90 121 
90 122 
90 127 
91 94 
91 101 
91 105 
91 106 
91 112 
91 114 
91 115 
91 120 
91 121 
91 128 
92 97 
92 99 
92 101 
92 102 
92 103 
92 108 
92 111 
92 112 
92 121 
92 126 
93 100 
93 107 
93 112 
93 114 
93 116 
93 117 
93 122 
93 126 
94 101 
94 103 
94 112 
94 113 
94 115 
94 120 
95 99 
95 100 
95 103 
95 105 
95 125 
95 126 
96 101 
96 104 
96 106 
96 108 
96 111 
96 115 
96 116 
96 124 
96 126 
96 128 
97 98 
97 101 
97 107 
97 108 
97 118 
97 120 
97 124 
98 99 
98 103 
98 105 
98 106 
98 109 
98 115 
98 116 
98 117 
98 119 
98 120 
98 121 
98 122 
98 123 
98 125 
99 100 
99 105 
99 117 
99 119 
99 121 
99 124 
99 125 
100 104 
100 107 
100 116 
100 119 
100 121 
100 123 
100 124 
100 125 
100 126 
101 103 
101 113 
101 117 
101 124 
101 126 
102 103 
102 109 
102 113 
102 114 
102 119 
102 121 
103 105 
103 108 
103 110 
103 111 
103 114 
103 116 
104 111 
104 113 
104 115 
104 127 
105 110 
105 111 
105 116 
105 117 
105 119 
105 123 
106 110 
106 119 
106 120 
106 121 
106 125 
106 126 
107 123 
107 127 
108 110 
108 112 
108 116 
108 118 
108 119 
108 121 
108 124 
108 128 
109 114 
109 121 
110 111 
110 112 
110 116 
110 117 
110 121 
110 123 
111 112 
111 115 
111 117 
111 119 
111 123 
111 125 
112 113 
112 118 
112 119 
112 120 
112 122 
113 120 
113 128 
114 120 
114 123 
114 124 
114 125 
115 121 
115 122 
116 118 
116 119 
116 121 
116 122 
116 123 
116 124 
116 127 
117 125 
117 127 
118 119 
118 121 
118 122 
118 127 
118 128 
119 127 
120 123 
120 126 
122 124 
122 125 
123 124 
123 127 
124 126 
124 127 
124 128 
125 128 
