128 4209
1
2
3
4
5
6
7
8
9
10
11
12
13
14
15
16
17
18
19
20
21
22
23
24
25
26
27
28
29
30
31
32
33
34
35
36
37
38
39
40
41
42
43
44
45
46
47
48
49
50
51
52
53
54
55
56
57
58
59
60
61
62
63
64
65
66
67
68
69
70
71
72
73
74
75
76
77
78
79
80
81
82
83
84
85
86
87
88
89
90
91
92
93
94
95
96
97
98
99
100
101
102
103
104
105
106
107
108
109
110
111
112
113
114
115
116
117
118
119
120
121
122
123
124
125
126
127
128
1 2 
1 4 
1 5 
1 6 
1 8 
1 9 
1 10 
1 13 
1 15 
1 20 
1 21 
1 22 
1 26 
1 31 
1 32 
1 35 
1 36 
1 37 
1 39 
1 40 
1 41 
1 44 
1 45 
1 46 
1 47 
1 49 
1 50 
1 52 
1 55 
1 58 
1 60 
1 61 
1 62 
1 65 
1 67 
1 68 
1 69 
1 70 
1 73 
1 74 
1 78 
1 79 
1 80 
1 83 
1 84 
1 86 
1 87 
1 89 
1 91 
1 92 
1 94 
1 95 
1 97 
1 98 
1 99 
1 100 
1 101 
1 102 
1 103 
1 108 
1 110 
1 112 
1 113 
1 114 
1 118 
1 124 
2 5 
2 6 
2 7 
2 11 
2 12 
2 13 
2 15 
2 17 
2 20 
2 24 
2 25 
2 27 
2 28 
2 29 
2 32 
2 33 
2 34 
2 35 
2 36 
2 37 
2 38 
2 40 
2 49 
2 50 
2 52 
2 53 
2 55 
2 56 
2 58 
2 60 
2 63 
2 65 
2 67 
2 68 
2 69 
2 70 
2 71 
2 72 
2 74 
2 77 
2 79 
2 81 
2 82 
2 83 
2 84 
2 86 
2 88 
2 92 
2 94 
2 98 
2 99 
2 101 
2 102 
2 103 
2 104 
2 105 
2 107 
2 109 
2 110 
2 111 
2 115 
2 117 
2 118 
2 119 
2 123 
2 125 
2 127 
3 6 
3 7 
3 8 
3 9 
3 11 
3 12 
3 18 
3 19 
3 20 
3 21 
3 22 
3 23 
3 26 
3 30 
3 35 
3 36 
3 39 
3 41 
3 42 
3 43 
3 46 
3 47 
3 49 
3 51 
3 52 
3 53 
3 54 
3 55 
3 56 
3 57 
3 60 
3 61 
3 66 
3 67 
3 69 
3 71 
3 72 
3 73 
3 77 
3 81 
3 83 
3 85 
3 90 
3 92 
3 93 
3 95 
3 98 
3 100 
3 101 
3 104 
3 106 
3 107 
3 108 
3 110 
3 114 
3 116 
3 118 
3 119 
3 120 
3 121 
3 122 
3 123 
3 124 
3 128 
4 8 
4 9 
4 11 
4 13 
4 15 
4 17 
4 23 
4 24 
4 27 
4 31 
4 32 
4 33 
4 34 
4 36 
4 37 
4 38 
4 44 
4 45 
4 48 
4 49 
4 50 
4 52 
4 55 
4 57 
4 58 
4 60 
4 61 
4 65 
4 66 
4 68 
4 69 
4 70 
4 71 
4 72 
4 73 
4 74 
4 76 
4 77 
4 79 
4 80 
4 83 
4 84 
4 86 
4 91 
4 95 
4 96 
4 98 
4 99 
4 100 
4 106 
4 108 
4 110 
4 111 
4 112 
4 115 
4 117 
4 118 
4 120 
4 122 
4 124 
4 125 
4 126 
4 127 
4 128 
5 6 
5 12 
5 14 
5 16 
5 18 
5 20 
5 21 
5 27 
5 29 
5 30 
5 31 
5 32 
5 33 
5 35 
5 36 
5 39 
5 40 
5 41 
5 42 
5 43 
5 44 
5 45 
5 47 
5 50 
5 51 
5 55 
5 56 
5 57 
5 58 
5 63 
5 65 
5 70 
5 71 
5 72 
5 73 
5 74 
5 75 
5 77 
5 80 
5 82 
5 83 
5 84 
5 85 
5 86 
5 90 
5 91 
5 97 
5 99 
5 100 
5 102 
5 103 
5 104 
5 106 
5 107 
5 110 
5 111 
5 112 
5 114 
5 117 
5 118 
5 121 
5 124 
5 125 
5 126 
5 127 
5 128 
6 9 
6 10 
6 11 
6 12 
6 13 
6 14 
6 15 
6 19 
6 21 
6 22 
6 26 
6 27 
6 29 
6 30 
6 32 
6 33 
6 35 
6 37 
6 40 
6 41 
6 42 
6 44 
6 46 
6 47 
6 49 
6 50 
6 52 
6 53 
6 55 
6 56 
6 57 
6 58 
6 62 
6 63 
6 64 
6 66 
6 67 
6 68 
6 69 
6 71 
6 72 
6 73 
6 75 
6 76 
6 77 
6 78 
6 80 
6 82 
6 83 
6 86 
6 87 
6 90 
6 92 
6 93 
6 95 
6 99 
6 100 
6 102 
6 104 
6 105 
6 106 
6 108 
6 111 
6 112 
6 113 
6 114 
6 115 
6 122 
6 123 
6 124 
6 125 
7 11 
7 12 
7 14 
7 16 
7 17 
7 19 
7 25 
7 31 
7 33 
7 34 
7 35 
7 41 
7 44 
7 45 
7 48 
7 51 
7 53 
7 58 
7 59 
7 60 
7 62 
7 64 
7 65 
7 69 
7 70 
7 77 
7 78 
7 79 
7 80 
7 81 
7 83 
7 84 
7 85 
7 89 
7 91 
7 93 
7 94 
7 95 
7 103 
7 106 
7 108 
7 110 
7 112 
7 113 
7 119 
7 122 
7 124 
7 127 
8 11 
8 14 
8 16 
8 19 
8 21 
8 23 
8 27 
8 30 
8 31 
8 32 
8 36 
8 37 
8 41 
8 43 
8 44 
8 45 
8 47 
8 49 
8 50 
8 51 
8 53 
8 54 
8 55 
8 61 
8 62 
8 64 
8 70 
8 71 
8 74 
8 76 
8 79 
8 80 
8 86 
8 87 
8 93 
8 94 
8 97 
8 99 
8 101 
8 103 
8 105 
8 107 
8 110 
8 111 
8 115 
8 116 
8 118 
8 124 
8 127 
8 128 
9 10 
9 11 
9 17 
9 18 
9 19 
9 20 
9 23 
9 24 
9 26 
9 27 
9 32 
9 34 
9 35 
9 36 
9 37 
9 41 
9 42 
9 47 
9 49 
9 50 
9 51 
9 52 
9 53 
9 54 
9 58 
9 60 
9 66 
9 67 
9 68 
9 69 
9 72 
9 73 
9 74 
9 75 
9 76 
9 80 
9 83 
9 86 
9 90 
9 91 
9 92 
9 94 
9 95 
9 96 
9 98 
9 100 
9 101 
9 102 
9 103 
9 104 
9 109 
9 111 
9 113 
9 114 
9 117 
9 118 
9 119 
9 120 
9 128 
10 12 
10 14 
10 15 
10 16 
10 17 
10 18 
10 19 
10 20 
10 22 
10 24 
10 28 
10 29 
10 30 
10 31 
10 32 
10 33 
10 34 
10 35 
10 40 
10 41 
10 42 
10 43 
10 46 
10 47 
10 49 
10 52 
10 54 
10 55 
10 56 
10 58 
10 60 
10 62 
10 65 
10 72 
10 75 
10 76 
10 79 
10 83 
10 86 
10 88 
10 90 
10 92 
10 95 
10 96 
10 97 
10 100 
10 104 
10 105 
10 107 
10 113 
10 114 
10 116 
10 117 
10 118 
10 119 
10 120 
10 121 
10 122 
10 123 
10 125 
10 126 
10 127 
11 12 
11 13 
11 14 
11 15 
11 16 
11 17 
11 23 
11 24 
11 25 
11 26 
11 30 
11 35 
11 39 
11 42 
11 44 
11 45 
11 47 
11 49 
11 51 
11 52 
11 53 
11 54 
11 55 
11 58 
11 62 
11 64 
11 65 
11 66 
11 68 
11 69 
11 70 
11 71 
11 73 
11 74 
11 77 
11 80 
11 82 
11 85 
11 91 
11 96 
11 98 
11 100 
11 101 
11 102 
11 103 
11 107 
11 108 
11 110 
11 111 
11 112 
11 117 
11 119 
11 125 
12 14 
12 16 
12 17 
12 18 
12 19 
12 20 
12 23 
12 24 
12 26 
12 27 
12 28 
12 30 
12 31 
12 33 
12 34 
12 36 
12 37 
12 38 
12 39 
12 40 
12 44 
12 46 
12 47 
12 49 
12 50 
12 53 
12 56 
12 57 
12 58 
12 59 
12 61 
12 62 
12 66 
12 68 
12 72 
12 74 
12 75 
12 76 
12 77 
12 79 
12 85 
12 87 
12 88 
12 91 
12 92 
12 93 
12 95 
12 97 
12 98 
12 101 
12 105 
12 107 
12 109 
12 113 
12 114 
12 118 
12 119 
12 120 
12 122 
12 123 
12 124 
12 125 
12 126 
12 127 
13 17 
13 21 
13 23 
13 24 
13 29 
13 32 
13 35 
13 36 
13 37 
13 38 
13 39 
13 40 
13 41 
13 43 
13 47 
13 48 
13 51 
13 52 
13 53 
13 54 
13 56 
13 57 
13 59 
13 60 
13 62 
13 63 
13 68 
13 69 
13 70 
13 71 
13 73 
13 74 
13 77 
13 80 
13 82 
13 83 
13 84 
13 85 
13 88 
13 92 
13 93 
13 94 
13 95 
13 97 
13 98 
13 99 
13 100 
13 102 
13 103 
13 104 
13 105 
13 108 
13 109 
13 110 
13 111 
13 114 
13 117 
13 118 
13 123 
13 128 
14 15 
14 16 
14 18 
14 20 
14 22 
14 23 
14 28 
14 30 
14 31 
14 32 
14 34 
14 35 
14 38 
14 40 
14 44 
14 46 
14 48 
14 49 
14 50 
14 51 
14 53 
14 55 
14 56 
14 58 
14 60 
14 61 
14 65 
14 67 
14 68 
14 70 
14 71 
14 73 
14 74 
14 76 
14 82 
14 86 
14 90 
14 94 
14 96 
14 97 
14 100 
14 102 
14 103 
14 105 
14 106 
14 107 
14 108 
14 109 
14 110 
14 111 
14 112 
14 113 
14 114 
14 116 
14 117 
14 118 
14 119 
14 121 
14 122 
14 124 
14 126 
14 127 
15 17 
15 21 
15 22 
15 25 
15 26 
15 29 
15 30 
15 31 
15 32 
15 34 
15 35 
15 36 
15 39 
15 42 
15 43 
15 44 
15 45 
15 46 
15 48 
15 49 
15 50 
15 51 
15 53 
15 54 
15 63 
15 64 
15 67 
15 68 
15 69 
15 70 
15 75 
15 76 
15 77 
15 81 
15 82 
15 83 
15 86 
15 88 
15 89 
15 90 
15 92 
15 95 
15 99 
15 102 
15 103 
15 104 
15 105 
15 106 
15 108 
15 109 
15 110 
15 111 
15 113 
15 117 
15 119 
15 121 
15 126 
15 128 
16 17 
16 18 
16 19 
16 20 
16 21 
16 24 
16 25 
16 28 
16 29 
16 30 
16 33 
16 35 
16 38 
16 39 
16 40 
16 41 
16 42 
16 43 
16 44 
16 45 
16 46 
16 47 
16 49 
16 50 
16 51 
16 52 
16 53 
16 56 
16 58 
16 59 
16 60 
16 61 
16 64 
16 65 
16 66 
16 68 
16 69 
16 70 
16 72 
16 73 
16 74 
16 75 
16 76 
16 77 
16 79 
16 81 
16 82 
16 84 
16 85 
16 89 
16 90 
16 91 
16 94 
16 98 
16 99 
16 102 
16 105 
16 106 
16 107 
16 111 
16 112 
16 113 
16 114 
16 116 
16 117 
16 118 
16 121 
16 124 
16 125 
16 127 
17 18 
17 21 
17 22 
17 23 
17 26 
17 27 
17 29 
17 30 
17 31 
17 32 
17 33 
17 36 
17 38 
17 40 
17 41 
17 42 
17 43 
17 45 
17 47 
17 48 
17 50 
17 52 
17 53 
17 54 
17 55 
17 59 
17 61 
17 63 
17 64 
17 65 
17 68 
17 69 
17 70 
17 71 
17 72 
17 74 
17 78 
17 81 
17 84 
17 87 
17 90 
17 97 
17 98 
17 104 
17 110 
17 111 
17 115 
17 118 
17 120 
17 121 
17 124 
17 125 
17 126 
17 128 
18 24 
18 26 
18 27 
18 28 
18 29 
18 36 
18 40 
18 43 
18 44 
18 47 
18 49 
18 50 
18 52 
18 53 
18 55 
18 58 
18 61 
18 62 
18 63 
18 66 
18 67 
18 68 
18 69 
18 70 
18 72 
18 75 
18 76 
18 78 
18 79 
18 82 
18 86 
18 87 
18 91 
18 92 
18 95 
18 96 
18 97 
18 98 
18 99 
18 102 
18 103 
18 105 
18 110 
18 111 
18 112 
18 114 
18 117 
18 118 
18 119 
18 120 
18 123 
18 124 
18 125 
18 126 
18 127 
18 128 
19 20 
19 24 
19 25 
19 28 
19 29 
19 30 
19 33 
19 34 
19 36 
19 38 
19 39 
19 42 
19 44 
19 45 
19 47 
19 48 
19 49 
19 54 
19 55 
19 58 
19 59 
19 63 
19 64 
19 66 
19 67 
19 68 
19 69 
19 70 
19 72 
19 73 
19 74 
19 75 
19 76 
19 78 
19 80 
19 81 
19 82 
19 83 
19 84 
19 85 
19 86 
19 87 
19 88 
19 90 
19 92 
19 93 
19 94 
19 95 
19 96 
19 97 
19 98 
19 100 
19 106 
19 107 
19 110 
19 111 
19 114 
19 116 
19 118 
19 119 
19 120 
19 121 
19 122 
19 125 
19 126 
19 128 
20 23 
20 24 
20 26 
20 28 
20 32 
20 33 
20 34 
20 39 
20 41 
20 42 
20 43 
20 45 
20 46 
20 50 
20 55 
20 57 
20 58 
20 60 
20 61 
20 62 
20 63 
20 64 
20 66 
20 69 
20 70 
20 72 
20 73 
20 74 
20 75 
20 76 
20 77 
20 78 
20 82 
20 84 
20 85 
20 87 
20 91 
20 93 
20 95 
20 96 
20 97 
20 98 
20 101 
20 102 
20 107 
20 108 
20 109 
20 113 
20 114 
20 116 
20 117 
20 118 
20 119 
20 120 
20 121 
20 122 
20 125 
20 126 
20 128 
21 25 
21 26 
21 28 
21 29 
21 30 
21 33 
21 34 
21 41 
21 43 
21 44 
21 47 
21 49 
21 53 
21 54 
21 58 
21 59 
21 60 
21 61 
21 62 
21 64 
21 65 
21 66 
21 69 
21 73 
21 75 
21 76 
21 78 
21 79 
21 81 
21 84 
21 85 
21 86 
21 88 
21 92 
21 94 
21 95 
21 97 
21 100 
21 101 
21 106 
21 107 
21 108 
21 109 
21 110 
21 111 
21 112 
21 113 
21 117 
21 118 
21 119 
21 121 
21 122 
21 124 
21 127 
21 128 
22 24 
22 25 
22 26 
22 27 
22 28 
22 29 
22 32 
22 33 
22 35 
22 39 
22 40 
22 42 
22 43 
22 45 
22 49 
22 50 
22 51 
22 53 
22 56 
22 58 
22 64 
22 65 
22 67 
22 68 
22 70 
22 71 
22 73 
22 76 
22 78 
22 80 
22 81 
22 82 
22 83 
22 85 
22 87 
22 89 
22 91 
22 94 
22 96 
22 97 
22 100 
22 101 
22 102 
22 103 
22 105 
22 106 
22 108 
22 109 
22 110 
22 111 
22 114 
22 121 
22 122 
22 125 
22 128 
23 24 
23 25 
23 29 
23 31 
23 32 
23 34 
23 36 
23 38 
23 39 
23 41 
23 42 
23 45 
23 46 
23 47 
23 48 
23 49 
23 51 
23 55 
23 56 
23 57 
23 61 
23 63 
23 65 
23 66 
23 71 
23 72 
23 75 
23 77 
23 79 
23 82 
23 83 
23 84 
23 86 
23 87 
23 88 
23 89 
23 90 
23 91 
23 92 
23 93 
23 98 
23 101 
23 103 
23 104 
23 105 
23 108 
23 109 
23 113 
23 115 
23 120 
23 127 
23 128 
24 26 
24 28 
24 30 
24 31 
24 34 
24 36 
24 37 
24 38 
24 40 
24 41 
24 43 
24 44 
24 45 
24 47 
24 49 
24 51 
24 52 
24 54 
24 56 
24 59 
24 62 
24 63 
24 65 
24 66 
24 67 
24 68 
24 69 
24 71 
24 72 
24 74 
24 75 
24 78 
24 82 
24 83 
24 86 
24 89 
24 90 
24 92 
24 93 
24 94 
24 96 
24 97 
24 99 
24 101 
24 103 
24 104 
24 106 
24 111 
24 112 
24 118 
24 119 
24 123 
24 124 
24 127 
24 128 
25 28 
25 30 
25 31 
25 33 
25 34 
25 35 
25 36 
25 37 
25 38 
25 39 
25 40 
25 41 
25 42 
25 45 
25 46 
25 47 
25 49 
25 50 
25 52 
25 53 
25 57 
25 59 
25 63 
25 64 
25 65 
25 66 
25 67 
25 68 
25 74 
25 75 
25 77 
25 78 
25 79 
25 80 
25 81 
25 82 
25 85 
25 86 
25 88 
25 89 
25 90 
25 92 
25 94 
25 97 
25 98 
25 99 
25 103 
25 105 
25 106 
25 107 
25 108 
25 109 
25 110 
25 111 
25 112 
25 113 
25 116 
25 117 
25 119 
25 120 
25 121 
25 123 
25 124 
25 126 
26 28 
26 31 
26 32 
26 33 
26 34 
26 35 
26 38 
26 43 
26 44 
26 45 
26 51 
26 56 
26 57 
26 58 
26 59 
26 60 
26 61 
26 64 
26 65 
26 69 
26 71 
26 72 
26 79 
26 81 
26 82 
26 83 
26 84 
26 85 
26 87 
26 94 
26 95 
26 103 
26 104 
26 106 
26 107 
26 108 
26 109 
26 110 
26 113 
26 116 
26 118 
26 119 
26 120 
26 122 
26 123 
26 124 
26 125 
26 126 
26 127 
27 29 
27 31 
27 32 
27 34 
27 36 
27 38 
27 42 
27 44 
27 47 
27 48 
27 50 
27 51 
27 52 
27 53 
27 55 
27 57 
27 59 
27 60 
27 63 
27 64 
27 65 
27 66 
27 68 
27 70 
27 76 
27 77 
27 78 
27 79 
27 81 
27 85 
27 86 
27 90 
27 95 
27 96 
27 97 
27 99 
27 101 
27 104 
27 105 
27 106 
27 107 
27 108 
27 109 
27 110 
27 112 
27 113 
27 114 
27 117 
27 121 
27 122 
27 124 
27 125 
28 29 
28 30 
28 32 
28 33 
28 36 
28 37 
28 39 
28 41 
28 42 
28 43 
28 47 
28 50 
28 52 
28 54 
28 55 
28 56 
28 57 
28 59 
28 60 
28 62 
28 64 
28 65 
28 67 
28 69 
28 72 
28 75 
28 79 
28 80 
28 87 
28 88 
28 89 
28 92 
28 97 
28 98 
28 99 
28 100 
28 101 
28 102 
28 103 
28 107 
28 108 
28 110 
28 112 
28 113 
28 114 
28 115 
28 122 
28 123 
28 124 
28 125 
28 128 
29 30 
29 32 
29 33 
29 34 
29 36 
29 38 
29 39 
29 42 
29 44 
29 45 
29 46 
29 47 
29 48 
29 51 
29 53 
29 56 
29 57 
29 58 
29 59 
29 60 
29 61 
29 62 
29 63 
29 66 
29 67 
29 69 
29 70 
29 71 
29 72 
29 73 
29 74 
29 75 
29 76 
29 78 
29 79 
29 80 
29 81 
29 82 
29 84 
29 85 
29 88 
29 89 
29 90 
29 92 
29 94 
29 95 
29 96 
29 97 
29 100 
29 102 
29 106 
29 107 
29 108 
29 109 
29 112 
29 113 
29 115 
29 117 
29 121 
29 122 
29 123 
29 124 
29 125 
29 126 
29 128 
30 32 
30 33 
30 34 
30 35 
30 36 
30 38 
30 40 
30 44 
30 45 
30 46 
30 48 
30 50 
30 51 
30 53 
30 54 
30 57 
30 58 
30 59 
30 60 
30 61 
30 62 
30 63 
30 65 
30 67 
30 68 
30 69 
30 70 
30 71 
30 73 
30 74 
30 77 
30 79 
30 80 
30 81 
30 86 
30 88 
30 89 
30 90 
30 93 
30 94 
30 96 
30 98 
30 110 
30 113 
30 119 
30 122 
30 124 
30 128 
31 32 
31 34 
31 35 
31 36 
31 37 
31 40 
31 47 
31 48 
31 49 
31 54 
31 56 
31 57 
31 59 
31 60 
31 61 
31 62 
31 66 
31 68 
31 69 
31 71 
31 73 
31 74 
31 77 
31 83 
31 88 
31 96 
31 99 
31 100 
31 101 
31 104 
31 107 
31 111 
31 112 
31 113 
31 118 
31 119 
31 122 
31 125 
32 33 
32 36 
32 37 
32 39 
32 42 
32 43 
32 44 
32 47 
32 48 
32 50 
32 51 
32 54 
32 55 
32 56 
32 58 
32 63 
32 65 
32 66 
32 69 
32 70 
32 73 
32 75 
32 76 
32 77 
32 85 
32 89 
32 91 
32 92 
32 96 
32 98 
32 100 
32 103 
32 106 
32 107 
32 111 
32 112 
32 113 
32 116 
32 118 
32 119 
32 120 
32 121 
32 123 
32 125 
32 127 
33 34 
33 35 
33 37 
33 41 
33 42 
33 45 
33 49 
33 50 
33 51 
33 53 
33 56 
33 57 
33 58 
33 60 
33 61 
33 62 
33 63 
33 64 
33 65 
33 67 
33 68 
33 69 
33 71 
33 73 
33 75 
33 76 
33 77 
33 78 
33 83 
33 85 
33 87 
33 92 
33 93 
33 94 
33 95 
33 98 
33 99 
33 100 
33 101 
33 104 
33 105 
33 106 
33 108 
33 110 
33 111 
33 113 
33 114 
33 115 
33 118 
33 120 
33 121 
33 125 
33 127 
34 36 
34 37 
34 41 
34 42 
34 45 
34 46 
34 47 
34 48 
34 50 
34 51 
34 52 
34 53 
34 54 
34 55 
34 56 
34 60 
34 62 
34 65 
34 67 
34 68 
34 69 
34 70 
34 71 
34 74 
34 75 
34 79 
34 80 
34 81 
34 82 
34 83 
34 84 
34 85 
34 87 
34 89 
34 94 
34 96 
34 98 
34 99 
34 103 
34 106 
34 107 
34 109 
34 110 
34 114 
34 115 
34 118 
34 119 
34 120 
34 121 
34 125 
34 127 
35 40 
35 41 
35 43 
35 44 
35 46 
35 48 
35 51 
35 52 
35 58 
35 63 
35 68 
35 70 
35 71 
35 72 
35 75 
35 76 
35 77 
35 78 
35 80 
35 81 
35 83 
35 84 
35 86 
35 87 
35 89 
35 91 
35 92 
35 93 
35 97 
35 98 
35 99 
35 100 
35 102 
35 103 
35 105 
35 106 
35 107 
35 108 
35 110 
35 111 
35 112 
35 114 
35 115 
35 116 
35 122 
35 124 
35 125 
35 126 
35 128 
36 37 
36 40 
36 45 
36 46 
36 47 
36 48 
36 52 
36 53 
36 55 
36 56 
36 58 
36 59 
36 60 
36 64 
36 67 
36 69 
36 70 
36 71 
36 74 
36 75 
36 77 
36 81 
36 83 
36 85 
36 86 
36 87 
36 89 
36 90 
36 91 
36 93 
36 96 
36 97 
36 101 
36 104 
36 105 
36 107 
36 108 
36 114 
36 115 
36 117 
36 119 
36 121 
36 125 
36 126 
36 128 
37 38 
37 39 
37 40 
37 44 
37 46 
37 47 
37 48 
37 52 
37 53 
37 55 
37 58 
37 64 
37 65 
37 67 
37 69 
37 70 
37 72 
37 73 
37 75 
37 78 
37 80 
37 82 
37 83 
37 84 
37 86 
37 87 
37 89 
37 90 
37 91 
37 92 
37 93 
37 96 
37 97 
37 100 
37 101 
37 102 
37 104 
37 105 
37 106 
37 107 
37 109 
37 111 
37 113 
37 114 
37 116 
37 118 
37 121 
37 122 
37 123 
37 124 
37 125 
38 40 
38 44 
38 45 
38 47 
38 48 
38 49 
38 50 
38 51 
38 52 
38 54 
38 56 
38 57 
38 58 
38 59 
38 62 
38 63 
38 65 
38 67 
38 68 
38 70 
38 72 
38 77 
38 79 
38 82 
38 83 
38 87 
38 88 
38 90 
38 92 
38 94 
38 95 
38 96 
38 97 
38 98 
38 100 
38 102 
38 103 
38 104 
38 109 
38 110 
38 114 
38 115 
38 117 
38 119 
38 123 
38 125 
38 126 
38 127 
38 128 
39 40 
39 42 
39 43 
39 46 
39 49 
39 52 
39 54 
39 55 
39 56 
39 57 
39 58 
39 60 
39 64 
39 65 
39 66 
39 68 
39 73 
39 76 
39 78 
39 79 
39 81 
39 82 
39 83 
39 87 
39 88 
39 89 
39 91 
39 92 
39 95 
39 96 
39 97 
39 98 
39 99 
39 100 
39 103 
39 106 
39 107 
39 110 
39 111 
39 112 
39 113 
39 114 
39 115 
39 121 
39 124 
39 125 
39 126 
39 127 
40 41 
40 42 
40 46 
40 51 
40 52 
40 54 
40 55 
40 57 
40 58 
40 59 
40 62 
40 65 
40 67 
40 68 
40 70 
40 71 
40 72 
40 74 
40 76 
40 77 
40 79 
40 81 
40 85 
40 86 
40 87 
40 88 
40 92 
40 93 
40 94 
40 95 
40 100 
40 101 
40 103 
40 104 
40 105 
40 107 
40 108 
40 109 
40 111 
40 112 
40 113 
40 115 
40 116 
40 119 
40 128 
41 42 
41 43 
41 44 
41 45 
41 46 
41 48 
41 51 
41 53 
41 54 
41 55 
41 57 
41 60 
41 61 
41 62 
41 63 
41 65 
41 66 
41 67 
41 69 
41 71 
41 73 
41 74 
41 75 
41 76 
41 79 
41 80 
41 81 
41 83 
41 84 
41 86 
41 88 
41 89 
41 90 
41 91 
41 94 
41 95 
41 100 
41 101 
41 102 
41 105 
41 109 
41 110 
41 111 
41 113 
41 115 
41 116 
41 119 
41 120 
41 121 
41 122 
41 123 
41 125 
41 126 
41 127 
42 44 
42 46 
42 50 
42 52 
42 53 
42 55 
42 58 
42 60 
42 61 
42 64 
42 67 
42 68 
42 70 
42 71 
42 74 
42 80 
42 81 
42 85 
42 86 
42 88 
42 92 
42 93 
42 94 
42 97 
42 102 
42 104 
42 105 
42 107 
42 108 
42 109 
42 112 
42 114 
42 115 
42 116 
42 118 
42 119 
42 120 
42 121 
42 124 
42 125 
42 127 
42 128 
43 44 
43 45 
43 48 
43 50 
43 52 
43 53 
43 57 
43 58 
43 60 
43 61 
43 62 
43 63 
43 70 
43 71 
43 75 
43 76 
43 81 
43 82 
43 84 
43 86 
43 87 
43 90 
43 91 
43 94 
43 95 
43 97 
43 99 
43 103 
43 104 
43 109 
43 112 
43 113 
43 115 
43 123 
43 124 
43 125 
43 126 
44 45 
44 49 
44 56 
44 58 
44 60 
44 63 
44 64 
44 65 
44 67 
44 68 
44 70 
44 73 
44 75 
44 79 
44 81 
44 83 
44 85 
44 87 
44 88 
44 89 
44 93 
44 95 
44 98 
44 99 
44 102 
44 103 
44 106 
44 107 
44 108 
44 109 
44 111 
44 114 
44 115 
44 117 
44 118 
44 119 
44 121 
44 122 
44 124 
44 127 
45 46 
45 48 
45 54 
45 55 
45 56 
45 57 
45 58 
45 59 
45 67 
45 68 
45 69 
45 71 
45 72 
45 73 
45 75 
45 77 
45 79 
45 80 
45 81 
45 82 
45 84 
45 85 
45 86 
45 87 
45 90 
45 91 
45 92 
45 93 
45 95 
45 96 
45 97 
45 99 
45 100 
45 101 
45 103 
45 105 
45 106 
45 109 
45 110 
45 112 
45 113 
45 114 
45 115 
45 116 
45 118 
45 119 
45 121 
45 123 
45 124 
45 128 
46 47 
46 48 
46 54 
46 56 
46 57 
46 58 
46 59 
46 61 
46 62 
46 63 
46 68 
46 69 
46 70 
46 71 
46 73 
46 74 
46 76 
46 77 
46 83 
46 84 
46 85 
46 88 
46 94 
46 96 
46 98 
46 99 
46 100 
46 101 
46 104 
46 105 
46 106 
46 110 
46 112 
46 114 
46 116 
46 117 
46 118 
46 119 
46 121 
46 123 
46 124 
46 125 
46 126 
47 52 
47 57 
47 60 
47 61 
47 63 
47 64 
47 68 
47 70 
47 71 
47 74 
47 76 
47 77 
47 80 
47 83 
47 85 
47 86 
47 87 
47 88 
47 89 
47 90 
47 93 
47 96 
47 101 
47 104 
47 105 
47 106 
47 107 
47 109 
47 111 
47 112 
47 113 
47 116 
47 119 
47 121 
47 123 
47 124 
47 125 
47 128 
48 49 
48 50 
48 51 
48 54 
48 55 
48 58 
48 61 
48 64 
48 65 
48 66 
48 68 
48 69 
48 72 
48 75 
48 76 
48 77 
48 78 
48 81 
48 82 
48 86 
48 87 
48 89 
48 90 
48 92 
48 94 
48 95 
48 96 
48 98 
48 100 
48 101 
48 104 
48 105 
48 107 
48 109 
48 110 
48 115 
48 116 
48 117 
48 119 
48 120 
48 122 
48 125 
48 126 
48 127 
49 51 
49 52 
49 55 
49 56 
49 57 
49 59 
49 61 
49 63 
49 67 
49 68 
49 69 
49 71 
49 72 
49 73 
49 76 
49 82 
49 83 
49 85 
49 86 
49 87 
49 88 
49 89 
49 91 
49 93 
49 94 
49 95 
49 101 
49 102 
49 103 
49 105 
49 106 
49 107 
49 108 
49 110 
49 111 
49 113 
49 117 
49 119 
49 120 
49 121 
49 123 
49 126 
49 127 
50 52 
50 54 
50 55 
50 57 
50 58 
50 61 
50 66 
50 67 
50 68 
50 69 
50 70 
50 80 
50 81 
50 84 
50 85 
50 87 
50 88 
50 91 
50 92 
50 93 
50 94 
50 95 
50 97 
50 98 
50 99 
50 105 
50 107 
50 111 
50 115 
50 118 
50 119 
50 121 
50 125 
51 54 
51 56 
51 57 
51 58 
51 60 
51 61 
51 65 
51 67 
51 68 
51 69 
51 71 
51 72 
51 73 
51 74 
51 75 
51 78 
51 80 
51 81 
51 82 
51 83 
51 87 
51 89 
51 91 
51 93 
51 94 
51 96 
51 98 
51 99 
51 100 
51 102 
51 104 
51 106 
51 107 
51 108 
51 110 
51 112 
51 113 
51 115 
51 116 
51 117 
51 118 
51 119 
51 120 
51 121 
51 122 
51 123 
51 124 
51 126 
51 127 
52 53 
52 58 
52 60 
52 62 
52 67 
52 70 
52 71 
52 72 
52 75 
52 76 
52 77 
52 79 
52 83 
52 84 
52 85 
52 86 
52 88 
52 89 
52 90 
52 91 
52 92 
52 93 
52 94 
52 95 
52 99 
52 104 
52 105 
52 107 
52 109 
52 110 
52 111 
52 112 
52 113 
52 114 
52 115 
52 117 
52 120 
52 121 
52 122 
52 123 
52 125 
52 127 
53 55 
53 58 
53 60 
53 61 
53 62 
53 64 
53 66 
53 67 
53 68 
53 69 
53 70 
53 71 
53 72 
53 74 
53 75 
53 76 
53 77 
53 78 
53 80 
53 81 
53 82 
53 83 
53 85 
53 86 
53 88 
53 89 
53 90 
53 91 
53 94 
53 95 
53 96 
53 100 
53 103 
53 105 
53 106 
53 108 
53 110 
53 112 
53 119 
53 120 
53 121 
53 122 
53 126 
54 55 
54 56 
54 57 
54 58 
54 60 
54 61 
54 62 
54 64 
54 67 
54 69 
54 70 
54 71 
54 72 
54 73 
54 75 
54 76 
54 77 
54 78 
54 79 
54 80 
54 81 
54 82 
54 83 
54 85 
54 90 
54 91 
54 92 
54 94 
54 99 
54 100 
54 103 
54 104 
54 105 
54 108 
54 109 
54 110 
54 111 
54 112 
54 115 
54 116 
54 117 
54 120 
54 121 
54 126 
55 56 
55 57 
55 58 
55 59 
55 60 
55 61 
55 64 
55 66 
55 67 
55 68 
55 73 
55 74 
55 75 
55 78 
55 83 
55 84 
55 86 
55 87 
55 88 
55 89 
55 90 
55 92 
55 93 
55 97 
55 98 
55 101 
55 102 
55 103 
55 108 
55 110 
55 111 
55 113 
55 114 
55 115 
55 116 
55 119 
55 121 
55 122 
55 124 
55 127 
55 128 
56 57 
56 58 
56 59 
56 60 
56 61 
56 63 
56 64 
56 68 
56 70 
56 71 
56 72 
56 73 
56 75 
56 77 
56 78 
56 80 
56 81 
56 83 
56 84 
56 85 
56 86 
56 90 
56 91 
56 93 
56 94 
56 97 
56 98 
56 99 
56 101 
56 102 
56 103 
56 106 
56 107 
56 112 
56 113 
56 117 
56 119 
56 122 
56 125 
56 126 
56 127 
57 58 
57 59 
57 61 
57 63 
57 64 
57 65 
57 66 
57 68 
57 69 
57 73 
57 74 
57 75 
57 78 
57 79 
57 80 
57 83 
57 87 
57 89 
57 90 
57 91 
57 94 
57 96 
57 97 
57 99 
57 105 
57 106 
57 107 
57 108 
57 109 
57 110 
57 114 
57 115 
57 116 
57 119 
57 120 
57 121 
57 122 
57 123 
57 124 
57 125 
57 126 
57 127 
58 61 
58 62 
58 64 
58 65 
58 70 
58 71 
58 72 
58 73 
58 76 
58 77 
58 80 
58 81 
58 83 
58 84 
58 91 
58 92 
58 94 
58 96 
58 107 
58 108 
58 110 
58 111 
58 112 
58 115 
58 116 
58 119 
58 121 
58 123 
58 124 
58 126 
58 127 
59 60 
59 63 
59 64 
59 68 
59 69 
59 70 
59 71 
59 75 
59 77 
59 78 
59 80 
59 81 
59 83 
59 84 
59 86 
59 91 
59 92 
59 93 
59 94 
59 97 
59 99 
59 102 
59 103 
59 105 
59 106 
59 110 
59 112 
59 114 
59 115 
59 120 
59 121 
59 126 
59 127 
60 61 
60 63 
60 65 
60 70 
60 71 
60 75 
60 76 
60 77 
60 78 
60 80 
60 86 
60 87 
60 92 
60 93 
60 94 
60 97 
60 98 
60 99 
60 105 
60 106 
60 111 
60 115 
60 116 
60 119 
60 124 
60 125 
60 128 
61 65 
61 68 
61 69 
61 71 
61 72 
61 73 
61 74 
61 76 
61 78 
61 79 
61 80 
61 83 
61 84 
61 85 
61 87 
61 89 
61 93 
61 94 
61 96 
61 98 
61 99 
61 100 
61 101 
61 102 
61 106 
61 107 
61 111 
61 112 
61 115 
61 116 
61 118 
61 119 
61 123 
61 124 
61 125 
62 63 
62 66 
62 67 
62 69 
62 72 
62 74 
62 76 
62 79 
62 81 
62 85 
62 86 
62 87 
62 89 
62 91 
62 93 
62 94 
62 96 
62 97 
62 98 
62 102 
62 103 
62 105 
62 106 
62 107 
62 108 
62 111 
62 115 
62 117 
62 119 
62 120 
62 121 
62 122 
62 123 
62 125 
62 127 
62 128 
63 66 
63 67 
63 68 
63 69 
63 70 
63 76 
63 77 
63 80 
63 81 
63 83 
63 84 
63 86 
63 89 
63 91 
63 92 
63 93 
63 95 
63 96 
63 100 
63 101 
63 102 
63 105 
63 106 
63 107 
63 109 
63 111 
63 115 
63 116 
63 117 
63 118 
63 120 
63 121 
63 122 
63 123 
63 128 
64 66 
64 67 
64 68 
64 69 
64 71 
64 72 
64 73 
64 76 
64 78 
64 80 
64 81 
64 82 
64 84 
64 85 
64 87 
64 89 
64 90 
64 92 
64 93 
64 102 
64 104 
64 106 
64 108 
64 109 
64 111 
64 112 
64 115 
64 117 
64 120 
64 121 
64 122 
64 123 
64 124 
64 125 
64 126 
64 127 
64 128 
65 66 
65 67 
65 68 
65 69 
65 70 
65 76 
65 79 
65 81 
65 83 
65 86 
65 87 
65 90 
65 92 
65 93 
65 96 
65 97 
65 98 
65 99 
65 103 
65 106 
65 107 
65 108 
65 109 
65 111 
65 115 
65 120 
65 121 
65 122 
65 123 
65 125 
65 126 
65 128 
66 67 
66 69 
66 71 
66 73 
66 74 
66 75 
66 78 
66 79 
66 82 
66 83 
66 84 
66 86 
66 88 
66 90 
66 92 
66 93 
66 94 
66 96 
66 97 
66 98 
66 102 
66 104 
66 108 
66 109 
66 113 
66 114 
66 116 
66 117 
66 118 
66 119 
66 122 
66 124 
66 127 
67 68 
67 69 
67 74 
67 76 
67 77 
67 79 
67 81 
67 83 
67 89 
67 90 
67 92 
67 95 
67 98 
67 99 
67 101 
67 104 
67 105 
67 107 
67 108 
67 109 
67 111 
67 114 
67 118 
67 121 
67 122 
67 123 
67 127 
68 72 
68 73 
68 74 
68 75 
68 76 
68 77 
68 78 
68 79 
68 80 
68 82 
68 83 
68 84 
68 85 
68 89 
68 90 
68 92 
68 93 
68 99 
68 101 
68 102 
68 103 
68 114 
68 117 
68 119 
68 121 
68 122 
68 123 
68 127 
68 128 
69 71 
69 76 
69 77 
69 80 
69 81 
69 82 
69 83 
69 84 
69 86 
69 88 
69 90 
69 91 
69 93 
69 94 
69 95 
69 97 
69 100 
69 102 
69 104 
69 107 
69 110 
69 113 
69 115 
69 116 
69 118 
69 120 
69 122 
69 123 
69 126 
69 127 
69 128 
70 73 
70 74 
70 75 
70 77 
70 78 
70 82 
70 83 
70 85 
70 86 
70 87 
70 89 
70 91 
70 92 
70 95 
70 97 
70 98 
70 99 
70 101 
70 104 
70 106 
70 107 
70 108 
70 111 
70 112 
70 113 
70 114 
70 116 
70 119 
70 121 
70 123 
70 126 
71 72 
71 73 
71 78 
71 79 
71 83 
71 87 
71 88 
71 89 
71 90 
71 96 
71 97 
71 98 
71 103 
71 110 
71 111 
71 112 
71 113 
71 115 
71 119 
71 120 
71 121 
71 123 
71 125 
72 73 
72 79 
72 81 
72 82 
72 88 
72 89 
72 91 
72 93 
72 95 
72 98 
72 99 
72 101 
72 102 
72 103 
72 104 
72 105 
72 106 
72 107 
72 108 
72 109 
72 110 
72 112 
72 115 
72 116 
72 117 
72 121 
72 124 
73 75 
73 76 
73 79 
73 83 
73 84 
73 85 
73 87 
73 89 
73 90 
73 92 
73 95 
73 96 
73 97 
73 98 
73 100 
73 104 
73 105 
73 107 
73 110 
73 113 
73 114 
73 122 
73 123 
73 126 
73 127 
73 128 
74 77 
74 78 
74 79 
74 81 
74 83 
74 84 
74 85 
74 89 
74 95 
74 97 
74 98 
74 99 
74 100 
74 101 
74 106 
74 108 
74 112 
74 113 
74 117 
74 118 
74 119 
74 120 
74 122 
74 124 
74 125 
74 126 
74 127 
75 76 
75 78 
75 81 
75 83 
75 84 
75 85 
75 86 
75 87 
75 88 
75 90 
75 95 
75 97 
75 98 
75 100 
75 101 
75 104 
75 105 
75 107 
75 108 
75 112 
75 114 
75 116 
75 118 
75 120 
75 126 
75 127 
75 128 
76 77 
76 79 
76 80 
76 81 
76 83 
76 85 
76 86 
76 89 
76 90 
76 94 
76 95 
76 98 
76 101 
76 102 
76 103 
76 104 
76 105 
76 107 
76 108 
76 109 
76 110 
76 111 
76 112 
76 113 
76 114 
76 117 
76 121 
76 123 
76 124 
77 79 
77 81 
77 82 
77 84 
77 86 
77 88 
77 89 
77 92 
77 93 
77 95 
77 96 
77 99 
77 100 
77 103 
77 104 
77 105 
77 106 
77 107 
77 117 
77 119 
77 121 
77 122 
77 123 
77 125 
77 126 
78 79 
78 82 
78 83 
78 84 
78 86 
78 90 
78 91 
78 92 
78 93 
78 95 
78 96 
78 99 
78 101 
78 103 
78 106 
78 113 
78 114 
78 115 
78 119 
78 122 
78 125 
79 80 
79 81 
79 85 
79 87 
79 88 
79 91 
79 92 
79 93 
79 94 
79 99 
79 100 
79 101 
79 103 
79 104 
79 110 
79 113 
79 114 
79 116 
79 117 
79 118 
79 121 
79 123 
79 124 
79 127 
80 81 
80 82 
80 83 
80 84 
80 85 
80 88 
80 89 
80 90 
80 91 
80 92 
80 93 
80 97 
80 98 
80 101 
80 106 
80 107 
80 110 
80 111 
80 113 
80 115 
80 118 
80 119 
80 121 
80 126 
80 128 
81 82 
81 83 
81 84 
81 87 
81 88 
81 90 
81 91 
81 93 
81 98 
81 102 
81 103 
81 109 
81 110 
81 111 
81 112 
81 113 
81 115 
81 116 
81 120 
81 122 
81 124 
81 125 
81 128 
82 83 
82 84 
82 85 
82 88 
82 91 
82 94 
82 96 
82 98 
82 99 
82 100 
82 101 
82 103 
82 104 
82 105 
82 106 
82 110 
82 111 
82 112 
82 113 
82 117 
82 121 
82 123 
82 125 
82 126 
83 84 
83 85 
83 91 
83 92 
83 94 
83 95 
83 96 
83 98 
83 99 
83 100 
83 101 
83 104 
83 105 
83 106 
83 107 
83 108 
83 109 
83 110 
83 113 
83 114 
83 117 
83 118 
83 120 
83 121 
83 122 
83 123 
83 124 
83 125 
83 126 
83 128 
84 86 
84 87 
84 88 
84 89 
84 93 
84 94 
84 96 
84 97 
84 99 
84 100 
84 102 
84 105 
84 107 
84 108 
84 109 
84 110 
84 113 
84 114 
84 115 
84 118 
84 120 
84 121 
84 122 
84 123 
84 125 
84 128 
85 86 
85 88 
85 89 
85 90 
85 92 
85 94 
85 95 
85 96 
85 102 
85 103 
85 105 
85 108 
85 109 
85 112 
85 120 
85 122 
85 123 
85 126 
86 89 
86 91 
86 93 
86 94 
86 95 
86 96 
86 98 
86 102 
86 103 
86 106 
86 107 
86 108 
86 110 
86 114 
86 116 
86 117 
86 118 
86 120 
86 123 
86 125 
86 126 
86 127 
87 88 
87 89 
87 91 
87 92 
87 94 
87 102 
87 104 
87 105 
87 107 
87 109 
87 114 
87 117 
87 118 
87 119 
87 120 
87 122 
87 126 
87 127 
88 89 
88 90 
88 91 
88 92 
88 95 
88 96 
88 97 
88 98 
88 99 
88 100 
88 101 
88 104 
88 105 
88 106 
88 108 
88 109 
88 112 
88 115 
88 117 
88 119 
88 121 
89 93 
89 95 
89 96 
89 98 
89 99 
89 100 
89 101 
89 105 
89 106 
89 107 
89 109 
89 110 
89 114 
89 115 
89 117 
89 118 
89 119 
89 124 
89 125 
89 126 
90 91 
90 92 
90 93 
90 95 
90 97 
90 98 
90 99 
90 100 
90 103 
90 104 
90 105 
90 107 
90 113 
90 114 
90 117 
90 118 
90 120 
90 123 
90 125 
90 126 
90 127 
91 93 
91 95 
91 96 
91 97 
91 99 
91 100 
91 101 
91 104 
91 105 
91 106 
91 107 
91 111 
91 112 
91 118 
91 119 
91 120 
91 121 
91 122 
91 124 
91 125 
91 126 
91 128 
92 95 
92 99 
92 100 
92 102 
92 110 
92 114 
92 115 
92 116 
92 117 
92 118 
92 119 
92 122 
92 123 
92 125 
92 126 
93 96 
93 99 
93 102 
93 103 
93 104 
93 107 
93 108 
93 110 
93 115 
93 116 
93 118 
93 119 
93 120 
93 121 
93 123 
93 126 
93 127 
94 96 
94 99 
94 104 
94 106 
94 107 
94 108 
94 109 
94 111 
94 118 
94 121 
94 122 
94 123 
94 125 
94 127 
94 128 
95 96 
95 97 
95 99 
95 103 
95 104 
95 107 
95 110 
95 114 
95 117 
95 119 
95 120 
95 121 
95 124 
95 125 
95 127 
96 97 
96 99 
96 103 
96 106 
96 107 
96 108 
96 109 
96 111 
96 112 
96 113 
96 114 
96 115 
96 116 
96 117 
96 118 
96 123 
96 126 
96 128 
97 100 
97 101 
97 102 
97 104 
97 105 
97 110 
97 112 
97 115 
97 117 
97 121 
97 123 
97 124 
97 126 
98 103 
98 104 
98 105 
98 106 
98 107 
98 109 
98 110 
98 111 
98 112 
98 115 
98 118 
98 119 
98 120 
98 121 
98 122 
98 123 
98 124 
99 101 
99 102 
99 104 
99 105 
99 107 
99 108 
99 117 
99 118 
99 120 
99 121 
99 124 
99 125 
100 102 
100 103 
100 106 
100 108 
100 110 
100 112 
100 115 
100 117 
100 118 
100 119 
100 121 
100 123 
100 124 
100 125 
100 127 
101 106 
101 107 
101 108 
101 110 
101 111 
101 113 
101 114 
101 119 
101 121 
101 122 
101 124 
101 125 
101 126 
101 127 
101 128 
102 103 
102 104 
102 105 
102 106 
102 107 
102 109 
102 113 
102 115 
102 116 
102 118 
102 119 
102 121 
102 123 
102 125 
103 105 
103 109 
103 111 
103 112 
103 114 
103 117 
103 121 
103 122 
103 123 
103 125 
103 126 
103 127 
104 105 
104 106 
104 108 
104 110 
104 112 
104 114 
104 115 
104 119 
104 121 
104 122 
104 123 
104 125 
104 126 
104 127 
104 128 
105 106 
105 111 
105 113 
105 122 
105 123 
105 127 
106 107 
106 112 
106 116 
106 117 
106 118 
106 120 
106 126 
106 127 
107 108 
107 109 
107 113 
107 114 
107 116 
107 121 
107 123 
107 124 
107 126 
107 127 
107 128 
108 109 
108 111 
108 113 
108 114 
108 117 
108 118 
108 121 
108 126 
109 110 
109 112 
109 113 
109 114 
109 115 
109 116 
109 117 
109 119 
109 121 
109 126 
109 128 
110 111 
110 112 
110 114 
110 117 
110 120 
110 121 
110 122 
110 125 
110 126 
110 128 
111 114 
111 118 
111 119 
111 120 
111 121 
111 123 
111 125 
111 126 
111 128 
112 115 
112 118 
112 120 
112 121 
112 122 
112 125 
112 126 
112 128 
113 115 
113 116 
113 117 
113 119 
113 121 
113 122 
113 123 
113 124 
113 126 
114 115 
114 116 
114 120 
114 121 
114 122 
114 123 
114 124 
114 128 
115 116 
115 118 
115 119 
115 121 
115 124 
115 125 
115 126 
115 127 
116 118 
116 120 
116 121 
116 122 
116 128 
117 118 
117 120 
117 121 
117 122 
117 123 
117 126 
117 127 
117 128 
118 120 
118 123 
118 124 
118 125 
118 126 
118 127 
119 122 
119 123 
119 125 
119 128 
120 124 
122 123 
122 124 
122 126 
122 127 
122 128 
123 124 
123 126 
123 127 
124 125 
124 126 
124 127 
124 128 
125 127 
125 128 
127 128 
