128 1279
1
2
3
4
5
6
7
8
9
10
11
12
13
14
15
16
17
18
19
20
21
22
23
24
25
26
27
28
29
30
31
32
33
34
35
36
37
38
39
40
41
42
43
44
45
46
47
48
49
50
51
52
53
54
55
56
57
58
59
60
61
62
63
64
65
66
67
68
69
70
71
72
73
74
75
76
77
78
79
80
81
82
83
84
85
86
87
88
89
90
91
92
93
94
95
96
97
98
99
100
101
102
103
104
105
106
107
108
109
110
111
112
113
114
115
116
117
118
119
120
121
122
123
124
125
126
127
128
1 18 
1 22 
1 28 
1 40 
1 45 
1 46 
1 55 
1 57 
1 58 
1 63 
1 69 
1 71 
1 74 
1 79 
1 94 
1 100 
1 105 
1 116 
1 123 
1 125 
2 8 
2 20 
2 22 
2 36 
2 45 
2 46 
2 53 
2 54 
2 60 
2 62 
2 64 
2 67 
2 75 
2 78 
2 97 
2 103 
2 105 
2 106 
2 107 
2 111 
2 119 
2 122 
2 123 
3 10 
3 11 
3 20 
3 21 
3 26 
3 27 
3 34 
3 35 
3 38 
3 51 
3 55 
3 62 
3 73 
3 75 
3 89 
3 92 
3 94 
3 99 
3 101 
3 114 
4 25 
4 32 
4 37 
4 41 
4 49 
4 55 
4 61 
4 68 
4 72 
4 75 
4 79 
4 85 
4 106 
4 108 
4 110 
4 112 
4 113 
4 120 
4 125 
5 6 
5 8 
5 13 
5 26 
5 29 
5 31 
5 33 
5 43 
5 46 
5 48 
5 53 
5 54 
5 57 
5 58 
5 61 
5 66 
5 81 
5 82 
5 85 
5 93 
5 101 
5 105 
6 8 
6 11 
6 17 
6 18 
6 23 
6 32 
6 46 
6 47 
6 48 
6 51 
6 55 
6 61 
6 65 
6 66 
6 69 
6 71 
6 88 
6 92 
6 102 
6 108 
6 117 
6 119 
6 122 
7 9 
7 21 
7 24 
7 27 
7 29 
7 30 
7 36 
7 39 
7 52 
7 57 
7 58 
7 67 
7 68 
7 74 
7 77 
7 81 
7 92 
7 94 
7 96 
7 102 
7 104 
7 119 
8 12 
8 13 
8 15 
8 19 
8 27 
8 36 
8 39 
8 41 
8 58 
8 60 
8 73 
8 76 
8 91 
8 100 
8 102 
8 106 
8 110 
8 115 
8 121 
8 125 
9 10 
9 17 
9 36 
9 38 
9 45 
9 48 
9 66 
9 67 
9 81 
9 83 
9 87 
9 91 
9 92 
9 95 
9 109 
9 112 
9 120 
10 18 
10 24 
10 38 
10 49 
10 56 
10 60 
10 65 
10 67 
10 78 
10 79 
10 85 
10 92 
10 93 
10 109 
10 113 
10 114 
11 20 
11 29 
11 40 
11 42 
11 44 
11 48 
11 51 
11 52 
11 53 
11 58 
11 61 
11 68 
11 78 
11 81 
11 89 
11 90 
11 95 
11 106 
11 128 
12 17 
12 23 
12 36 
12 37 
12 54 
12 62 
12 64 
12 75 
12 79 
12 82 
12 84 
12 94 
12 100 
12 118 
13 22 
13 23 
13 25 
13 29 
13 33 
13 34 
13 45 
13 48 
13 53 
13 64 
13 70 
13 71 
13 73 
13 74 
13 75 
13 80 
13 82 
13 88 
13 90 
13 95 
13 110 
13 114 
13 124 
13 125 
14 19 
14 26 
14 28 
14 30 
14 34 
14 45 
14 60 
14 64 
14 66 
14 76 
14 81 
14 92 
14 102 
14 106 
14 111 
14 120 
15 38 
15 43 
15 44 
15 48 
15 57 
15 59 
15 67 
15 71 
15 83 
15 92 
15 96 
16 32 
16 40 
16 60 
16 74 
16 90 
16 94 
16 96 
16 98 
16 99 
16 101 
16 107 
16 128 
17 21 
17 22 
17 26 
17 36 
17 38 
17 44 
17 49 
17 51 
17 55 
17 59 
17 71 
17 83 
17 90 
17 101 
17 105 
17 122 
17 124 
18 21 
18 32 
18 33 
18 34 
18 35 
18 50 
18 52 
18 58 
18 72 
18 73 
18 76 
18 85 
18 103 
18 114 
18 115 
19 20 
19 38 
19 39 
19 46 
19 51 
19 53 
19 55 
19 61 
19 66 
19 72 
19 73 
19 76 
19 77 
19 90 
19 97 
19 98 
19 108 
19 119 
19 121 
20 23 
20 25 
20 27 
20 31 
20 32 
20 35 
20 45 
20 46 
20 48 
20 49 
20 54 
20 55 
20 56 
20 58 
20 60 
20 62 
20 72 
20 75 
20 78 
20 79 
20 85 
20 88 
20 91 
20 99 
20 101 
20 102 
20 109 
20 128 
21 24 
21 28 
21 29 
21 33 
21 35 
21 44 
21 51 
21 56 
21 61 
21 62 
21 74 
21 82 
21 85 
21 86 
21 103 
21 120 
21 128 
22 27 
22 30 
22 46 
22 48 
22 54 
22 55 
22 64 
22 68 
22 72 
22 78 
22 81 
22 87 
22 97 
22 100 
22 110 
22 128 
23 24 
23 31 
23 38 
23 42 
23 66 
23 81 
23 84 
23 92 
23 96 
23 98 
23 104 
23 110 
23 111 
23 123 
24 29 
24 30 
24 36 
24 47 
24 48 
24 53 
24 63 
24 71 
24 78 
24 91 
24 96 
24 100 
24 103 
24 107 
24 113 
25 38 
25 39 
25 95 
25 105 
25 121 
25 122 
25 124 
26 39 
26 42 
26 51 
26 53 
26 57 
26 63 
26 69 
26 85 
26 89 
26 104 
26 112 
26 115 
26 120 
26 122 
26 123 
26 126 
26 127 
27 35 
27 40 
27 44 
27 45 
27 58 
27 62 
27 63 
27 68 
27 76 
27 78 
27 86 
27 102 
27 105 
27 107 
27 109 
27 110 
28 39 
28 48 
28 50 
28 52 
28 80 
28 81 
28 89 
28 91 
28 95 
28 100 
28 104 
28 108 
28 114 
29 30 
29 32 
29 37 
29 38 
29 41 
29 47 
29 51 
29 56 
29 63 
29 73 
29 79 
29 95 
29 97 
29 98 
29 99 
29 102 
29 105 
29 107 
29 114 
30 35 
30 42 
30 49 
30 53 
30 57 
30 61 
30 62 
30 64 
30 67 
30 73 
30 91 
30 96 
30 105 
30 107 
30 108 
30 126 
31 32 
31 35 
31 59 
31 65 
31 67 
31 69 
31 72 
31 75 
31 87 
31 104 
31 107 
31 112 
31 115 
31 123 
31 124 
31 127 
32 39 
32 40 
32 48 
32 56 
32 64 
32 65 
32 70 
32 72 
32 82 
32 86 
32 110 
32 119 
32 123 
33 34 
33 36 
33 38 
33 45 
33 48 
33 55 
33 58 
33 70 
33 72 
33 74 
33 85 
33 90 
33 94 
33 95 
33 102 
33 108 
33 123 
34 41 
34 54 
34 60 
34 63 
34 64 
34 81 
34 83 
34 89 
34 94 
34 107 
34 118 
34 126 
35 39 
35 44 
35 51 
35 53 
35 54 
35 68 
35 83 
35 84 
35 90 
35 97 
35 99 
35 122 
35 124 
35 126 
35 127 
36 47 
36 50 
36 55 
36 69 
36 95 
36 98 
36 101 
36 104 
36 107 
36 109 
36 119 
36 121 
37 39 
37 42 
37 52 
37 54 
37 57 
37 61 
37 72 
37 73 
37 76 
37 83 
37 88 
37 89 
37 90 
37 96 
38 49 
38 50 
38 53 
38 61 
38 63 
38 70 
38 74 
38 75 
38 85 
38 87 
38 95 
38 109 
38 113 
38 115 
38 117 
39 51 
39 55 
39 59 
39 60 
39 64 
39 69 
39 70 
39 72 
39 80 
39 86 
39 88 
39 89 
39 94 
39 102 
39 105 
39 107 
39 116 
39 119 
39 125 
40 44 
40 49 
40 57 
40 62 
40 66 
40 76 
40 77 
40 78 
40 87 
40 96 
40 97 
40 114 
40 119 
41 45 
41 48 
41 51 
41 58 
41 64 
41 68 
41 75 
41 87 
41 93 
41 94 
41 97 
41 100 
41 108 
41 112 
41 114 
41 118 
41 120 
42 43 
42 50 
42 51 
42 54 
42 58 
42 66 
42 70 
42 72 
42 75 
42 78 
42 80 
42 85 
42 88 
42 97 
42 108 
42 109 
42 115 
43 45 
43 47 
43 49 
43 52 
43 60 
43 62 
43 66 
43 70 
43 82 
43 94 
43 97 
43 101 
43 107 
43 113 
43 115 
43 127 
44 53 
44 58 
44 59 
44 60 
44 71 
44 80 
44 82 
44 87 
44 115 
44 116 
44 118 
44 120 
44 125 
44 126 
45 51 
45 53 
45 56 
45 59 
45 63 
45 72 
45 83 
45 87 
45 90 
45 102 
45 104 
45 108 
45 122 
45 125 
45 127 
45 128 
46 49 
46 52 
46 58 
46 60 
46 61 
46 66 
46 68 
46 69 
46 72 
46 77 
46 79 
46 94 
46 98 
46 99 
46 108 
46 114 
46 121 
46 125 
46 126 
46 128 
47 48 
47 56 
47 58 
47 63 
47 72 
47 75 
47 80 
47 89 
47 95 
47 97 
47 118 
47 120 
47 126 
48 53 
48 58 
48 64 
48 67 
48 84 
48 89 
48 99 
48 100 
48 101 
48 107 
48 113 
48 115 
48 124 
48 126 
49 56 
49 65 
49 66 
49 72 
49 90 
49 93 
49 94 
49 97 
49 113 
49 125 
50 54 
50 63 
50 64 
50 78 
50 79 
50 84 
50 88 
50 91 
50 101 
50 103 
50 109 
50 111 
50 116 
50 124 
50 128 
51 56 
51 70 
51 90 
51 110 
51 111 
51 112 
51 114 
51 123 
52 69 
52 73 
52 77 
52 81 
52 87 
52 88 
52 103 
52 105 
52 116 
52 118 
53 55 
53 75 
53 82 
53 87 
53 95 
53 97 
53 100 
53 110 
53 125 
54 55 
54 62 
54 63 
54 73 
54 83 
54 86 
54 90 
54 93 
54 102 
54 104 
54 111 
54 124 
54 125 
55 56 
55 58 
55 66 
55 68 
55 83 
55 90 
55 93 
55 102 
55 109 
55 116 
55 127 
55 128 
56 58 
56 60 
56 70 
56 89 
56 97 
56 101 
56 119 
56 120 
56 127 
57 78 
57 82 
57 87 
57 89 
57 92 
57 97 
57 101 
57 108 
57 120 
57 127 
58 62 
58 66 
58 70 
58 71 
58 75 
58 81 
58 82 
58 91 
58 95 
58 102 
58 107 
58 112 
58 116 
59 62 
59 68 
59 72 
59 75 
59 78 
59 89 
59 100 
59 106 
59 108 
59 111 
59 112 
59 115 
59 120 
59 123 
59 125 
60 77 
60 78 
60 82 
60 87 
60 89 
60 108 
60 117 
60 119 
60 124 
61 83 
61 85 
61 93 
61 103 
61 118 
61 120 
62 68 
62 74 
62 78 
62 79 
62 80 
62 83 
62 101 
62 105 
62 106 
62 111 
62 119 
62 123 
62 124 
63 65 
63 71 
63 82 
63 83 
63 90 
63 92 
63 95 
63 99 
63 101 
63 105 
63 108 
63 109 
63 126 
64 65 
64 76 
64 77 
64 78 
64 84 
64 89 
64 92 
64 107 
64 122 
64 126 
64 127 
65 66 
65 69 
65 72 
65 75 
65 89 
65 93 
65 111 
65 114 
65 118 
65 128 
66 68 
66 69 
66 79 
66 84 
66 87 
66 95 
66 99 
66 114 
66 115 
66 117 
66 124 
66 126 
66 128 
67 73 
67 77 
67 79 
67 82 
67 84 
67 87 
67 89 
67 93 
67 94 
67 96 
67 97 
67 109 
67 116 
67 120 
68 71 
68 79 
68 92 
68 117 
68 125 
69 70 
69 72 
69 73 
69 101 
69 102 
69 126 
69 128 
70 78 
70 83 
70 85 
70 115 
70 121 
70 128 
71 78 
71 80 
71 84 
71 92 
71 95 
71 100 
71 103 
71 117 
71 118 
71 125 
71 127 
72 74 
72 79 
72 89 
72 97 
72 100 
72 112 
72 115 
72 128 
73 74 
73 75 
73 80 
73 86 
73 90 
73 106 
73 112 
73 119 
73 121 
73 122 
74 76 
74 80 
74 81 
74 87 
74 94 
74 100 
74 109 
74 113 
74 116 
75 80 
75 90 
75 91 
75 99 
75 103 
75 105 
75 116 
75 120 
76 77 
76 78 
76 84 
76 102 
76 107 
76 122 
77 89 
77 98 
77 102 
77 107 
77 112 
77 120 
78 88 
78 92 
78 96 
78 100 
78 101 
78 102 
78 106 
78 109 
78 111 
78 113 
78 114 
78 118 
78 119 
78 124 
78 127 
79 81 
79 87 
79 95 
79 97 
79 100 
79 101 
80 86 
80 87 
80 89 
80 95 
80 109 
80 117 
80 119 
81 100 
81 108 
81 111 
81 112 
81 113 
81 121 
81 127 
82 83 
82 90 
82 104 
82 111 
82 115 
83 96 
83 102 
83 104 
84 85 
84 99 
84 108 
84 122 
84 125 
85 89 
85 96 
85 97 
85 98 
85 103 
85 104 
85 115 
85 122 
85 124 
86 96 
86 97 
86 100 
86 105 
86 113 
86 117 
86 121 
87 96 
87 101 
87 102 
87 111 
87 117 
87 122 
87 126 
88 89 
88 91 
88 96 
88 102 
88 104 
89 91 
89 105 
89 109 
89 117 
90 92 
90 96 
90 97 
90 110 
90 122 
90 124 
91 93 
91 100 
91 110 
91 113 
91 114 
91 124 
92 101 
92 113 
93 107 
93 108 
93 109 
93 123 
94 96 
94 99 
94 112 
94 116 
94 119 
94 121 
94 126 
95 96 
95 101 
95 102 
95 103 
95 107 
95 115 
95 118 
95 120 
95 126 
96 101 
96 106 
96 107 
96 111 
96 115 
96 117 
96 118 
96 122 
96 124 
96 125 
96 126 
97 99 
98 100 
98 108 
98 110 
98 124 
99 102 
99 104 
99 108 
99 112 
99 117 
99 120 
99 127 
100 110 
100 118 
100 120 
101 102 
101 111 
101 112 
102 104 
102 105 
102 128 
103 110 
103 121 
103 124 
103 125 
103 126 
104 110 
105 106 
105 110 
105 121 
106 119 
106 127 
107 122 
107 125 
107 126 
108 122 
108 128 
109 112 
110 112 
110 123 
110 128 
111 124 
111 127 
111 128 
112 114 
113 121 
113 124 
113 127 
114 119 
114 122 
114 124 
115 127 
116 119 
116 120 
117 118 
118 125 
118 128 
119 123 
119 127 
120 124 
122 125 
123 124 
124 125 
124 126 
124 128 
