128 413
1
2
3
4
5
6
7
8
9
10
11
12
13
14
15
16
17
18
19
20
21
22
23
24
25
26
27
28
29
30
31
32
33
34
35
36
37
38
39
40
41
42
43
44
45
46
47
48
49
50
51
52
53
54
55
56
57
58
59
60
61
62
63
64
65
66
67
68
69
70
71
72
73
74
75
76
77
78
79
80
81
82
83
84
85
86
87
88
89
90
91
92
93
94
95
96
97
98
99
100
101
102
103
104
105
106
107
108
109
110
111
112
113
114
115
116
117
118
119
120
121
122
123
124
125
126
127
128
1 25 
1 29 
1 60 
1 79 
1 126 
2 11 
2 15 
2 47 
2 59 
2 109 
2 112 
2 114 
3 20 
3 41 
3 66 
3 84 
3 107 
3 114 
4 5 
4 11 
4 26 
4 42 
4 44 
4 58 
4 67 
4 108 
4 118 
5 77 
5 87 
5 94 
5 97 
5 101 
6 14 
6 57 
6 59 
6 88 
6 124 
7 27 
7 40 
7 44 
7 83 
7 90 
7 126 
8 30 
8 48 
8 59 
8 60 
8 112 
9 25 
9 36 
9 48 
9 55 
9 62 
9 71 
9 92 
9 112 
9 113 
9 115 
10 41 
10 122 
11 49 
11 50 
11 55 
11 59 
11 88 
12 17 
12 24 
12 33 
12 70 
12 71 
13 20 
13 49 
13 54 
13 111 
13 126 
14 43 
14 92 
14 99 
15 51 
15 59 
15 67 
15 69 
15 80 
15 81 
15 89 
15 113 
15 115 
16 73 
16 92 
16 110 
16 122 
17 44 
17 55 
17 92 
18 26 
18 66 
18 78 
18 87 
18 124 
18 128 
19 37 
19 53 
19 76 
19 109 
19 116 
20 25 
20 33 
20 41 
20 43 
20 93 
20 100 
21 34 
21 44 
21 66 
21 70 
21 71 
21 81 
21 101 
21 124 
22 33 
22 40 
22 45 
22 75 
23 50 
23 69 
23 99 
23 103 
23 105 
23 108 
23 113 
24 46 
24 85 
24 90 
25 35 
25 63 
25 71 
26 64 
26 125 
27 35 
27 50 
27 55 
27 58 
27 63 
27 78 
28 30 
28 34 
28 47 
28 55 
28 59 
28 87 
28 97 
28 106 
29 30 
29 31 
29 71 
29 87 
29 92 
29 106 
29 116 
30 31 
31 34 
31 92 
32 60 
32 85 
32 94 
32 96 
32 105 
33 39 
33 46 
33 64 
33 80 
33 105 
33 125 
33 126 
33 127 
34 42 
34 55 
34 58 
34 60 
34 64 
34 69 
34 110 
34 120 
35 79 
35 102 
35 105 
35 124 
36 48 
36 70 
36 82 
36 91 
36 93 
36 99 
36 120 
37 51 
37 89 
37 104 
37 128 
38 42 
38 58 
38 99 
38 122 
39 46 
39 67 
39 72 
39 101 
39 104 
39 108 
40 48 
40 61 
40 62 
40 115 
41 103 
41 124 
42 44 
42 48 
42 57 
42 76 
43 73 
43 81 
44 59 
44 63 
44 84 
44 96 
44 102 
45 47 
45 51 
45 60 
45 62 
45 66 
45 83 
45 102 
45 111 
45 114 
46 48 
46 69 
47 48 
47 77 
47 84 
47 118 
48 54 
48 91 
48 93 
48 111 
49 60 
49 64 
49 69 
49 73 
49 84 
49 118 
49 119 
49 120 
49 127 
50 59 
50 98 
50 99 
50 111 
50 120 
51 52 
51 54 
51 57 
51 110 
51 118 
52 67 
52 77 
52 98 
52 127 
54 69 
54 91 
54 98 
55 58 
55 113 
55 124 
56 82 
56 99 
57 70 
58 78 
58 85 
59 81 
59 100 
59 106 
59 117 
60 64 
60 67 
60 79 
60 84 
60 90 
60 93 
60 100 
60 128 
61 62 
61 63 
61 84 
61 116 
61 127 
62 84 
63 74 
63 86 
63 102 
63 117 
64 66 
64 87 
64 104 
65 67 
65 88 
65 115 
66 88 
66 96 
66 114 
66 119 
67 115 
68 74 
68 78 
68 81 
68 110 
69 72 
69 118 
69 120 
70 83 
70 88 
70 95 
70 97 
71 73 
71 84 
71 101 
71 128 
72 83 
72 94 
72 99 
72 107 
72 124 
73 91 
73 93 
73 95 
73 120 
74 103 
75 79 
75 87 
75 94 
76 100 
76 116 
77 82 
77 86 
77 98 
77 122 
78 99 
79 120 
80 119 
81 86 
81 92 
81 112 
81 124 
82 91 
82 94 
82 112 
83 88 
83 108 
83 123 
85 89 
85 100 
85 109 
85 122 
86 90 
86 108 
86 116 
86 120 
86 121 
87 89 
87 115 
87 123 
88 113 
88 119 
89 123 
90 96 
90 102 
90 111 
92 109 
92 118 
93 120 
94 106 
95 97 
95 99 
95 119 
96 119 
97 125 
99 103 
99 124 
99 126 
100 117 
101 107 
101 109 
101 117 
102 126 
102 127 
103 113 
103 115 
104 122 
106 125 
107 125 
108 115 
111 116 
112 113 
112 117 
112 121 
112 125 
114 120 
114 123 
116 121 
117 128 
119 122 
121 128 
125 127 
125 128 
