frb30-15-1	5340	5340	3.133	3.75	{ {195, 190, 187, 184, 181, 188, 185, 183, 192, 189, 186, 193, 182, 194, 191}, {375, 369, 371, 374, 362, 364, 368, 370, 373, 361, 363, 365, 366, 367, 372} }
frb30-15-2	5565	5565	3.108	3.095	{ {185, 192, 190, 191, 186, 193, 195, 188, 182, 181, 189, 194, 184, 187, 183}, {386, 378, 382, 383, 389, 384, 385, 390, 376, 377, 379, 380, 381, 387, 388} }
frb30-15-3	5565	5565	3.077	3.084	{ {387, 378, 389, 379, 380, 390, 388, 376, 386, 383, 385, 384, 382, 381, 377}, {194, 195, 191, 193, 189, 181, 182, 183, 184, 185, 186, 187, 188, 190, 192} }
frb30-15-4	5415	5415	3.145	3.153	{ {182, 191, 184, 190, 195, 187, 185, 181, 193, 188, 186, 194, 192, 183, 189}, {170, 169, 173, 178, 176, 179, 166, 167, 171, 168, 174, 177, 172, 175, 180} }
frb30-15-5	5415	5415	3.113	3.145	{ {179, 166, 173, 180, 178, 177, 172, 169, 167, 168, 175, 170, 174, 176, 171}, {195, 182, 193, 187, 181, 194, 186, 188, 192, 191, 183, 184, 185, 189, 190} }
frb35-17-1	6222	6222	4.996	5.011	{ {186, 179, 184, 187, 185, 182, 173, 183, 176, 171, 178, 174, 177, 181, 175, 172, 180}, {590, 580, 584, 588, 591, 595, 582, 594, 579, 581, 583, 585, 586, 587, 589, 592, 593} }
frb35-17-2	6290	6290	5.025	5.033	{ {590, 584, 583, 591, 582, 581, 593, 595, 579, 580, 587, 585, 592, 589, 594, 588, 586}, {384, 383, 389, 390, 375, 388, 391, 387, 376, 377, 378, 379, 380, 381, 382, 385, 386} }
frb35-17-3	6222	6222	5.108	5.083	{ {182, 176, 174, 187, 171, 172, 178, 179, 184, 183, 175, 173, 185, 181, 180, 186, 177}, {588, 594, 582, 590, 581, 583, 591, 593, 595, 579, 580, 584, 585, 586, 587, 589, 592} }
frb35-17-4	6069	6069	5.078	5.037	{ {591, 594, 589, 579, 595, 587, 593, 580, 592, 590, 585, 584, 583, 581, 586, 582, 588}, {564, 566, 568, 574, 570, 573, 572, 577, 578, 562, 563, 565, 567, 569, 571, 575, 576} }
frb35-17-5	6222	6222	5.026	5.037	{ {586, 588, 580, 579, 582, 587, 595, 583, 581, 592, 593, 591, 584, 589, 585, 594, 590}, {180, 187, 173, 177, 178, 184, 186, 171, 172, 174, 175, 176, 179, 181, 182, 183, 185} }
frb40-19-1	6859	6859	7.925	7.838	{ {362, 369, 373, 366, 374, 376, 367, 380, 372, 378, 364, 363, 368, 379, 377, 365, 375, 370, 371}, {383, 381, 395, 388, 398, 392, 399, 394, 382, 384, 387, 389, 397, 385, 386, 390, 391, 393, 396} }
frb40-19-2	7049	7049	8.071	8	{ {182, 177, 187, 172, 190, 186, 180, 175, 178, 184, 181, 183, 179, 176, 173, 188, 189, 174, 185}, {384, 391, 395, 397, 390, 398, 382, 383, 386, 389, 393, 394, 399, 381, 385, 387, 388, 392, 396} }
frb40-19-3	7049	7049	8.066	8.034	{ {385, 397, 388, 381, 398, 393, 394, 383, 392, 390, 382, 389, 387, 399, 386, 384, 391, 395, 396}, {183, 175, 178, 187, 190, 180, 189, 173, 174, 177, 181, 182, 184, 185, 172, 176, 179, 186, 188} }
frb40-19-4	7049	7049	8.012	7.996	{ {393, 397, 392, 389, 398, 382, 383, 384, 386, 394, 381, 390, 391, 387, 385, 388, 399, 396, 395}, {183, 179, 172, 185, 188, 176, 190, 173, 174, 175, 177, 178, 180, 181, 182, 184, 186, 187, 189} }
frb40-19-5	7030	7030	8.02	8.018	{ {396, 391, 385, 392, 381, 394, 399, 387, 390, 383, 395, 384, 393, 397, 386, 389, 388, 382, 398}, {585, 576, 583, 586, 577, 578, 588, 579, 580, 589, 571, 572, 573, 574, 575, 581, 582, 584, 587} }
frb45-21-1	7707	7707	11.92	11.83	{ {791, 796, 798, 784, 797, 780, 786, 779, 792, 781, 785, 790, 783, 789, 795, 793, 788, 782, 787, 778, 794}, {175, 171, 170, 174, 189, 169, 172, 173, 176, 177, 178, 179, 180, 181, 182, 183, 184, 185, 186, 187, 188} }
frb45-21-2	7917	7917	12.08	11.76	{ {784, 778, 789, 786, 797, 794, 793, 798, 795, 792, 791, 788, 796, 787, 790, 785, 781, 782, 783, 780, 779}, {379, 393, 383, 395, 385, 382, 396, 391, 399, 390, 398, 389, 394, 392, 397, 384, 386, 387, 388, 381, 380} }
frb45-21-3	7917	7917	11.82	12.17	{ {395, 386, 383, 379, 396, 399, 388, 389, 385, 382, 380, 393, 387, 381, 384, 397, 394, 391, 390, 392, 398}, {781, 798, 792, 784, 797, 778, 779, 780, 782, 783, 785, 786, 787, 788, 789, 790, 791, 793, 794, 795, 796} }
frb45-21-4	7728	7728	11.51	11.66	{ {184, 172, 182, 173, 186, 179, 180, 187, 174, 188, 171, 178, 181, 177, 175, 183, 189, 185, 170, 169, 176}, {394, 391, 379, 388, 393, 387, 390, 395, 381, 382, 380, 383, 384, 385, 386, 389, 392, 396, 397, 398, 399} }
frb45-21-5	7707	7707	11.53	11.38	{ {791, 784, 798, 796, 785, 778, 795, 786, 797, 783, 787, 792, 781, 794, 780, 788, 793, 782, 790, 779, 789}, {185, 187, 177, 182, 170, 183, 176, 189, 181, 169, 171, 172, 173, 174, 175, 178, 179, 180, 184, 186, 188} }
frb50-23-1	8441	8441	15.76	15.6	{ {577, 584, 581, 593, 592, 598, 580, 583, 587, 585, 582, 588, 597, 590, 596, 589, 578, 579, 576, 594, 591, 595, 586}, {375, 374, 381, 373, 391, 384, 390, 388, 369, 370, 371, 376, 377, 378, 379, 382, 383, 387, 389, 372, 380, 385, 386} }
frb50-23-2	8441	8441	17.22	17.09	{ {374, 375, 369, 382, 391, 372, 390, 378, 377, 386, 371, 384, 388, 379, 383, 389, 376, 373, 370, 381, 385, 380, 387}, {587, 592, 590, 576, 591, 581, 588, 578, 598, 577, 579, 580, 582, 583, 584, 585, 586, 589, 593, 594, 595, 596, 597} }
frb50-23-3	8234	8234	16.6	16.1	{ {987, 989, 969, 982, 979, 980, 988, 977, 976, 984, 974, 972, 978, 983, 975, 970, 967, 985, 973, 981, 971, 968, 986}, {378, 377, 389, 376, 387, 385, 382, 391, 369, 370, 371, 372, 373, 374, 375, 379, 380, 381, 383, 384, 386, 388, 390} }
frb50-23-4	8441	8441	16.68	16.65	{ {577, 588, 583, 580, 593, 590, 579, 591, 576, 595, 578, 585, 598, 594, 586, 597, 581, 582, 592, 589, 587, 596, 584}, {384, 386, 374, 371, 380, 383, 391, 389, 387, 390, 388, 385, 382, 379, 376, 377, 369, 370, 372, 373, 375, 378, 381} }
frb50-23-5	8441	8441	17.09	17.2	{ {576, 591, 586, 598, 597, 594, 583, 596, 585, 580, 578, 587, 590, 592, 579, 589, 582, 577, 593, 595, 584, 581, 588}, {383, 379, 380, 372, 376, 389, 390, 388, 369, 370, 371, 373, 374, 375, 377, 378, 381, 382, 384, 385, 386, 387, 391} }
frb53-24-1	9048	9048	21.33	21.4	{ {584, 589, 585, 596, 582, 586, 581, 598, 577, 593, 600, 587, 588, 578, 599, 579, 591, 590, 592, 583, 580, 597, 594, 595}, {1182, 1188, 1186, 1187, 1177, 1185, 1178, 1199, 1179, 1180, 1181, 1183, 1184, 1189, 1190, 1191, 1192, 1193, 1194, 1195, 1196, 1197, 1198, 1200} }
frb53-24-2	8856	8856	21.37	21.35	{ {1180, 1182, 1186, 1196, 1191, 1200, 1179, 1181, 1195, 1184, 1178, 1192, 1183, 1198, 1177, 1185, 1190, 1199, 1193, 1194, 1187, 1189, 1197, 1188}, {190, 191, 183, 177, 169, 188, 170, 171, 172, 176, 178, 179, 185, 186, 187, 189, 192, 173, 174, 175, 180, 181, 182, 184} }
frb53-24-3	8856	8856	20.92	21.37	{ {587, 591, 579, 595, 599, 598, 593, 588, 577, 586, 592, 600, 590, 596, 580, 594, 589, 597, 578, 583, 581, 582, 584, 585}, {174, 183, 190, 185, 192, 188, 172, 191, 169, 170, 176, 177, 171, 173, 175, 178, 179, 180, 181, 182, 184, 186, 187, 189} }
frb53-24-4	9048	9048	21.03	21.06	{ {580, 578, 586, 600, 599, 590, 591, 598, 585, 581, 597, 579, 583, 589, 587, 582, 596, 577, 584, 592, 595, 593, 588, 594}, {1186, 1188, 1189, 1183, 1197, 1199, 1193, 1184, 1191, 1179, 1181, 1177, 1182, 1200, 1178, 1180, 1185, 1187, 1190, 1192, 1194, 1195, 1196, 1198} }
