C125-9	1171	1140	0.07403	
C250-9	2840	2826	0.1119	
MANN-a9	300	289	0.06019	
MANN-a27	3387	2864	0.1794	
MANN-a45	9924	8253	0.1965	
c-fat200-1	730	661	0.1694	
c-fat200-2	745	694	0.2626	
c-fat200-5	743	718	0.1843	
c-fat500-1	1861	1656	0.3489	
c-fat500-2	1901	1781	0.1929	
c-fat500-5	1885	1837	0.4889	
c-fat500-10	1916	1840	0.6204	
johnson8-2-4	224	224	0.05325	
san200-0-7-1	3492	3417	0.2437	
san200-0-9-1	1832	1821	0.1406	
san200-0-9-2	2200	2121	0.08879	
san200-0-9-3	2552	2521	0.1182	
gen200-p0-9-44	2568	2294	0.1696	
gen200-p0-9-55	2152	2141	0.1578	
