128 4112
1 3
1 10
1 11
1 13
1 14
1 16
1 17
1 19
1 20
1 21
1 23
1 25
1 29
1 33
1 38
1 39
1 40
1 43
1 44
1 47
1 49
1 50
1 51
1 53
1 54
1 56
1 57
1 60
1 61
1 62
1 65
1 66
1 67
1 70
1 73
1 77
1 80
1 81
1 83
1 87
1 88
1 92
1 93
1 94
1 97
1 98
1 99
1 101
1 103
1 104
1 107
1 108
1 109
1 110
1 113
1 116
1 117
1 121
1 122
1 123
1 124
1 126
1 127
1 128
2 3
2 4
2 5
2 9
2 11
2 12
2 16
2 19
2 20
2 22
2 23
2 27
2 28
2 30
2 31
2 37
2 40
2 43
2 47
2 50
2 51
2 52
2 53
2 54
2 55
2 57
2 58
2 59
2 60
2 61
2 66
2 67
2 69
2 70
2 71
2 72
2 74
2 75
2 78
2 83
2 84
2 87
2 88
2 89
2 91
2 97
2 98
2 99
2 100
2 105
2 106
2 107
2 110
2 112
2 113
2 114
2 115
2 117
2 120
2 125
2 128
3 4
3 6
3 8
3 11
3 12
3 14
3 15
3 17
3 18
3 20
3 22
3 24
3 25
3 26
3 27
3 29
3 30
3 31
3 32
3 36
3 37
3 38
3 39
3 40
3 41
3 43
3 45
3 46
3 47
3 50
3 51
3 52
3 55
3 56
3 59
3 60
3 61
3 63
3 64
3 65
3 68
3 69
3 72
3 73
3 75
3 77
3 79
3 84
3 85
3 86
3 88
3 89
3 90
3 92
3 94
3 95
3 98
3 100
3 101
3 102
3 104
3 105
3 106
3 107
3 108
3 110
3 111
3 112
3 116
3 118
3 121
3 125
4 5
4 6
4 13
4 14
4 15
4 16
4 18
4 23
4 24
4 28
4 29
4 30
4 31
4 33
4 34
4 38
4 39
4 40
4 41
4 42
4 43
4 44
4 46
4 49
4 50
4 51
4 52
4 55
4 57
4 61
4 62
4 63
4 65
4 66
4 67
4 68
4 69
4 70
4 71
4 72
4 74
4 75
4 76
4 78
4 80
4 81
4 82
4 84
4 86
4 87
4 88
4 89
4 90
4 92
4 97
4 98
4 102
4 106
4 107
4 108
4 109
4 110
4 111
4 114
4 115
4 118
4 121
4 122
4 123
4 124
4 125
4 126
4 127
4 128
5 8
5 9
5 10
5 12
5 13
5 17
5 21
5 22
5 24
5 25
5 26
5 28
5 30
5 34
5 35
5 37
5 38
5 39
5 41
5 42
5 43
5 44
5 47
5 49
5 52
5 53
5 54
5 58
5 59
5 60
5 65
5 68
5 70
5 71
5 72
5 73
5 75
5 76
5 77
5 79
5 80
5 83
5 86
5 88
5 89
5 92
5 98
5 99
5 100
5 101
5 102
5 104
5 110
5 113
5 114
5 115
5 116
5 117
5 119
5 120
5 121
5 122
6 7
6 8
6 9
6 13
6 15
6 16
6 17
6 19
6 20
6 22
6 23
6 24
6 27
6 28
6 30
6 33
6 34
6 36
6 37
6 38
6 39
6 41
6 42
6 48
6 49
6 50
6 51
6 53
6 57
6 59
6 61
6 65
6 66
6 75
6 77
6 79
6 81
6 83
6 86
6 89
6 90
6 94
6 99
6 101
6 102
6 103
6 104
6 105
6 106
6 108
6 109
6 111
6 112
6 113
6 114
6 117
6 118
6 122
6 123
6 124
6 125
6 126
6 127
7 8
7 11
7 12
7 13
7 16
7 20
7 25
7 27
7 28
7 29
7 33
7 38
7 39
7 41
7 42
7 44
7 46
7 47
7 48
7 49
7 50
7 51
7 54
7 57
7 58
7 59
7 60
7 63
7 64
7 65
7 68
7 69
7 70
7 72
7 73
7 75
7 78
7 79
7 81
7 83
7 84
7 89
7 94
7 95
7 97
7 98
7 99
7 100
7 104
7 106
7 109
7 112
7 114
7 120
7 123
7 127
8 11
8 12
8 13
8 14
8 16
8 17
8 19
8 20
8 21
8 23
8 24
8 27
8 33
8 34
8 35
8 37
8 39
8 40
8 45
8 46
8 47
8 51
8 53
8 55
8 56
8 62
8 63
8 65
8 67
8 68
8 69
8 71
8 72
8 73
8 81
8 83
8 86
8 87
8 89
8 90
8 96
8 100
8 101
8 102
8 103
8 104
8 105
8 107
8 108
8 109
8 110
8 111
8 117
8 120
8 122
8 123
8 124
9 11
9 13
9 14
9 15
9 17
9 18
9 26
9 27
9 29
9 31
9 33
9 34
9 35
9 36
9 42
9 43
9 44
9 45
9 48
9 51
9 52
9 56
9 57
9 59
9 60
9 61
9 63
9 65
9 66
9 73
9 74
9 75
9 78
9 88
9 96
9 97
9 100
9 101
9 102
9 103
9 104
9 105
9 106
9 107
9 108
9 110
9 116
9 117
9 118
9 119
9 120
9 121
9 123
9 124
9 127
10 11
10 15
10 17
10 21
10 25
10 27
10 29
10 31
10 32
10 33
10 35
10 37
10 39
10 40
10 41
10 44
10 46
10 47
10 49
10 50
10 52
10 55
10 56
10 59
10 61
10 62
10 63
10 64
10 65
10 66
10 68
10 69
10 75
10 76
10 77
10 79
10 82
10 83
10 84
10 86
10 87
10 89
10 91
10 92
10 96
10 97
10 98
10 99
10 100
10 102
10 104
10 105
10 106
10 109
10 111
10 116
10 118
10 119
10 120
10 122
10 126
10 127
10 128
11 15
11 21
11 22
11 25
11 27
11 31
11 32
11 33
11 35
11 36
11 38
11 39
11 40
11 43
11 44
11 46
11 48
11 49
11 55
11 59
11 60
11 62
11 64
11 65
11 66
11 68
11 69
11 71
11 75
11 77
11 79
11 80
11 81
11 84
11 88
11 90
11 92
11 97
11 98
11 99
11 103
11 104
11 105
11 107
11 108
11 109
11 110
11 111
11 114
11 115
11 116
11 121
11 122
11 124
11 125
11 126
12 14
12 17
12 19
12 23
12 24
12 27
12 29
12 31
12 33
12 37
12 38
12 39
12 43
12 48
12 49
12 51
12 52
12 54
12 59
12 61
12 62
12 65
12 67
12 68
12 69
12 71
12 72
12 79
12 81
12 82
12 85
12 87
12 88
12 89
12 92
12 94
12 96
12 97
12 99
12 100
12 101
12 102
12 103
12 105
12 106
12 107
12 109
12 114
12 115
12 116
12 117
12 119
12 120
12 122
12 123
12 124
12 128
13 14
13 16
13 17
13 18
13 19
13 22
13 23
13 24
13 28
13 34
13 41
13 42
13 43
13 44
13 45
13 46
13 47
13 49
13 52
13 57
13 58
13 61
13 63
13 65
13 66
13 67
13 70
13 71
13 72
13 74
13 75
13 76
13 78
13 79
13 80
13 81
13 82
13 83
13 84
13 88
13 89
13 91
13 100
13 101
13 103
13 104
13 105
13 108
13 109
13 110
13 111
13 113
13 114
13 118
13 119
13 122
13 123
13 126
13 128
14 19
14 20
14 22
14 23
14 24
14 27
14 30
14 31
14 32
14 33
14 36
14 37
14 39
14 42
14 44
14 45
14 50
14 52
14 54
14 56
14 57
14 60
14 61
14 62
14 64
14 66
14 67
14 70
14 71
14 73
14 74
14 77
14 86
14 87
14 89
14 90
14 92
14 94
14 95
14 108
14 109
14 110
14 111
14 112
14 113
14 117
14 118
14 120
14 121
14 127
14 128
15 17
15 19
15 20
15 21
15 22
15 24
15 26
15 29
15 31
15 32
15 33
15 35
15 39
15 40
15 41
15 42
15 43
15 45
15 47
15 48
15 49
15 51
15 52
15 53
15 58
15 60
15 62
15 63
15 64
15 65
15 66
15 67
15 68
15 69
15 70
15 72
15 73
15 74
15 77
15 78
15 82
15 83
15 88
15 89
15 95
15 96
15 97
15 104
15 109
15 110
15 111
15 113
15 114
15 115
15 116
15 118
15 122
15 124
15 127
15 128
16 19
16 23
16 24
16 25
16 26
16 27
16 28
16 29
16 32
16 33
16 36
16 37
16 41
16 43
16 44
16 45
16 46
16 48
16 49
16 52
16 53
16 55
16 56
16 57
16 58
16 63
16 64
16 66
16 68
16 71
16 72
16 73
16 74
16 76
16 77
16 80
16 81
16 82
16 85
16 86
16 89
16 90
16 92
16 94
16 96
16 98
16 104
16 107
16 108
16 109
16 110
16 111
16 116
16 117
16 121
16 122
16 123
16 124
16 125
17 19
17 20
17 23
17 24
17 25
17 26
17 27
17 30
17 33
17 34
17 35
17 36
17 38
17 39
17 40
17 41
17 44
17 47
17 48
17 50
17 53
17 54
17 56
17 60
17 61
17 63
17 65
17 66
17 69
17 70
17 73
17 74
17 77
17 81
17 83
17 84
17 86
17 87
17 92
17 93
17 95
17 96
17 97
17 98
17 100
17 101
17 105
17 107
17 108
17 109
17 111
17 113
17 114
17 117
17 118
17 119
17 123
17 124
17 128
18 20
18 22
18 23
18 24
18 25
18 26
18 28
18 29
18 30
18 34
18 40
18 41
18 43
18 45
18 47
18 49
18 51
18 52
18 54
18 56
18 57
18 58
18 59
18 60
18 62
18 63
18 64
18 65
18 69
18 72
18 73
18 75
18 79
18 84
18 85
18 86
18 89
18 90
18 91
18 93
18 94
18 95
18 100
18 101
18 102
18 103
18 104
18 105
18 107
18 108
18 109
18 110
18 111
18 113
18 115
18 117
18 118
18 119
18 120
18 122
18 123
18 124
18 126
19 20
19 34
19 35
19 36
19 37
19 41
19 44
19 45
19 46
19 47
19 48
19 49
19 50
19 51
19 52
19 53
19 55
19 58
19 61
19 64
19 65
19 68
19 76
19 77
19 78
19 81
19 84
19 85
19 86
19 87
19 91
19 92
19 93
19 94
19 95
19 100
19 101
19 103
19 104
19 107
19 108
19 109
19 114
19 121
19 125
19 127
20 23
20 24
20 25
20 26
20 27
20 28
20 31
20 32
20 33
20 35
20 42
20 45
20 47
20 50
20 51
20 55
20 56
20 58
20 60
20 63
20 64
20 67
20 68
20 73
20 74
20 76
20 77
20 78
20 79
20 80
20 81
20 86
20 89
20 90
20 92
20 93
20 94
20 95
20 98
20 103
20 104
20 111
20 113
20 115
20 116
20 117
20 118
20 119
20 124
20 126
20 128
21 22
21 23
21 24
21 28
21 31
21 32
21 33
21 34
21 35
21 36
21 37
21 38
21 39
21 46
21 48
21 50
21 51
21 57
21 59
21 60
21 63
21 64
21 69
21 71
21 72
21 74
21 75
21 77
21 78
21 80
21 84
21 86
21 87
21 90
21 91
21 92
21 94
21 95
21 99
21 102
21 105
21 108
21 114
21 115
21 120
21 122
21 124
21 126
22 26
22 28
22 33
22 34
22 36
22 38
22 40
22 41
22 42
22 43
22 46
22 47
22 50
22 51
22 53
22 56
22 57
22 58
22 59
22 60
22 61
22 62
22 64
22 70
22 81
22 84
22 85
22 87
22 91
22 92
22 93
22 94
22 96
22 97
22 99
22 102
22 103
22 105
22 107
22 109
22 112
22 113
22 116
22 117
22 118
22 120
22 125
22 126
23 24
23 26
23 27
23 28
23 29
23 31
23 32
23 34
23 36
23 39
23 44
23 48
23 53
23 54
23 55
23 56
23 58
23 59
23 60
23 61
23 62
23 63
23 68
23 73
23 74
23 75
23 76
23 80
23 83
23 86
23 87
23 91
23 92
23 95
23 99
23 103
23 105
23 106
23 108
23 109
23 110
23 112
23 113
23 114
23 115
23 121
23 123
23 126
23 127
24 25
24 27
24 36
24 39
24 40
24 43
24 44
24 51
24 52
24 53
24 55
24 56
24 58
24 60
24 61
24 66
24 68
24 69
24 71
24 72
24 73
24 74
24 75
24 76
24 78
24 81
24 84
24 86
24 88
24 89
24 90
24 93
24 94
24 95
24 97
24 100
24 101
24 103
24 107
24 108
24 112
24 115
24 118
24 119
24 123
24 124
24 126
24 128
25 26
25 29
25 33
25 34
25 36
25 37
25 42
25 44
25 47
25 49
25 54
25 57
25 60
25 61
25 62
25 65
25 66
25 68
25 74
25 78
25 79
25 82
25 87
25 91
25 93
25 95
25 98
25 99
25 102
25 103
25 104
25 105
25 106
25 107
25 110
25 112
25 116
25 121
25 122
26 27
26 30
26 31
26 32
26 33
26 34
26 37
26 40
26 42
26 45
26 46
26 47
26 48
26 49
26 51
26 52
26 53
26 54
26 57
26 59
26 60
26 62
26 63
26 64
26 68
26 69
26 70
26 72
26 73
26 79
26 83
26 85
26 87
26 89
26 90
26 97
26 98
26 100
26 101
26 103
26 104
26 106
26 107
26 108
26 109
26 110
26 111
26 112
26 113
26 114
26 116
26 117
26 119
26 122
26 124
26 125
26 126
27 30
27 31
27 34
27 35
27 40
27 43
27 45
27 46
27 47
27 48
27 49
27 50
27 51
27 53
27 54
27 55
27 56
27 62
27 63
27 64
27 69
27 70
27 72
27 74
27 79
27 80
27 82
27 84
27 85
27 86
27 87
27 89
27 92
27 93
27 97
27 103
27 105
27 109
27 110
27 111
27 113
27 114
27 115
27 117
27 118
27 119
27 127
28 29
28 30
28 32
28 33
28 34
28 35
28 38
28 40
28 41
28 43
28 44
28 47
28 49
28 50
28 53
28 54
28 56
28 57
28 58
28 61
28 64
28 66
28 67
28 69
28 74
28 75
28 76
28 80
28 83
28 84
28 85
28 86
28 87
28 89
28 90
28 91
28 93
28 94
28 98
28 100
28 102
28 104
28 106
28 108
28 110
28 111
28 112
28 113
28 114
28 117
28 118
28 119
28 120
28 121
28 122
28 124
28 125
29 31
29 32
29 33
29 36
29 37
29 38
29 39
29 41
29 43
29 44
29 46
29 47
29 48
29 50
29 51
29 52
29 55
29 56
29 61
29 65
29 66
29 67
29 69
29 70
29 72
29 73
29 77
29 83
29 84
29 86
29 87
29 88
29 89
29 92
29 94
29 97
29 99
29 100
29 105
29 106
29 107
29 108
29 110
29 113
29 114
29 115
29 116
29 117
29 120
29 121
29 122
29 123
29 125
29 126
29 127
29 128
30 35
30 36
30 37
30 38
30 40
30 41
30 44
30 45
30 46
30 47
30 48
30 49
30 53
30 54
30 61
30 62
30 63
30 66
30 67
30 68
30 69
30 70
30 74
30 77
30 80
30 82
30 84
30 85
30 86
30 90
30 92
30 94
30 95
30 98
30 100
30 102
30 107
30 108
30 111
30 113
30 115
30 120
30 124
30 127
31 35
31 37
31 38
31 41
31 43
31 46
31 49
31 54
31 55
31 62
31 63
31 64
31 65
31 66
31 68
31 69
31 75
31 78
31 80
31 82
31 83
31 86
31 88
31 91
31 93
31 95
31 97
31 104
31 105
31 109
31 110
31 113
31 115
31 116
31 118
31 125
31 128
32 33
32 34
32 36
32 39
32 41
32 42
32 43
32 44
32 45
32 47
32 50
32 54
32 55
32 56
32 59
32 62
32 63
32 64
32 65
32 67
32 68
32 70
32 73
32 74
32 77
32 79
32 88
32 90
32 91
32 93
32 96
32 98
32 101
32 102
32 103
32 105
32 106
32 107
32 108
32 109
32 110
32 111
32 112
32 113
32 114
32 117
32 119
32 120
32 122
32 123
32 127
33 34
33 35
33 37
33 38
33 40
33 41
33 43
33 44
33 46
33 47
33 48
33 49
33 51
33 52
33 54
33 55
33 57
33 58
33 61
33 62
33 63
33 65
33 69
33 70
33 74
33 75
33 76
33 78
33 80
33 81
33 87
33 90
33 91
33 92
33 93
33 97
33 99
33 101
33 111
33 112
33 113
33 114
33 116
33 117
33 118
33 121
33 123
33 125
33 127
33 128
34 36
34 43
34 45
34 46
34 48
34 50
34 55
34 57
34 58
34 60
34 61
34 62
34 63
34 64
34 65
34 66
34 68
34 71
34 75
34 77
34 80
34 83
34 85
34 86
34 87
34 88
34 89
34 92
34 93
34 94
34 95
34 96
34 97
34 98
34 100
34 101
34 102
34 103
34 104
34 105
34 106
34 108
34 110
34 112
34 113
34 114
34 115
34 117
34 119
34 120
34 122
34 124
34 126
34 127
35 37
35 44
35 45
35 48
35 50
35 53
35 59
35 63
35 64
35 65
35 66
35 70
35 74
35 75
35 78
35 82
35 84
35 86
35 88
35 89
35 91
35 95
35 96
35 99
35 102
35 107
35 109
35 110
35 111
35 112
35 113
35 117
35 118
35 121
35 123
35 124
35 125
35 126
35 127
36 37
36 38
36 40
36 43
36 44
36 45
36 48
36 49
36 50
36 51
36 54
36 55
36 57
36 58
36 59
36 61
36 62
36 63
36 64
36 65
36 67
36 73
36 74
36 75
36 77
36 79
36 80
36 81
36 82
36 83
36 87
36 88
36 89
36 92
36 94
36 96
36 97
36 99
36 101
36 102
36 103
36 106
36 108
36 109
36 114
36 116
36 117
36 122
36 123
36 124
37 39
37 40
37 41
37 42
37 43
37 45
37 46
37 49
37 50
37 53
37 56
37 57
37 58
37 59
37 60
37 61
37 63
37 64
37 69
37 70
37 73
37 74
37 75
37 77
37 78
37 81
37 83
37 84
37 85
37 86
37 93
37 96
37 97
37 98
37 99
37 100
37 101
37 104
37 108
37 109
37 110
37 112
37 113
37 114
37 116
37 118
37 119
37 120
37 123
37 125
37 126
37 127
37 128
38 42
38 44
38 46
38 48
38 50
38 55
38 57
38 59
38 60
38 61
38 62
38 67
38 69
38 70
38 72
38 75
38 79
38 81
38 83
38 84
38 85
38 89
38 90
38 92
38 94
38 97
38 102
38 103
38 106
38 107
38 108
38 110
38 112
38 116
38 117
38 119
38 120
38 121
38 122
38 124
39 40
39 41
39 43
39 44
39 45
39 46
39 47
39 48
39 49
39 52
39 54
39 55
39 56
39 58
39 61
39 64
39 67
39 68
39 70
39 72
39 73
39 77
39 78
39 81
39 82
39 83
39 84
39 87
39 88
39 89
39 90
39 93
39 95
39 102
39 105
39 108
39 109
39 110
39 113
39 115
39 117
39 120
39 121
39 122
39 128
40 44
40 45
40 46
40 47
40 50
40 55
40 56
40 60
40 61
40 63
40 64
40 71
40 72
40 78
40 80
40 81
40 83
40 85
40 86
40 88
40 89
40 91
40 92
40 97
40 98
40 99
40 101
40 103
40 104
40 106
40 107
40 108
40 109
40 115
40 116
40 117
40 118
40 120
40 121
40 125
40 128
41 44
41 45
41 47
41 48
41 49
41 50
41 52
41 54
41 59
41 60
41 63
41 64
41 65
41 68
41 72
41 73
41 74
41 75
41 76
41 79
41 80
41 82
41 83
41 84
41 85
41 89
41 92
41 93
41 94
41 95
41 98
41 99
41 101
41 103
41 104
41 107
41 109
41 113
41 114
41 120
41 121
41 122
41 123
41 125
41 128
42 43
42 44
42 45
42 46
42 47
42 48
42 50
42 51
42 52
42 54
42 56
42 57
42 61
42 64
42 65
42 67
42 71
42 73
42 74
42 75
42 77
42 78
42 80
42 81
42 85
42 86
42 87
42 90
42 91
42 93
42 94
42 96
42 97
42 99
42 102
42 103
42 104
42 105
42 107
42 111
42 112
42 113
42 114
42 118
42 119
42 120
42 122
42 123
42 125
42 128
43 44
43 45
43 47
43 50
43 51
43 52
43 56
43 58
43 59
43 60
43 61
43 62
43 63
43 64
43 65
43 68
43 69
43 71
43 72
43 74
43 76
43 77
43 81
43 82
43 84
43 85
43 88
43 92
43 94
43 95
43 99
43 101
43 105
43 106
43 108
43 109
43 110
43 114
43 116
43 117
43 120
43 121
43 124
43 125
43 128
44 45
44 47
44 49
44 50
44 52
44 55
44 56
44 57
44 60
44 63
44 67
44 68
44 70
44 72
44 73
44 74
44 75
44 77
44 78
44 79
44 85
44 89
44 90
44 91
44 92
44 94
44 96
44 98
44 100
44 103
44 104
44 105
44 110
44 111
44 112
44 113
44 115
44 117
44 118
44 120
44 123
44 124
44 125
44 127
44 128
45 46
45 47
45 48
45 49
45 51
45 52
45 54
45 58
45 62
45 63
45 64
45 66
45 67
45 68
45 70
45 72
45 74
45 75
45 76
45 78
45 82
45 84
45 85
45 86
45 88
45 89
45 97
45 100
45 103
45 105
45 110
45 111
45 112
45 113
45 117
45 118
45 120
45 122
45 123
45 124
45 125
45 128
46 47
46 48
46 51
46 52
46 53
46 55
46 61
46 62
46 64
46 65
46 66
46 68
46 69
46 72
46 73
46 75
46 79
46 80
46 81
46 82
46 83
46 84
46 85
46 86
46 93
46 94
46 96
46 97
46 98
46 99
46 103
46 104
46 106
46 107
46 108
46 118
46 121
46 122
46 127
47 51
47 53
47 56
47 58
47 59
47 60
47 63
47 65
47 68
47 69
47 70
47 71
47 72
47 74
47 75
47 76
47 78
47 79
47 80
47 82
47 83
47 85
47 89
47 90
47 91
47 93
47 95
47 96
47 97
47 100
47 102
47 103
47 104
47 106
47 107
47 112
47 115
47 116
47 118
47 119
47 122
47 124
47 125
47 126
47 128
48 49
48 51
48 54
48 55
48 56
48 63
48 64
48 66
48 69
48 70
48 71
48 72
48 73
48 74
48 75
48 78
48 82
48 85
48 86
48 87
48 89
48 92
48 93
48 96
48 98
48 99
48 104
48 108
48 109
48 110
48 111
48 112
48 113
48 114
48 115
48 120
48 121
48 124
48 125
48 126
49 52
49 53
49 55
49 57
49 59
49 60
49 61
49 63
49 67
49 68
49 69
49 70
49 73
49 74
49 76
49 77
49 81
49 82
49 84
49 85
49 86
49 87
49 91
49 92
49 93
49 94
49 96
49 97
49 99
49 102
49 103
49 107
49 110
49 111
49 112
49 113
49 114
49 116
49 117
49 118
49 120
49 122
49 124
49 125
50 51
50 55
50 56
50 57
50 58
50 66
50 67
50 68
50 69
50 70
50 71
50 76
50 78
50 81
50 84
50 85
50 86
50 88
50 92
50 93
50 94
50 95
50 97
50 98
50 102
50 103
50 112
50 118
50 120
50 121
50 123
50 128
51 56
51 57
51 58
51 61
51 62
51 63
51 65
51 67
51 69
51 73
51 77
51 78
51 79
51 82
51 85
51 89
51 91
51 92
51 93
51 96
51 98
51 101
51 102
51 103
51 105
51 106
51 108
51 112
51 113
51 114
51 116
51 117
51 120
51 124
51 125
52 54
52 55
52 56
52 57
52 63
52 64
52 66
52 67
52 69
52 71
52 72
52 73
52 74
52 77
52 80
52 82
52 85
52 87
52 88
52 91
52 93
52 94
52 95
52 96
52 98
52 99
52 103
52 104
52 109
52 110
52 111
52 112
52 115
52 116
52 118
52 119
52 121
52 124
52 126
52 127
52 128
53 54
53 55
53 57
53 61
53 62
53 64
53 67
53 70
53 75
53 79
53 81
53 84
53 85
53 87
53 90
53 93
53 94
53 95
53 96
53 97
53 98
53 99
53 103
53 104
53 105
53 106
53 108
53 109
53 112
53 116
53 118
53 119
53 120
53 122
53 123
53 126
53 128
54 55
54 58
54 60
54 62
54 64
54 65
54 66
54 67
54 70
54 71
54 72
54 73
54 75
54 77
54 78
54 79
54 85
54 86
54 87
54 90
54 93
54 95
54 97
54 100
54 101
54 102
54 104
54 106
54 107
54 110
54 111
54 115
54 116
54 117
54 118
54 119
54 120
54 122
54 124
55 56
55 58
55 59
55 62
55 63
55 64
55 65
55 66
55 69
55 70
55 72
55 73
55 75
55 80
55 81
55 82
55 83
55 84
55 89
55 90
55 92
55 93
55 95
55 96
55 97
55 99
55 100
55 104
55 105
55 106
55 109
55 110
55 111
55 112
55 114
55 123
55 124
55 127
55 128
56 58
56 59
56 62
56 63
56 64
56 65
56 68
56 70
56 71
56 73
56 75
56 77
56 82
56 83
56 88
56 89
56 91
56 92
56 93
56 94
56 101
56 103
56 104
56 106
56 109
56 111
56 112
56 114
56 115
56 116
56 118
56 119
56 120
56 121
56 122
56 125
56 127
57 58
57 60
57 61
57 64
57 68
57 73
57 74
57 75
57 76
57 77
57 79
57 80
57 81
57 82
57 85
57 88
57 92
57 98
57 100
57 103
57 104
57 108
57 109
57 110
57 112
57 113
57 114
57 121
57 123
57 125
58 59
58 60
58 63
58 66
58 68
58 69
58 71
58 72
58 73
58 74
58 75
58 78
58 80
58 85
58 89
58 98
58 100
58 102
58 103
58 108
58 110
58 111
58 116
58 117
58 118
58 119
58 120
58 121
58 122
58 128
59 63
59 65
59 75
59 77
59 79
59 80
59 82
59 83
59 84
59 85
59 89
59 90
59 92
59 93
59 94
59 98
59 100
59 102
59 104
59 105
59 107
59 108
59 109
59 112
59 115
59 116
59 118
59 120
59 121
59 122
59 123
59 125
59 128
60 61
60 63
60 64
60 66
60 71
60 73
60 75
60 77
60 79
60 81
60 83
60 86
60 88
60 93
60 95
60 97
60 101
60 102
60 104
60 106
60 107
60 108
60 109
60 110
60 112
60 114
60 115
60 116
60 120
60 122
60 125
60 128
61 62
61 64
61 65
61 66
61 67
61 68
61 69
61 71
61 75
61 76
61 77
61 78
61 81
61 82
61 85
61 86
61 87
61 93
61 96
61 97
61 98
61 99
61 100
61 101
61 102
61 104
61 105
61 106
61 107
61 108
61 109
61 110
61 113
61 114
61 115
61 116
61 119
61 124
61 126
61 128
62 64
62 67
62 68
62 69
62 70
62 78
62 80
62 81
62 82
62 83
62 84
62 88
62 89
62 90
62 91
62 92
62 96
62 97
62 98
62 99
62 100
62 101
62 104
62 106
62 108
62 110
62 111
62 112
62 113
62 114
62 116
62 117
62 119
62 122
62 123
62 128
63 64
63 66
63 67
63 68
63 69
63 71
63 73
63 75
63 76
63 77
63 81
63 82
63 83
63 85
63 86
63 87
63 89
63 91
63 92
63 94
63 95
63 97
63 98
63 99
63 100
63 105
63 108
63 109
63 110
63 111
63 112
63 113
63 114
63 116
63 117
63 119
63 120
63 121
63 122
63 123
63 127
63 128
64 67
64 68
64 69
64 71
64 73
64 74
64 75
64 76
64 77
64 78
64 80
64 86
64 87
64 88
64 92
64 94
64 95
64 98
64 101
64 104
64 105
64 107
64 108
64 109
64 111
64 112
64 113
64 114
64 115
64 116
64 117
64 118
64 119
64 120
64 121
64 122
64 124
64 126
64 127
64 128
65 66
65 67
65 70
65 73
65 77
65 78
65 79
65 82
65 83
65 84
65 87
65 88
65 92
65 94
65 95
65 96
65 97
65 99
65 100
65 102
65 103
65 104
65 106
65 107
65 108
65 109
65 110
65 113
65 114
65 116
65 117
65 118
65 119
65 121
65 122
65 124
66 67
66 68
66 69
66 70
66 77
66 79
66 81
66 82
66 83
66 85
66 86
66 89
66 90
66 93
66 94
66 97
66 98
66 99
66 101
66 102
66 105
66 106
66 107
66 108
66 109
66 110
66 112
66 116
66 119
66 120
66 122
66 126
67 69
67 72
67 75
67 79
67 81
67 82
67 83
67 84
67 86
67 92
67 94
67 96
67 97
67 99
67 101
67 104
67 106
67 109
67 110
67 111
67 112
67 115
67 117
67 119
67 121
67 122
67 126
67 127
67 128
68 69
68 71
68 72
68 75
68 79
68 81
68 82
68 84
68 85
68 86
68 88
68 89
68 90
68 91
68 93
68 95
68 96
68 98
68 100
68 102
68 103
68 106
68 108
68 109
68 111
68 113
68 114
68 115
68 116
68 117
68 118
68 122
68 123
68 125
68 126
68 127
69 71
69 72
69 73
69 74
69 75
69 76
69 77
69 80
69 85
69 88
69 90
69 91
69 92
69 93
69 94
69 96
69 98
69 100
69 102
69 105
69 106
69 110
69 111
69 112
69 113
69 115
69 117
69 121
69 123
69 124
69 127
69 128
70 71
70 74
70 75
70 78
70 80
70 85
70 86
70 92
70 93
70 95
70 101
70 102
70 103
70 105
70 111
70 115
70 116
70 117
70 118
70 119
70 123
70 128
71 74
71 77
71 82
71 86
71 88
71 90
71 91
71 92
71 93
71 95
71 96
71 99
71 102
71 103
71 106
71 107
71 108
71 114
71 115
71 118
71 119
71 120
71 121
71 122
71 124
71 125
71 126
71 127
71 128
72 74
72 75
72 76
72 77
72 78
72 79
72 80
72 81
72 83
72 84
72 86
72 88
72 91
72 93
72 95
72 99
72 102
72 103
72 105
72 106
72 107
72 108
72 109
72 111
72 113
72 115
72 117
72 120
72 121
72 122
72 123
72 124
72 125
73 74
73 75
73 76
73 77
73 78
73 81
73 84
73 85
73 88
73 89
73 90
73 98
73 100
73 101
73 102
73 103
73 106
73 107
73 109
73 110
73 111
73 112
73 117
73 118
73 123
73 125
73 128
74 75
74 77
74 78
74 80
74 81
74 82
74 86
74 89
74 90
74 97
74 98
74 99
74 101
74 102
74 103
74 104
74 105
74 106
74 107
74 108
74 111
74 113
74 114
74 115
74 116
74 118
74 119
74 120
74 121
74 123
74 125
75 76
75 77
75 78
75 81
75 83
75 86
75 87
75 90
75 91
75 92
75 94
75 100
75 103
75 105
75 106
75 107
75 108
75 109
75 111
75 117
75 118
75 119
75 121
75 124
75 125
75 127
75 128
76 87
76 89
76 90
76 94
76 96
76 98
76 99
76 102
76 108
76 113
76 122
76 123
76 124
76 126
76 128
77 79
77 83
77 85
77 87
77 88
77 90
77 91
77 92
77 96
77 97
77 98
77 100
77 105
77 108
77 109
77 114
77 115
77 116
77 118
77 121
77 122
77 123
77 126
78 81
78 85
78 89
78 91
78 93
78 94
78 95
78 97
78 98
78 100
78 103
78 105
78 106
78 107
78 108
78 110
78 112
78 113
78 114
78 117
78 119
78 120
78 123
78 125
78 126
78 128
79 82
79 85
79 86
79 87
79 92
79 95
79 97
79 98
79 99
79 100
79 102
79 105
79 110
79 112
79 113
79 116
79 117
79 118
79 120
79 121
80 82
80 83
80 84
80 86
80 91
80 95
80 96
80 97
80 102
80 103
80 105
80 106
80 109
80 113
80 119
80 121
80 123
80 124
80 125
80 127
80 128
81 82
81 83
81 84
81 85
81 86
81 88
81 89
81 90
81 93
81 94
81 96
81 97
81 98
81 99
81 102
81 104
81 105
81 108
81 110
81 114
81 118
81 121
81 122
81 123
81 124
81 126
82 83
82 87
82 88
82 89
82 91
82 92
82 93
82 95
82 96
82 97
82 101
82 102
82 103
82 104
82 105
82 107
82 109
82 111
82 113
82 114
82 116
82 117
82 118
82 120
82 123
82 125
82 126
82 127
83 85
83 89
83 91
83 93
83 94
83 95
83 98
83 99
83 100
83 103
83 105
83 106
83 108
83 109
83 112
83 113
83 116
83 117
83 118
83 119
83 121
83 122
83 123
83 124
83 126
83 127
84 85
84 87
84 88
84 89
84 93
84 95
84 97
84 99
84 102
84 104
84 105
84 106
84 107
84 111
84 113
84 114
84 118
84 119
84 120
84 122
84 127
84 128
85 86
85 87
85 88
85 91
85 93
85 97
85 99
85 101
85 103
85 104
85 108
85 111
85 113
85 117
85 118
85 123
86 88
86 92
86 93
86 95
86 99
86 100
86 103
86 104
86 105
86 107
86 108
86 110
86 111
86 112
86 114
86 115
86 120
86 121
86 122
86 123
86 124
86 126
87 88
87 89
87 91
87 92
87 93
87 94
87 95
87 96
87 97
87 99
87 101
87 102
87 104
87 105
87 106
87 109
87 112
87 116
87 117
87 118
87 119
87 121
87 122
87 123
87 124
87 125
88 91
88 93
88 94
88 95
88 96
88 97
88 98
88 100
88 102
88 103
88 104
88 106
88 107
88 108
88 109
88 110
88 114
88 119
88 122
88 125
88 126
88 127
89 90
89 91
89 92
89 94
89 95
89 97
89 98
89 99
89 100
89 101
89 103
89 104
89 107
89 108
89 110
89 111
89 113
89 117
89 118
89 120
89 121
89 122
89 126
90 95
90 96
90 99
90 100
90 101
90 102
90 103
90 105
90 107
90 108
90 109
90 111
90 112
90 113
90 114
90 116
90 119
90 121
90 122
90 124
90 125
90 127
91 92
91 93
91 94
91 96
91 97
91 98
91 99
91 100
91 101
91 106
91 107
91 108
91 109
91 111
91 113
91 117
91 119
91 120
91 121
91 122
91 123
91 124
91 128
92 95
92 97
92 100
92 102
92 106
92 107
92 108
92 109
92 110
92 111
92 112
92 114
92 115
92 117
92 119
92 120
92 124
92 125
92 126
92 127
93 94
93 95
93 98
93 100
93 102
93 105
93 107
93 110
93 112
93 114
93 115
93 116
93 117
93 119
93 120
93 122
93 124
93 125
93 126
93 128
94 100
94 101
94 102
94 106
94 110
94 111
94 112
94 114
94 116
94 119
94 121
94 122
94 125
94 126
94 127
95 97
95 98
95 101
95 107
95 109
95 110
95 111
95 120
95 122
95 123
95 124
95 125
95 127
96 97
96 100
96 112
96 116
96 117
96 120
96 121
96 122
96 123
96 124
96 125
96 127
96 128
97 99
97 101
97 102
97 103
97 104
97 105
97 106
97 107
97 109
97 112
97 115
97 116
97 120
97 121
97 122
97 124
97 125
97 127
97 128
98 99
98 101
98 102
98 103
98 104
98 107
98 111
98 113
98 118
98 119
98 121
98 122
98 123
98 125
98 126
98 127
99 100
99 101
99 102
99 106
99 108
99 109
99 110
99 115
99 116
99 118
99 120
99 123
99 126
99 127
100 103
100 105
100 106
100 109
100 110
100 112
100 113
100 115
100 120
100 122
100 123
100 124
100 125
100 127
101 102
101 104
101 108
101 109
101 111
101 112
101 117
101 118
101 119
101 120
101 121
101 122
101 125
101 126
101 127
102 103
102 106
102 108
102 110
102 111
102 117
102 118
102 119
102 120
102 121
102 125
102 126
103 105
103 106
103 107
103 108
103 114
103 115
103 116
103 118
103 119
103 120
103 121
103 122
103 123
103 126
104 105
104 106
104 109
104 110
104 112
104 115
104 117
104 118
104 119
104 122
104 125
105 106
105 109
105 110
105 111
105 112
105 113
105 114
105 121
105 124
105 125
105 126
106 110
106 111
106 112
106 113
106 116
106 117
106 118
106 119
106 120
106 121
106 123
106 124
106 125
107 108
107 114
107 115
107 117
107 119
107 120
107 121
107 122
107 123
107 125
107 127
108 109
108 111
108 112
108 113
108 116
108 122
108 123
108 124
108 125
108 128
109 112
109 113
109 115
109 116
109 120
109 121
109 123
109 124
109 126
110 112
110 113
110 114
110 115
110 117
110 122
110 126
110 128
111 112
111 113
111 116
111 117
111 119
111 121
111 122
111 126
112 113
112 115
112 116
112 117
112 118
112 125
112 126
113 114
113 116
113 117
113 120
113 121
113 124
113 125
113 126
113 127
113 128
114 115
114 117
114 119
114 120
114 123
114 125
114 126
114 127
114 128
115 117
115 118
115 119
115 121
115 125
115 126
115 128
116 119
116 121
116 122
116 123
116 125
116 126
116 128
117 121
117 124
117 125
117 127
118 120
118 121
118 122
118 125
118 126
118 127
119 122
119 123
119 124
119 126
119 127
120 121
120 122
120 123
120 124
120 128
121 122
121 125
122 124
122 125
122 126
123 124
123 125
123 127
123 128
124 127
125 128
126 128
