128 1684
1 6
1 9
1 21
1 23
1 24
1 25
1 27
1 36
1 43
1 45
1 46
1 50
1 53
1 55
1 59
1 62
1 63
1 65
1 66
1 72
1 80
1 81
1 83
1 87
1 90
1 91
1 92
1 99
1 100
1 104
1 107
2 4
2 8
2 12
2 14
2 22
2 31
2 33
2 34
2 36
2 37
2 39
2 40
2 52
2 54
2 59
2 61
2 64
2 68
2 71
2 72
2 75
2 78
2 82
2 83
2 87
2 88
2 89
2 90
2 92
2 95
2 97
2 101
2 126
2 128
3 10
3 11
3 15
3 24
3 29
3 37
3 39
3 43
3 49
3 63
3 66
3 74
3 75
3 85
3 92
3 102
3 103
3 113
3 115
3 120
3 122
3 127
4 13
4 14
4 25
4 26
4 28
4 32
4 35
4 36
4 41
4 42
4 47
4 52
4 53
4 57
4 58
4 60
4 72
4 80
4 84
4 85
4 89
4 90
4 94
4 98
4 99
4 103
4 106
4 109
4 112
4 113
4 114
5 8
5 10
5 15
5 24
5 28
5 30
5 36
5 38
5 40
5 42
5 43
5 44
5 53
5 54
5 55
5 58
5 60
5 63
5 64
5 65
5 69
5 83
5 91
5 92
5 94
5 103
5 109
5 115
5 117
5 123
6 7
6 18
6 21
6 31
6 32
6 36
6 39
6 42
6 49
6 50
6 51
6 59
6 62
6 64
6 66
6 76
6 81
6 82
6 90
6 94
6 96
6 102
6 105
6 107
6 114
6 117
6 118
6 123
6 124
6 125
7 10
7 14
7 15
7 17
7 30
7 36
7 37
7 38
7 39
7 40
7 46
7 49
7 52
7 62
7 77
7 79
7 87
7 88
7 89
7 93
7 97
7 98
7 101
7 104
7 108
7 113
7 123
7 127
8 15
8 16
8 19
8 21
8 22
8 26
8 27
8 28
8 32
8 37
8 39
8 44
8 45
8 49
8 52
8 55
8 60
8 70
8 71
8 82
8 84
8 88
8 92
8 96
8 97
8 100
8 103
8 109
8 114
8 116
8 124
9 13
9 17
9 32
9 35
9 53
9 55
9 58
9 59
9 63
9 65
9 66
9 78
9 84
9 86
9 95
9 98
9 116
9 121
9 125
9 127
9 128
10 15
10 17
10 24
10 26
10 29
10 42
10 44
10 48
10 61
10 72
10 76
10 77
10 80
10 92
10 104
10 109
10 114
10 115
10 122
10 128
11 13
11 31
11 36
11 38
11 50
11 51
11 53
11 59
11 60
11 66
11 69
11 74
11 80
11 81
11 83
11 94
11 104
11 111
11 115
11 120
11 123
12 14
12 22
12 23
12 26
12 52
12 53
12 56
12 57
12 70
12 76
12 80
12 87
12 89
12 99
12 102
12 106
12 109
12 116
12 117
12 126
13 24
13 32
13 40
13 50
13 54
13 62
13 66
13 71
13 78
13 84
13 85
13 91
13 98
13 100
13 101
13 113
13 119
13 126
13 127
14 15
14 25
14 29
14 35
14 37
14 43
14 50
14 51
14 62
14 65
14 69
14 74
14 84
14 90
14 102
14 115
14 118
14 125
15 21
15 23
15 26
15 27
15 32
15 37
15 47
15 52
15 59
15 84
15 90
15 95
15 96
15 103
15 107
15 108
15 112
15 115
15 120
15 121
16 18
16 19
16 21
16 26
16 27
16 28
16 32
16 34
16 36
16 40
16 41
16 44
16 51
16 54
16 57
16 73
16 84
16 87
16 88
16 101
16 107
16 109
16 121
16 122
17 18
17 26
17 37
17 38
17 43
17 45
17 46
17 51
17 54
17 55
17 58
17 61
17 74
17 77
17 85
17 95
17 97
17 103
17 116
17 121
17 123
18 24
18 37
18 40
18 52
18 54
18 68
18 71
18 75
18 76
18 83
18 85
18 90
18 92
18 93
18 96
18 99
18 100
18 104
18 105
18 116
18 119
19 21
19 22
19 25
19 27
19 39
19 40
19 48
19 51
19 56
19 61
19 62
19 71
19 75
19 77
19 81
19 96
19 99
19 110
19 116
19 119
19 122
19 125
20 21
20 24
20 27
20 32
20 38
20 39
20 40
20 57
20 59
20 63
20 74
20 84
20 85
20 87
20 91
20 94
20 102
20 105
20 106
20 112
20 113
20 115
20 122
20 124
20 126
20 127
21 23
21 24
21 28
21 29
21 43
21 45
21 46
21 48
21 50
21 52
21 62
21 64
21 67
21 69
21 71
21 74
21 80
21 82
21 92
21 94
21 95
21 97
21 107
21 115
21 124
22 25
22 28
22 29
22 32
22 33
22 35
22 39
22 44
22 50
22 52
22 55
22 67
22 72
22 76
22 80
22 83
22 84
22 85
22 87
22 97
22 99
22 101
22 103
22 107
22 109
22 111
22 114
22 123
23 28
23 32
23 37
23 46
23 60
23 63
23 65
23 69
23 70
23 78
23 84
23 86
23 90
23 101
23 102
23 119
24 29
24 31
24 33
24 44
24 47
24 63
24 67
24 78
24 81
24 82
24 94
24 98
24 105
24 112
24 120
24 124
25 31
25 33
25 48
25 51
25 52
25 88
25 90
25 91
25 93
25 96
25 98
25 103
25 106
25 113
25 119
25 120
25 122
25 125
26 28
26 32
26 35
26 36
26 43
26 46
26 50
26 52
26 54
26 72
26 79
26 83
26 85
26 88
26 98
26 110
26 114
26 120
26 127
26 128
27 28
27 49
27 53
27 66
27 68
27 73
27 76
27 77
27 79
27 83
27 84
27 85
27 87
27 90
27 92
27 93
27 94
27 112
27 115
27 117
27 124
27 127
28 31
28 37
28 43
28 46
28 51
28 65
28 70
28 72
28 74
28 77
28 81
28 85
28 91
28 96
28 103
28 104
28 105
28 113
28 114
28 115
28 120
28 121
28 128
29 33
29 40
29 42
29 44
29 66
29 70
29 77
29 78
29 89
29 90
29 91
29 97
29 98
29 104
29 105
29 112
29 114
29 117
29 119
29 121
29 128
30 32
30 35
30 37
30 40
30 46
30 50
30 54
30 57
30 58
30 63
30 73
30 74
30 84
30 88
30 91
30 96
30 98
30 106
30 107
30 110
30 125
31 38
31 39
31 48
31 50
31 67
31 74
31 77
31 80
31 81
31 82
31 84
31 85
31 94
31 96
31 98
31 107
31 110
31 112
31 114
31 115
31 116
31 117
31 120
31 125
32 42
32 43
32 44
32 54
32 56
32 60
32 61
32 63
32 70
32 75
32 78
32 91
32 108
32 110
32 114
32 119
33 34
33 37
33 39
33 48
33 50
33 55
33 58
33 59
33 61
33 62
33 67
33 74
33 76
33 81
33 84
33 90
33 91
33 92
33 102
33 105
33 106
33 110
33 123
34 36
34 37
34 46
34 57
34 60
34 64
34 66
34 69
34 71
34 79
34 85
34 86
34 89
34 92
34 94
34 97
34 99
34 109
34 111
34 113
34 117
34 121
35 36
35 38
35 43
35 50
35 54
35 57
35 66
35 67
35 68
35 73
35 76
35 78
35 90
35 94
35 100
35 103
35 107
35 108
35 111
35 115
35 116
35 119
35 122
35 126
36 41
36 42
36 52
36 59
36 71
36 81
36 88
36 90
36 92
36 98
36 105
36 109
36 114
36 123
36 126
36 128
37 44
37 57
37 63
37 64
37 79
37 80
37 81
37 85
37 87
37 89
37 95
37 96
37 101
37 103
37 105
37 117
37 121
37 126
37 127
38 47
38 48
38 49
38 58
38 63
38 68
38 74
38 75
38 76
38 80
38 81
38 85
38 90
38 100
38 115
38 124
38 126
39 44
39 47
39 48
39 50
39 51
39 59
39 60
39 61
39 64
39 66
39 67
39 79
39 89
39 92
39 94
39 99
39 103
39 104
39 106
39 111
39 114
39 118
39 119
39 122
39 124
40 44
40 46
40 47
40 55
40 61
40 66
40 74
40 75
40 89
40 92
40 96
40 97
40 99
40 103
41 42
41 45
41 48
41 50
41 62
41 77
41 80
41 83
41 94
41 115
41 119
42 45
42 46
42 49
42 56
42 58
42 62
42 65
42 76
42 77
42 84
42 86
42 90
42 92
42 107
42 110
42 125
43 44
43 45
43 46
43 54
43 55
43 64
43 68
43 76
43 79
43 85
43 88
43 89
43 90
43 97
43 99
43 108
43 110
43 112
43 113
44 48
44 52
44 56
44 60
44 66
44 70
44 71
44 74
44 80
44 81
44 85
44 86
44 87
44 96
44 98
44 103
44 108
44 111
44 115
44 122
44 126
44 128
45 46
45 47
45 56
45 60
45 62
45 63
45 64
45 67
45 68
45 71
45 88
45 89
45 98
45 100
45 107
45 108
45 112
45 113
45 118
45 124
46 52
46 54
46 55
46 58
46 65
46 69
46 71
46 75
46 84
46 92
46 99
46 101
46 104
46 105
46 111
46 113
46 114
46 117
46 125
46 126
47 50
47 53
47 58
47 65
47 67
47 68
47 70
47 75
47 82
47 86
47 97
47 99
47 100
47 102
47 123
48 56
48 58
48 63
48 74
48 75
48 76
48 77
48 81
48 82
48 89
48 106
48 108
48 122
48 126
49 51
49 55
49 64
49 73
49 74
49 90
49 95
49 97
49 98
49 100
49 103
49 109
49 117
49 119
49 127
49 128
50 51
50 54
50 55
50 56
50 57
50 62
50 72
50 73
50 74
50 75
50 76
50 82
50 96
50 100
50 107
50 119
50 120
50 122
50 123
50 124
50 128
51 52
51 54
51 55
51 59
51 61
51 65
51 72
51 78
51 83
51 85
51 88
51 89
51 95
51 109
51 117
51 122
51 125
51 126
51 127
51 128
52 53
52 65
52 72
52 78
52 87
52 100
52 108
52 111
52 120
52 121
52 122
52 124
52 128
53 56
53 64
53 65
53 70
53 77
53 85
53 91
53 95
53 96
53 98
53 106
53 108
53 109
53 113
53 114
53 121
54 56
54 61
54 65
54 84
54 89
54 98
54 109
54 112
54 125
55 64
55 68
55 71
55 72
55 78
55 86
55 90
55 91
55 94
55 100
55 101
55 102
55 104
55 107
55 108
55 110
55 112
55 118
55 119
55 121
55 124
55 125
56 58
56 60
56 69
56 72
56 74
56 78
56 83
56 97
56 99
56 104
56 105
56 109
56 113
56 115
56 118
56 121
56 128
57 61
57 72
57 76
57 83
57 90
57 92
57 100
57 101
57 105
57 108
57 110
57 121
57 123
58 61
58 62
58 64
58 68
58 74
58 75
58 77
58 79
58 82
58 87
58 92
58 98
58 104
58 113
58 114
58 116
59 64
59 69
59 71
59 78
59 85
59 89
59 93
59 96
59 98
59 100
59 103
59 108
59 122
60 62
60 65
60 77
60 80
60 81
60 82
60 97
60 105
60 108
60 116
60 120
60 123
60 126
61 65
61 66
61 72
61 73
61 93
61 94
61 96
61 105
61 108
61 119
61 122
62 64
62 81
62 85
62 90
62 94
62 102
62 111
62 115
62 117
62 124
63 70
63 74
63 78
63 84
63 89
63 92
63 108
63 122
63 126
63 127
64 68
64 73
64 76
64 79
64 83
64 86
64 90
64 93
64 96
64 102
64 105
64 106
64 113
64 123
64 125
64 126
65 69
65 76
65 80
65 91
65 92
65 105
65 107
65 108
65 114
65 121
65 127
66 70
66 71
66 74
66 75
66 76
66 82
66 88
66 89
66 90
66 98
66 100
66 101
66 110
66 114
66 115
66 117
66 120
66 126
67 70
67 75
67 82
67 83
67 87
67 101
67 106
67 109
67 112
67 113
67 121
68 71
68 74
68 77
68 78
68 83
68 90
68 93
68 95
68 103
68 107
68 111
68 112
68 114
68 123
69 76
69 77
69 82
69 87
69 94
69 96
69 105
69 106
69 113
69 114
69 115
69 125
69 127
70 79
70 88
70 90
70 95
70 102
70 109
70 121
71 74
71 76
71 81
71 83
71 88
71 93
71 95
71 100
71 108
71 114
71 120
71 124
71 125
72 80
72 81
72 88
72 90
72 91
72 96
72 102
72 111
72 119
73 88
73 93
73 100
73 116
73 120
73 121
73 128
74 77
74 85
74 87
74 95
74 103
74 108
74 118
74 127
75 77
75 78
75 80
75 84
75 85
75 92
75 97
75 98
75 102
75 106
75 113
75 114
75 122
75 126
75 127
76 95
76 96
76 97
76 98
76 102
76 108
76 124
76 126
77 80
77 81
77 87
77 93
77 97
77 99
77 101
77 107
77 118
77 119
77 122
78 80
78 83
78 84
78 89
78 90
78 95
78 103
78 107
78 112
78 115
78 116
78 126
79 80
79 86
79 89
79 93
79 98
79 100
79 102
79 105
79 107
79 112
79 124
79 128
80 82
80 87
80 88
80 89
80 91
80 92
80 110
80 114
80 115
80 117
80 124
80 125
80 126
81 84
81 85
81 94
81 95
81 97
81 112
81 118
81 125
82 91
82 98
82 100
82 106
82 112
82 117
82 122
82 123
82 126
83 85
83 93
83 94
83 103
83 105
83 118
83 126
84 91
84 100
84 101
84 112
84 117
84 120
84 121
84 123
85 88
85 89
85 99
85 100
85 102
85 105
85 109
85 112
85 116
86 88
86 96
86 106
86 107
86 109
86 120
87 93
87 94
87 108
87 110
87 122
87 126
88 89
88 92
88 99
88 104
88 106
88 107
88 114
88 118
88 119
88 126
89 91
89 93
89 106
89 107
89 112
89 115
89 118
89 119
89 120
89 121
89 123
89 124
89 127
89 128
90 96
90 97
90 101
90 102
90 106
90 112
90 114
90 120
91 97
91 100
91 103
91 113
91 117
91 125
91 128
92 93
92 94
92 95
92 96
92 100
92 101
92 104
92 105
92 113
92 116
92 127
93 95
93 98
93 104
93 106
93 111
93 112
93 115
94 108
94 119
94 123
94 125
94 128
95 102
95 104
95 106
95 108
95 119
95 122
96 97
96 99
96 102
96 106
96 110
96 114
96 122
96 125
97 101
97 102
97 110
97 120
97 122
97 126
98 105
98 110
98 122
98 126
99 100
99 105
99 114
100 110
100 113
101 106
101 121
101 128
102 103
102 104
102 105
102 115
102 119
102 126
103 105
103 115
103 118
103 125
103 126
104 105
104 108
104 111
104 115
104 119
104 123
104 127
105 113
105 120
105 122
105 125
105 127
106 111
106 114
106 118
106 119
106 126
107 112
107 115
107 116
107 119
107 120
107 122
108 109
108 126
108 128
109 112
109 113
109 119
109 122
109 127
109 128
110 112
110 113
110 118
110 121
110 123
110 126
111 120
111 122
111 123
111 124
111 128
112 114
112 116
112 117
112 123
113 115
113 117
114 116
114 128
115 116
115 119
115 120
116 128
117 125
118 126
119 121
119 122
119 125
120 121
120 122
120 127
120 128
122 123
122 124
123 124
123 127
125 127
126 128
127 128
