128 1534
1 15
1 18
1 20
1 24
1 28
1 35
1 37
1 39
1 40
1 43
1 47
1 48
1 50
1 52
1 54
1 58
1 61
1 64
1 66
1 68
1 69
1 71
1 84
1 104
1 118
2 3
2 13
2 20
2 23
2 36
2 37
2 39
2 40
2 42
2 44
2 45
2 48
2 49
2 51
2 59
2 87
2 91
2 106
2 109
2 114
2 116
2 118
2 120
2 123
2 124
3 10
3 11
3 12
3 21
3 26
3 28
3 31
3 34
3 36
3 40
3 57
3 60
3 67
3 72
3 79
3 82
3 83
3 90
3 95
3 101
3 108
3 112
3 113
3 127
3 128
4 6
4 7
4 17
4 36
4 41
4 55
4 61
4 62
4 71
4 77
4 80
4 83
4 85
4 86
4 91
4 93
4 99
4 117
4 119
4 123
4 125
4 128
5 11
5 18
5 25
5 27
5 35
5 41
5 42
5 51
5 53
5 57
5 63
5 64
5 87
5 89
5 91
5 93
5 97
5 100
5 102
5 103
5 116
5 128
6 13
6 21
6 26
6 31
6 35
6 36
6 39
6 41
6 42
6 61
6 71
6 72
6 75
6 82
6 95
6 97
6 98
6 101
6 103
6 104
6 113
6 114
6 120
7 8
7 12
7 15
7 16
7 21
7 26
7 33
7 48
7 51
7 54
7 60
7 64
7 68
7 75
7 86
7 89
7 93
7 116
7 120
7 123
8 19
8 30
8 32
8 37
8 39
8 40
8 41
8 43
8 51
8 52
8 66
8 72
8 73
8 74
8 79
8 95
8 96
8 97
8 99
8 103
8 105
8 106
8 110
8 113
8 116
8 120
8 124
8 128
9 18
9 20
9 26
9 59
9 68
9 70
9 74
9 76
9 78
9 84
9 91
9 99
9 102
9 104
9 108
9 123
9 125
10 12
10 21
10 27
10 31
10 34
10 40
10 55
10 72
10 74
10 75
10 82
10 86
10 89
10 95
10 97
10 99
10 108
10 112
11 16
11 18
11 20
11 24
11 28
11 35
11 39
11 45
11 52
11 60
11 61
11 65
11 67
11 69
11 73
11 74
11 88
11 89
11 91
11 92
11 96
11 102
11 105
11 114
12 19
12 25
12 43
12 45
12 48
12 49
12 51
12 53
12 67
12 69
12 76
12 80
12 83
12 84
12 85
12 87
12 90
12 99
12 103
12 109
12 113
12 116
13 21
13 27
13 30
13 33
13 40
13 44
13 53
13 54
13 55
13 56
13 67
13 70
13 71
13 75
13 80
13 83
13 85
13 97
13 103
13 123
13 125
14 15
14 17
14 19
14 20
14 28
14 29
14 37
14 38
14 39
14 41
14 42
14 51
14 54
14 82
14 88
14 90
14 95
14 97
14 100
14 101
14 102
14 104
14 105
14 106
14 108
14 112
14 121
14 124
14 125
15 17
15 29
15 32
15 37
15 42
15 43
15 47
15 52
15 56
15 57
15 64
15 67
15 68
15 71
15 77
15 81
15 83
15 86
15 89
15 92
15 95
15 97
15 99
15 102
15 110
15 112
15 128
16 20
16 30
16 34
16 47
16 51
16 52
16 53
16 61
16 64
16 66
16 68
16 72
16 74
16 79
16 83
16 100
16 101
16 105
16 112
16 114
16 116
16 121
16 122
17 29
17 34
17 36
17 43
17 46
17 48
17 52
17 53
17 57
17 63
17 64
17 70
17 76
17 79
17 86
17 88
17 95
17 96
17 109
17 118
18 20
18 26
18 29
18 31
18 34
18 36
18 39
18 42
18 43
18 46
18 52
18 55
18 69
18 77
18 84
18 87
18 90
18 101
18 113
18 118
18 119
18 124
19 21
19 23
19 30
19 31
19 35
19 40
19 46
19 48
19 49
19 55
19 56
19 62
19 63
19 65
19 71
19 75
19 77
19 79
19 82
19 88
19 107
19 108
19 118
19 123
19 128
20 23
20 35
20 43
20 49
20 50
20 64
20 73
20 93
20 102
20 110
20 112
20 119
20 122
20 126
20 127
20 128
21 25
21 26
21 31
21 34
21 35
21 38
21 39
21 41
21 51
21 52
21 55
21 59
21 72
21 74
21 76
21 83
21 93
21 101
21 105
21 106
21 115
21 117
21 122
21 123
22 25
22 27
22 34
22 40
22 53
22 55
22 60
22 63
22 76
22 78
22 83
22 91
22 97
22 104
22 110
22 114
22 115
22 117
23 27
23 38
23 40
23 42
23 43
23 44
23 47
23 50
23 52
23 60
23 67
23 69
23 70
23 75
23 82
23 87
23 108
23 109
23 111
23 118
23 119
23 124
23 127
24 30
24 34
24 48
24 49
24 52
24 54
24 56
24 65
24 76
24 79
24 80
24 81
24 89
24 90
24 96
24 98
24 103
24 110
24 119
24 122
24 123
25 29
25 30
25 32
25 33
25 36
25 37
25 40
25 46
25 53
25 59
25 66
25 72
25 76
25 78
25 82
25 84
25 90
25 91
25 104
25 108
25 109
25 113
25 115
25 120
25 124
25 128
26 28
26 32
26 42
26 43
26 46
26 53
26 55
26 63
26 74
26 76
26 78
26 81
26 97
26 99
26 108
26 119
27 34
27 44
27 45
27 46
27 49
27 50
27 57
27 59
27 62
27 69
27 81
27 90
27 95
27 98
27 99
27 103
27 105
27 122
27 124
28 29
28 41
28 42
28 67
28 68
28 70
28 74
28 77
28 91
28 92
28 96
28 98
28 109
29 35
29 37
29 38
29 40
29 43
29 44
29 49
29 53
29 68
29 71
29 78
29 79
29 82
29 88
29 90
29 92
29 93
29 99
29 100
29 107
29 113
29 127
30 36
30 38
30 42
30 53
30 56
30 57
30 59
30 65
30 68
30 69
30 82
30 87
30 96
30 105
30 110
30 112
30 117
31 38
31 40
31 41
31 42
31 45
31 48
31 54
31 66
31 73
31 75
31 76
31 85
31 91
31 95
31 96
31 104
31 107
31 112
31 115
31 126
32 38
32 51
32 57
32 64
32 65
32 70
32 84
32 98
32 101
32 102
32 106
32 111
32 113
32 122
32 125
32 126
33 36
33 38
33 40
33 48
33 52
33 56
33 68
33 69
33 70
33 80
33 86
33 87
33 88
33 98
33 99
33 106
33 107
33 114
34 51
34 52
34 56
34 59
34 64
34 74
34 75
34 84
34 86
34 89
34 96
34 100
34 101
34 102
34 110
34 115
34 117
34 121
34 125
34 127
34 128
35 44
35 52
35 62
35 68
35 80
35 88
35 90
35 99
35 106
35 109
35 110
35 115
35 124
36 41
36 53
36 63
36 64
36 74
36 76
36 79
36 93
36 99
36 101
36 109
36 111
36 114
37 53
37 74
37 77
37 78
37 86
37 91
37 96
37 97
37 98
37 110
37 117
37 121
37 122
38 49
38 72
38 78
38 82
38 83
38 91
38 95
38 101
38 103
38 105
38 113
38 117
38 118
38 119
38 122
38 126
39 51
39 52
39 54
39 62
39 64
39 68
39 75
39 76
39 77
39 88
39 93
39 94
39 106
39 113
39 115
39 117
39 122
39 123
39 128
40 53
40 65
40 71
40 72
40 73
40 82
40 86
40 103
40 105
40 119
40 120
40 121
40 125
41 43
41 46
41 52
41 56
41 65
41 70
41 76
41 77
41 101
41 102
41 103
41 110
41 113
41 116
41 124
42 43
42 53
42 59
42 67
42 73
42 79
42 81
42 89
42 92
42 93
42 96
42 103
42 110
43 49
43 56
43 57
43 63
43 69
43 75
43 93
43 98
43 113
43 120
43 123
43 125
43 127
44 49
44 53
44 58
44 59
44 68
44 85
44 91
44 96
44 103
44 105
44 112
44 113
44 114
44 115
44 126
44 127
45 46
45 52
45 56
45 61
45 63
45 67
45 74
45 80
45 84
45 88
45 96
45 112
45 123
45 128
46 49
46 51
46 52
46 59
46 69
46 71
46 74
46 83
46 84
46 89
46 99
46 105
46 106
46 109
46 110
46 113
46 114
46 125
47 51
47 59
47 62
47 71
47 84
47 85
47 86
47 87
47 89
47 94
47 102
47 109
47 119
47 125
48 53
48 64
48 70
48 76
48 83
48 84
48 92
48 103
48 110
48 112
48 113
48 120
48 122
48 127
49 51
49 57
49 63
49 66
49 70
49 72
49 77
49 86
49 89
49 92
49 103
49 104
49 106
49 107
49 108
49 111
49 112
49 115
49 117
49 125
50 56
50 58
50 68
50 71
50 76
50 77
50 86
50 93
50 98
50 99
50 110
51 61
51 70
51 72
51 75
51 79
51 80
51 81
51 83
51 84
51 85
51 90
51 92
51 102
51 105
51 108
51 120
51 124
51 125
51 127
52 56
52 62
52 66
52 71
52 76
52 78
52 81
52 88
52 95
52 97
52 99
52 107
52 109
52 117
52 119
52 123
52 124
52 126
52 128
53 64
53 66
53 69
53 70
53 74
53 79
53 84
53 89
53 90
53 97
53 105
53 106
53 110
53 114
53 115
54 59
54 61
54 64
54 67
54 68
54 74
54 77
54 87
54 100
54 102
54 103
54 105
54 107
54 109
54 119
54 120
54 125
54 126
55 56
55 58
55 61
55 70
55 71
55 72
55 73
55 86
55 88
55 95
55 97
55 106
55 109
55 118
55 124
55 127
56 64
56 72
56 73
56 76
56 78
56 87
56 92
56 95
56 97
56 99
56 101
56 103
56 108
56 119
56 120
56 123
57 61
57 76
57 77
57 87
57 102
57 112
57 114
57 118
58 69
58 75
58 77
58 87
58 100
58 107
58 108
58 113
58 119
58 122
58 125
59 60
59 67
59 70
59 72
59 78
59 79
59 87
59 91
59 103
59 109
59 110
59 115
59 123
60 65
60 79
60 83
60 103
60 104
60 118
61 70
61 72
61 78
61 79
61 82
61 87
61 99
61 104
61 118
61 120
61 128
62 67
62 72
62 77
62 83
62 88
62 90
62 92
62 93
62 94
62 101
62 109
62 110
62 113
62 116
62 118
62 120
62 121
63 75
63 78
63 83
63 93
63 94
63 98
63 110
63 125
63 126
64 65
64 66
64 68
64 70
64 72
64 74
64 89
64 99
64 102
64 107
64 108
64 110
64 113
64 115
64 122
64 126
65 72
65 76
65 87
65 90
65 94
65 97
65 101
65 113
65 116
65 120
65 123
66 72
66 74
66 75
66 90
66 94
66 99
66 100
66 104
66 105
66 108
66 121
66 127
66 128
67 69
67 72
67 73
67 78
67 79
67 85
67 86
67 92
67 100
67 101
67 106
67 108
67 116
67 117
67 127
68 74
68 77
68 78
68 89
68 90
68 98
68 109
68 113
68 119
68 128
69 80
69 84
69 90
69 93
69 95
69 96
69 102
69 104
69 119
69 121
69 126
69 128
70 72
70 73
70 74
70 75
70 88
70 89
70 91
70 101
70 108
70 112
70 116
71 77
71 79
71 80
71 82
71 87
71 94
71 109
71 110
71 116
71 120
72 76
72 77
72 81
72 90
72 92
72 104
72 110
72 113
72 116
72 127
73 74
73 75
73 76
73 77
73 81
73 95
73 99
73 101
73 107
73 111
73 116
73 122
74 88
74 89
74 93
74 98
74 101
74 117
74 119
74 120
74 127
75 78
75 80
75 87
75 90
75 102
75 105
75 110
75 111
75 119
75 120
76 84
76 85
76 90
76 93
76 101
76 102
76 103
76 110
76 111
76 116
76 125
77 81
77 86
77 89
77 90
77 108
77 110
77 111
77 115
77 121
78 81
78 86
78 89
78 90
78 92
78 94
78 102
78 107
78 108
78 109
78 110
78 115
78 117
78 118
78 123
78 125
78 126
79 80
79 88
79 91
79 95
79 98
79 99
79 108
79 109
79 114
79 116
79 123
80 81
80 99
80 103
80 107
80 108
80 112
80 119
80 126
80 127
81 97
81 106
81 112
81 119
81 120
82 84
82 96
82 99
82 102
82 103
82 104
82 108
82 111
82 115
82 121
82 125
82 128
83 86
83 87
83 92
83 103
83 104
83 117
83 118
84 91
84 104
84 106
84 110
84 115
84 116
84 124
84 128
85 89
85 114
85 115
85 118
85 119
85 120
85 126
85 128
86 89
86 92
86 108
86 118
87 88
87 92
87 106
87 107
87 108
87 110
87 112
87 118
87 121
87 123
87 126
88 96
88 106
88 109
88 111
88 116
88 118
88 119
89 90
89 96
89 103
89 105
89 114
89 126
89 127
90 93
90 99
90 107
90 116
90 122
90 123
90 124
90 126
90 128
91 98
91 99
91 104
91 121
91 125
92 93
92 94
92 95
92 108
92 111
92 112
92 115
92 124
92 128
93 109
93 113
93 123
93 128
94 101
94 106
94 109
94 112
94 118
94 126
95 97
95 99
95 110
95 114
95 127
96 97
96 98
96 104
96 105
96 110
96 111
96 112
96 119
96 126
96 127
97 107
97 111
97 112
97 118
97 124
98 102
98 113
98 116
98 123
99 105
99 120
99 125
100 102
100 106
100 111
100 123
100 128
101 105
101 120
101 124
102 125
102 126
102 128
103 108
103 109
103 112
103 117
103 128
104 108
104 114
104 117
104 124
104 125
105 120
106 112
106 125
107 112
107 113
107 118
108 115
108 117
108 128
109 115
109 120
109 121
109 123
109 125
110 113
110 114
110 124
110 126
111 114
111 121
111 126
112 113
112 114
112 123
113 116
113 124
115 117
115 120
115 124
115 127
116 118
116 120
117 119
118 119
118 123
119 125
119 126
119 128
120 125
121 125
121 126
121 128
122 127
123 125
124 125
124 127
125 127
