128 1109
1 4
1 8
1 9
1 15
1 21
1 26
1 28
1 29
1 36
1 41
1 42
1 45
1 47
1 50
1 56
1 64
1 88
1 94
1 96
1 99
1 100
1 101
1 106
1 110
1 111
1 112
1 120
1 123
1 127
2 20
2 26
2 35
2 36
2 47
2 60
2 65
2 72
2 75
2 96
2 101
2 114
2 116
2 121
3 16
3 23
3 27
3 44
3 55
3 59
3 61
3 69
3 70
3 79
3 95
3 109
3 126
4 15
4 18
4 20
4 22
4 30
4 38
4 42
4 43
4 47
4 54
4 75
4 79
4 95
4 102
4 107
4 108
4 126
4 127
5 16
5 20
5 32
5 61
5 66
5 68
5 75
5 98
5 106
5 108
5 110
5 118
6 9
6 13
6 14
6 17
6 25
6 28
6 29
6 31
6 36
6 41
6 50
6 51
6 59
6 68
6 73
6 77
6 105
6 110
6 120
7 11
7 17
7 18
7 26
7 27
7 45
7 46
7 47
7 54
7 78
7 79
7 82
7 85
7 92
7 104
7 107
7 125
8 23
8 29
8 33
8 39
8 42
8 45
8 61
8 62
8 80
8 86
8 88
8 93
8 100
8 102
8 103
8 109
8 123
9 13
9 16
9 19
9 73
9 76
9 80
9 84
9 86
9 103
9 123
10 18
10 27
10 28
10 30
10 52
10 54
10 70
10 74
10 80
10 81
10 89
10 95
10 96
10 102
10 103
10 108
10 111
10 118
10 123
10 124
11 21
11 43
11 61
11 66
11 71
11 85
11 95
11 102
11 103
11 107
11 119
11 121
12 23
12 24
12 32
12 40
12 41
12 47
12 53
12 55
12 56
12 74
12 84
12 85
12 94
12 101
12 109
12 112
12 114
12 120
12 124
12 126
12 127
13 14
13 16
13 18
13 28
13 37
13 43
13 49
13 51
13 53
13 70
13 77
13 83
13 104
13 117
13 126
14 20
14 21
14 22
14 30
14 32
14 35
14 39
14 43
14 48
14 52
14 61
14 70
14 96
14 99
14 100
14 102
14 106
14 122
15 17
15 18
15 27
15 31
15 35
15 38
15 39
15 49
15 54
15 66
15 78
15 85
15 95
15 103
15 104
15 107
15 110
15 119
16 19
16 20
16 25
16 27
16 39
16 58
16 61
16 69
16 70
16 72
16 75
16 83
16 100
16 110
16 120
16 127
17 23
17 35
17 41
17 47
17 48
17 56
17 58
17 67
17 69
17 83
17 91
17 97
17 99
17 109
17 112
17 116
17 119
17 122
17 127
18 19
18 20
18 29
18 39
18 42
18 61
18 68
18 71
18 81
18 84
18 86
18 91
18 94
18 97
18 114
18 126
19 26
19 57
19 64
19 67
19 68
19 69
19 71
19 76
19 94
19 110
19 115
19 117
20 21
20 22
20 24
20 33
20 40
20 44
20 51
20 57
20 60
20 75
20 77
20 90
20 107
20 109
20 118
20 119
20 124
21 22
21 25
21 34
21 54
21 63
21 67
21 69
21 73
21 88
21 91
21 92
21 108
21 112
21 116
21 117
22 48
22 65
22 68
22 77
22 86
22 87
22 90
22 101
22 102
22 109
22 112
22 123
23 40
23 41
23 46
23 59
23 74
23 83
23 84
23 95
23 106
23 111
23 113
24 61
24 69
24 70
24 89
24 93
24 100
24 101
24 104
24 106
24 115
24 121
24 122
24 127
24 128
25 28
25 32
25 35
25 37
25 57
25 68
25 81
25 84
25 92
25 99
25 110
25 111
25 115
26 27
26 41
26 45
26 54
26 67
26 68
26 79
26 84
26 87
26 89
26 94
26 107
26 128
27 72
27 75
27 84
27 96
27 98
27 104
27 112
27 113
27 115
27 118
28 31
28 35
28 38
28 44
28 49
28 78
28 84
28 90
28 93
28 117
28 121
29 39
29 48
29 49
29 54
29 63
29 64
29 78
29 87
29 89
29 94
29 100
29 107
29 116
29 120
30 33
30 47
30 51
30 53
30 55
30 58
30 60
30 63
30 64
30 68
30 83
30 90
30 94
30 101
30 103
30 107
30 108
30 116
30 117
30 118
30 121
31 46
31 48
31 58
31 65
31 67
31 81
31 117
32 33
32 43
32 52
32 67
32 84
32 91
32 92
32 97
32 114
32 120
32 122
33 42
33 48
33 54
33 68
33 71
33 83
33 91
33 96
33 100
33 107
33 110
33 112
33 121
33 125
33 127
34 48
34 51
34 53
34 57
34 58
34 60
34 62
34 69
34 81
34 92
34 105
34 106
34 107
34 120
34 121
34 122
34 124
34 127
35 45
35 54
35 81
35 85
35 89
35 97
35 114
35 119
35 122
36 64
36 67
36 75
36 78
36 98
36 112
36 113
36 114
36 116
36 117
36 118
37 57
37 67
37 68
37 72
37 78
37 88
37 89
37 94
37 109
37 118
37 122
37 127
38 55
38 58
38 72
38 79
38 82
38 85
38 89
38 99
38 100
38 109
38 112
38 114
38 117
39 41
39 48
39 50
39 53
39 59
39 65
39 69
39 73
39 85
39 99
39 107
40 47
40 49
40 62
40 95
40 96
40 111
40 112
40 114
41 61
41 70
41 71
41 78
41 85
41 95
41 96
41 117
41 123
41 126
41 128
42 48
42 49
42 58
42 63
42 65
42 70
42 72
42 73
42 86
42 88
42 94
42 111
42 117
42 119
42 126
42 127
43 49
43 54
43 61
43 91
43 100
43 109
43 111
43 112
43 115
43 117
43 120
44 45
44 50
44 51
44 58
44 61
44 64
44 69
44 70
44 77
44 78
44 79
44 90
44 92
44 93
44 94
44 98
44 100
44 108
44 115
44 122
44 126
45 48
45 65
45 67
45 68
45 97
45 107
45 110
45 111
45 116
45 119
45 120
45 123
45 127
45 128
46 52
46 61
46 66
46 67
46 84
46 89
46 99
46 100
46 109
46 117
47 50
47 56
47 57
47 59
47 65
47 85
47 97
47 101
48 61
48 67
48 89
48 101
48 107
48 111
48 118
48 124
48 126
49 51
49 52
49 53
49 65
49 66
49 73
49 76
49 77
49 81
49 83
49 89
49 91
50 52
50 73
50 79
50 80
50 97
50 106
50 109
51 56
51 58
51 72
51 73
51 82
51 94
51 109
51 110
51 118
52 53
52 66
52 67
52 69
52 71
52 74
52 78
52 79
52 81
52 97
52 98
52 100
52 105
52 113
52 118
52 122
53 61
53 74
53 100
53 102
53 118
54 64
54 66
54 97
54 104
54 108
55 57
55 62
55 71
55 74
55 75
55 80
55 93
55 106
55 110
55 113
55 126
55 127
55 128
56 58
56 60
56 67
56 70
56 75
56 83
56 84
56 94
56 112
56 115
56 116
56 121
57 90
57 104
57 108
57 113
57 124
57 127
58 70
58 79
58 81
58 91
58 94
58 96
58 102
58 112
58 119
59 65
59 66
59 78
59 82
59 87
59 88
59 91
59 98
59 104
59 113
59 122
59 127
60 63
60 64
60 73
60 78
60 84
60 95
60 107
60 108
60 109
60 126
61 62
61 65
61 71
61 76
61 80
61 81
61 83
61 89
61 99
61 101
61 103
61 114
61 115
61 122
61 124
62 63
62 65
62 73
62 86
62 89
62 96
62 108
62 120
63 67
63 70
63 71
63 88
63 93
63 101
63 103
63 104
63 110
64 68
64 69
64 70
64 74
64 75
64 97
64 107
64 122
65 68
65 69
65 70
65 90
65 94
65 101
65 115
66 82
66 85
66 111
66 112
66 123
66 124
66 125
67 74
67 79
67 107
67 108
67 110
67 114
67 116
67 122
67 125
68 70
68 71
68 72
68 82
68 84
68 89
68 90
68 92
68 108
68 110
68 112
68 113
69 80
69 94
69 95
69 101
69 108
69 124
70 74
70 80
70 87
70 104
70 123
71 80
71 84
71 101
71 106
71 110
71 112
72 73
72 74
72 76
72 84
72 87
72 88
72 101
72 102
72 110
72 120
72 121
73 76
73 79
73 97
73 101
73 126
73 127
73 128
74 79
74 82
74 94
74 104
74 109
74 124
74 125
75 96
75 101
75 108
75 109
75 118
75 123
75 125
76 84
76 87
76 103
76 105
76 107
76 120
76 123
77 82
77 85
77 117
77 118
77 120
77 124
77 126
78 91
78 93
78 96
78 98
78 111
78 128
79 85
79 86
79 93
79 99
79 101
79 113
79 118
79 120
79 124
79 128
80 90
80 113
80 118
81 96
81 98
81 99
81 103
81 106
81 109
81 116
81 124
82 89
82 97
82 107
83 89
83 93
83 95
83 106
83 109
83 112
83 128
84 101
84 103
84 115
85 93
85 97
85 104
85 106
85 107
85 110
85 117
85 121
85 127
85 128
86 90
86 96
86 98
86 113
86 118
86 119
86 125
87 110
87 112
87 115
87 117
88 90
88 109
88 111
88 112
89 98
89 105
89 124
89 125
90 103
90 105
90 106
90 114
90 121
90 123
91 96
91 98
91 102
91 108
91 121
92 102
92 104
92 114
92 120
92 126
93 100
93 116
93 118
93 120
93 122
93 124
93 128
94 99
94 112
94 121
94 122
94 124
94 125
94 127
95 98
95 111
95 113
95 118
95 122
95 124
96 100
96 102
96 108
96 110
96 116
96 126
97 114
97 119
98 101
98 103
98 114
98 120
99 102
99 105
99 106
99 107
99 117
100 109
100 113
101 108
101 113
101 120
101 122
102 103
102 104
102 114
102 120
102 125
103 104
103 112
103 116
105 106
105 107
105 112
105 117
105 124
105 125
106 107
106 118
106 123
106 125
106 127
107 119
108 114
108 116
109 122
109 128
110 114
110 115
110 116
110 126
111 113
112 116
112 117
113 117
113 122
113 126
113 127
115 123
115 125
116 124
118 121
120 122
121 124
121 125
121 128
123 128
125 126
