128 2460
1 2
1 7
1 11
1 18
1 19
1 22
1 23
1 24
1 27
1 31
1 33
1 35
1 43
1 45
1 47
1 50
1 51
1 52
1 55
1 59
1 61
1 64
1 71
1 72
1 78
1 81
1 83
1 88
1 93
1 94
1 96
1 101
1 104
1 106
1 109
1 111
1 112
1 117
1 120
1 125
1 126
1 128
2 3
2 17
2 18
2 19
2 20
2 21
2 22
2 25
2 29
2 31
2 33
2 34
2 39
2 41
2 43
2 44
2 50
2 54
2 60
2 62
2 65
2 66
2 69
2 70
2 71
2 73
2 74
2 75
2 76
2 84
2 86
2 88
2 90
2 94
2 95
2 96
2 102
2 103
2 104
2 105
2 114
2 116
2 122
2 123
3 4
3 5
3 6
3 7
3 9
3 11
3 15
3 16
3 18
3 20
3 22
3 23
3 30
3 34
3 40
3 41
3 58
3 60
3 64
3 67
3 69
3 70
3 76
3 80
3 82
3 84
3 87
3 90
3 95
3 96
3 97
3 98
3 102
3 104
3 108
3 111
3 112
3 114
3 118
3 119
3 120
3 122
3 125
4 6
4 7
4 9
4 15
4 18
4 20
4 23
4 29
4 31
4 32
4 34
4 37
4 45
4 53
4 57
4 59
4 63
4 66
4 67
4 70
4 73
4 74
4 78
4 83
4 84
4 86
4 89
4 90
4 91
4 92
4 100
4 102
4 109
4 112
4 113
4 114
4 119
4 123
4 124
4 125
5 12
5 13
5 14
5 15
5 18
5 19
5 21
5 23
5 26
5 30
5 35
5 37
5 40
5 53
5 66
5 67
5 70
5 72
5 73
5 74
5 76
5 79
5 86
5 95
5 101
5 102
5 104
5 105
5 106
5 112
5 126
5 128
6 16
6 17
6 22
6 28
6 34
6 43
6 47
6 59
6 64
6 65
6 73
6 75
6 79
6 80
6 81
6 85
6 86
6 88
6 95
6 96
6 102
6 105
6 108
6 109
6 111
6 114
6 124
6 128
7 9
7 10
7 11
7 16
7 26
7 30
7 34
7 35
7 37
7 44
7 53
7 54
7 68
7 80
7 82
7 83
7 87
7 88
7 89
7 90
7 91
7 98
7 103
7 106
7 108
7 109
7 111
7 113
7 120
7 126
7 128
8 9
8 13
8 14
8 16
8 25
8 28
8 29
8 38
8 44
8 48
8 49
8 51
8 53
8 64
8 69
8 71
8 76
8 77
8 81
8 82
8 85
8 86
8 87
8 90
8 95
8 97
8 99
8 104
8 107
8 109
8 111
8 114
8 115
8 120
8 121
8 128
9 10
9 12
9 14
9 19
9 23
9 26
9 27
9 28
9 31
9 36
9 40
9 41
9 43
9 45
9 46
9 50
9 51
9 52
9 57
9 58
9 61
9 63
9 71
9 74
9 75
9 77
9 78
9 85
9 86
9 90
9 94
9 95
9 97
9 108
9 110
9 111
9 118
9 127
10 11
10 15
10 16
10 17
10 18
10 19
10 24
10 30
10 32
10 33
10 35
10 37
10 42
10 43
10 51
10 53
10 57
10 64
10 67
10 72
10 75
10 77
10 83
10 86
10 90
10 97
10 99
10 102
10 104
10 106
10 107
10 112
10 115
10 119
10 122
10 123
10 124
10 128
11 12
11 13
11 21
11 24
11 28
11 29
11 31
11 33
11 37
11 45
11 53
11 55
11 58
11 60
11 62
11 63
11 65
11 68
11 72
11 78
11 79
11 82
11 84
11 88
11 95
11 100
11 101
11 102
11 106
11 107
11 111
11 112
11 121
11 122
11 123
11 127
11 128
12 13
12 14
12 16
12 18
12 23
12 24
12 29
12 34
12 36
12 39
12 43
12 46
12 48
12 49
12 50
12 56
12 59
12 60
12 62
12 66
12 67
12 70
12 74
12 78
12 80
12 83
12 84
12 87
12 92
12 103
12 108
12 113
12 117
12 118
12 122
12 123
12 125
12 127
12 128
13 15
13 19
13 20
13 21
13 22
13 23
13 25
13 26
13 27
13 30
13 31
13 33
13 37
13 38
13 45
13 54
13 55
13 56
13 59
13 62
13 66
13 67
13 69
13 70
13 79
13 82
13 85
13 91
13 100
13 101
13 111
13 116
13 118
13 122
13 127
14 17
14 19
14 21
14 22
14 33
14 37
14 40
14 41
14 42
14 44
14 51
14 52
14 54
14 55
14 56
14 58
14 63
14 69
14 70
14 76
14 77
14 89
14 97
14 104
14 105
14 108
14 109
14 110
14 113
14 117
14 118
14 120
14 122
15 17
15 19
15 27
15 29
15 41
15 42
15 43
15 46
15 49
15 52
15 54
15 56
15 57
15 59
15 61
15 62
15 63
15 65
15 68
15 69
15 73
15 82
15 83
15 89
15 91
15 94
15 95
15 96
15 98
15 100
15 101
15 102
15 106
15 108
15 109
15 111
15 119
15 123
15 126
15 127
16 19
16 21
16 24
16 25
16 26
16 35
16 38
16 41
16 44
16 45
16 48
16 49
16 61
16 63
16 64
16 76
16 77
16 82
16 83
16 86
16 94
16 104
16 105
16 106
16 110
16 121
16 123
16 124
16 127
17 19
17 26
17 34
17 35
17 36
17 38
17 40
17 41
17 42
17 43
17 48
17 49
17 51
17 56
17 57
17 61
17 62
17 64
17 66
17 68
17 73
17 76
17 80
17 89
17 90
17 91
17 101
17 105
17 108
17 110
17 113
17 115
17 121
17 126
17 128
18 20
18 32
18 39
18 41
18 45
18 57
18 69
18 70
18 74
18 80
18 81
18 83
18 86
18 88
18 89
18 91
18 94
18 95
18 97
18 100
18 102
18 103
18 104
18 109
18 111
18 112
18 114
18 115
18 116
18 119
18 126
19 20
19 21
19 22
19 37
19 41
19 43
19 44
19 48
19 50
19 51
19 54
19 55
19 56
19 60
19 68
19 71
19 72
19 76
19 77
19 81
19 85
19 89
19 98
19 111
19 113
19 116
19 117
19 118
19 120
19 124
19 125
19 126
19 127
20 24
20 27
20 30
20 32
20 34
20 35
20 41
20 54
20 55
20 57
20 58
20 59
20 61
20 65
20 71
20 72
20 74
20 84
20 90
20 91
20 92
20 93
20 95
20 97
20 98
20 101
20 105
20 106
20 107
20 110
20 116
20 125
20 126
21 26
21 30
21 33
21 38
21 40
21 41
21 45
21 47
21 48
21 49
21 50
21 51
21 52
21 60
21 61
21 63
21 67
21 69
21 72
21 75
21 78
21 79
21 80
21 82
21 87
21 88
21 90
21 93
21 101
21 102
21 104
21 111
21 113
21 118
21 119
21 124
21 126
21 127
22 24
22 26
22 29
22 30
22 32
22 36
22 44
22 49
22 55
22 76
22 78
22 83
22 91
22 105
22 106
22 108
22 109
22 111
22 116
22 123
22 124
22 126
23 24
23 26
23 28
23 30
23 41
23 47
23 48
23 50
23 52
23 55
23 59
23 62
23 64
23 65
23 72
23 73
23 80
23 85
23 91
23 94
23 96
23 101
23 104
23 106
23 110
23 115
23 120
23 121
24 25
24 32
24 37
24 44
24 45
24 46
24 47
24 51
24 58
24 60
24 61
24 64
24 75
24 76
24 77
24 80
24 84
24 86
24 87
24 91
24 93
24 104
24 108
24 110
24 112
24 114
24 118
24 120
25 30
25 31
25 34
25 35
25 36
25 41
25 42
25 45
25 47
25 49
25 52
25 55
25 56
25 57
25 61
25 62
25 63
25 69
25 72
25 73
25 74
25 75
25 76
25 78
25 81
25 84
25 86
25 87
25 90
25 91
25 96
25 103
25 105
25 111
25 115
25 118
25 120
25 121
25 122
26 27
26 31
26 35
26 39
26 40
26 45
26 50
26 52
26 59
26 60
26 72
26 78
26 81
26 84
26 89
26 91
26 92
26 94
26 95
26 108
26 118
26 120
26 121
26 128
27 28
27 30
27 33
27 36
27 40
27 42
27 45
27 50
27 62
27 64
27 65
27 78
27 82
27 85
27 93
27 94
27 98
27 101
27 103
27 108
27 114
27 116
27 122
27 123
27 124
27 126
27 128
28 30
28 38
28 42
28 44
28 46
28 47
28 52
28 59
28 62
28 65
28 67
28 68
28 80
28 81
28 85
28 86
28 88
28 95
28 97
28 100
28 101
28 103
28 107
28 108
28 110
28 120
28 121
28 128
29 31
29 35
29 38
29 40
29 47
29 51
29 58
29 59
29 60
29 61
29 62
29 63
29 69
29 72
29 73
29 75
29 76
29 83
29 86
29 88
29 89
29 95
29 97
29 98
29 101
29 105
29 107
29 111
29 119
29 123
29 127
29 128
30 33
30 38
30 39
30 42
30 44
30 45
30 52
30 53
30 55
30 61
30 65
30 66
30 67
30 69
30 70
30 81
30 84
30 88
30 89
30 91
30 92
30 93
30 94
30 99
30 102
30 107
30 110
30 111
30 113
30 121
30 123
30 125
30 126
30 127
31 32
31 35
31 37
31 40
31 41
31 43
31 44
31 45
31 47
31 52
31 62
31 64
31 77
31 78
31 81
31 84
31 91
31 94
31 98
31 99
31 101
31 102
31 105
31 106
31 109
31 111
31 112
31 114
31 115
31 119
31 123
31 124
31 127
32 33
32 34
32 35
32 40
32 44
32 46
32 54
32 60
32 61
32 64
32 66
32 69
32 72
32 74
32 77
32 81
32 85
32 86
32 87
32 91
32 93
32 94
32 95
32 97
32 102
32 103
32 104
32 109
32 115
32 116
32 122
32 124
32 126
33 35
33 37
33 42
33 44
33 49
33 53
33 54
33 55
33 56
33 59
33 60
33 62
33 63
33 64
33 65
33 69
33 70
33 77
33 78
33 83
33 89
33 90
33 91
33 93
33 99
33 100
33 113
33 114
33 119
33 121
33 122
33 125
33 126
33 127
33 128
34 36
34 40
34 44
34 46
34 51
34 53
34 59
34 62
34 63
34 73
34 77
34 78
34 79
34 81
34 82
34 84
34 86
34 91
34 92
34 93
34 99
34 100
34 102
34 103
34 104
34 110
34 117
34 121
34 125
34 128
35 38
35 43
35 48
35 52
35 57
35 60
35 62
35 67
35 69
35 70
35 79
35 81
35 82
35 83
35 90
35 91
35 97
35 99
35 102
35 107
35 108
35 111
35 112
35 114
35 117
35 121
35 126
35 127
36 38
36 39
36 43
36 44
36 57
36 59
36 60
36 63
36 65
36 66
36 67
36 68
36 69
36 71
36 78
36 79
36 81
36 86
36 93
36 96
36 98
36 100
36 103
36 109
36 115
36 118
36 125
36 128
37 39
37 40
37 41
37 43
37 45
37 50
37 53
37 58
37 62
37 64
37 65
37 67
37 71
37 85
37 89
37 91
37 93
37 97
37 100
37 107
37 118
37 121
37 128
38 39
38 43
38 44
38 49
38 53
38 59
38 63
38 65
38 66
38 80
38 84
38 85
38 86
38 89
38 91
38 94
38 98
38 99
38 101
38 104
38 106
38 110
38 111
38 113
38 116
38 119
38 121
38 122
38 126
38 127
39 45
39 46
39 47
39 57
39 58
39 60
39 63
39 68
39 69
39 72
39 76
39 80
39 82
39 84
39 90
39 93
39 97
39 98
39 100
39 105
39 106
39 107
39 112
39 116
39 117
39 118
39 122
39 124
39 126
39 127
40 41
40 46
40 48
40 56
40 58
40 60
40 62
40 69
40 70
40 71
40 88
40 89
40 92
40 94
40 99
40 102
40 103
40 107
40 109
40 111
40 112
40 114
40 115
40 116
40 121
40 126
41 46
41 50
41 57
41 58
41 61
41 62
41 69
41 71
41 80
41 82
41 85
41 87
41 88
41 92
41 96
41 100
41 104
41 107
41 108
41 112
41 118
41 120
41 124
41 125
41 126
42 43
42 49
42 50
42 55
42 65
42 66
42 70
42 74
42 80
42 81
42 84
42 85
42 92
42 97
42 98
42 102
42 108
42 110
42 112
42 117
42 127
42 128
43 48
43 54
43 60
43 61
43 76
43 78
43 80
43 81
43 83
43 85
43 86
43 91
43 95
43 97
43 99
43 100
43 101
43 103
43 105
43 106
43 109
43 114
43 120
43 124
43 125
44 47
44 53
44 66
44 68
44 69
44 71
44 72
44 73
44 74
44 77
44 82
44 83
44 90
44 95
44 96
44 105
44 106
44 109
44 111
44 114
44 115
44 122
44 128
45 48
45 54
45 56
45 61
45 63
45 68
45 69
45 71
45 80
45 81
45 84
45 87
45 102
45 104
45 109
45 110
45 113
45 115
45 116
45 117
45 124
45 125
45 127
45 128
46 47
46 51
46 54
46 58
46 61
46 73
46 75
46 77
46 78
46 79
46 82
46 85
46 86
46 91
46 92
46 94
46 96
46 97
46 100
46 111
46 116
46 117
46 121
46 122
46 123
46 128
47 53
47 56
47 66
47 67
47 68
47 71
47 72
47 82
47 83
47 84
47 86
47 88
47 90
47 100
47 102
47 106
47 111
47 112
47 115
47 117
47 119
47 120
47 123
48 49
48 59
48 62
48 65
48 70
48 77
48 85
48 86
48 90
48 91
48 93
48 96
48 99
48 101
48 102
48 109
48 110
48 111
48 113
48 114
48 116
48 119
48 120
48 122
48 123
48 127
48 128
49 50
49 68
49 76
49 78
49 90
49 93
49 94
49 96
49 98
49 101
49 103
49 104
49 105
49 110
49 112
49 115
49 116
49 123
50 58
50 60
50 61
50 67
50 72
50 85
50 89
50 95
50 97
50 99
50 102
50 103
50 109
50 111
50 112
50 115
50 117
50 118
50 121
50 122
50 123
50 125
50 126
51 52
51 53
51 54
51 60
51 63
51 65
51 68
51 69
51 73
51 76
51 77
51 81
51 84
51 88
51 90
51 93
51 95
51 97
51 112
51 116
51 119
51 123
51 126
51 127
52 55
52 59
52 62
52 63
52 64
52 65
52 67
52 81
52 82
52 83
52 84
52 86
52 87
52 90
52 91
52 93
52 95
52 96
52 100
52 104
52 108
52 111
52 118
52 120
52 122
52 126
52 127
53 62
53 64
53 69
53 73
53 82
53 83
53 84
53 86
53 87
53 89
53 91
53 92
53 96
53 101
53 103
53 109
53 110
53 115
53 118
53 123
53 124
54 56
54 62
54 63
54 75
54 77
54 80
54 82
54 83
54 84
54 85
54 86
54 87
54 88
54 89
54 94
54 95
54 97
54 98
54 99
54 100
54 109
54 114
54 122
54 123
54 125
54 127
55 57
55 59
55 60
55 61
55 62
55 65
55 71
55 74
55 75
55 81
55 89
55 95
55 97
55 98
55 99
55 102
55 108
55 111
55 117
55 118
55 119
55 126
55 127
55 128
56 58
56 60
56 68
56 70
56 75
56 80
56 81
56 83
56 90
56 91
56 93
56 96
56 97
56 99
56 100
56 105
56 106
56 119
56 120
56 121
56 122
56 125
57 62
57 64
57 72
57 73
57 79
57 80
57 87
57 88
57 89
57 90
57 91
57 94
57 99
57 100
57 103
57 108
57 109
57 118
57 121
57 125
57 126
58 59
58 62
58 64
58 65
58 67
58 70
58 72
58 77
58 78
58 80
58 81
58 82
58 83
58 86
58 93
58 96
58 97
58 98
58 103
58 105
58 112
58 113
58 118
58 128
59 64
59 65
59 66
59 68
59 69
59 76
59 77
59 80
59 83
59 84
59 86
59 88
59 89
59 96
59 97
59 98
59 99
59 102
59 104
59 105
59 106
59 113
59 114
59 116
59 117
59 121
59 122
59 124
59 125
59 126
60 70
60 73
60 75
60 77
60 78
60 81
60 84
60 85
60 91
60 92
60 105
60 106
60 116
60 117
60 123
60 126
61 62
61 73
61 74
61 78
61 79
61 82
61 83
61 84
61 85
61 92
61 95
61 96
61 97
61 99
61 103
61 104
61 106
61 117
61 118
61 120
61 128
62 68
62 72
62 73
62 74
62 75
62 77
62 81
62 83
62 85
62 88
62 89
62 93
62 101
62 102
62 104
62 110
62 111
62 112
62 113
62 117
62 118
62 120
62 122
62 124
63 67
63 69
63 71
63 73
63 82
63 83
63 87
63 91
63 96
63 98
63 102
63 103
63 107
63 120
63 122
63 126
63 127
63 128
64 65
64 67
64 74
64 76
64 78
64 92
64 99
64 107
64 110
64 111
64 113
64 115
64 117
64 118
64 127
65 66
65 68
65 69
65 70
65 72
65 75
65 76
65 79
65 80
65 81
65 83
65 88
65 89
65 92
65 94
65 95
65 98
65 103
65 106
65 107
65 108
65 111
65 113
65 114
65 115
65 116
65 118
65 120
65 121
65 125
65 127
65 128
66 67
66 72
66 74
66 75
66 79
66 82
66 84
66 90
66 108
66 115
66 120
66 124
66 128
67 73
67 75
67 76
67 89
67 92
67 94
67 100
67 101
67 104
67 106
67 107
67 114
67 117
67 118
67 122
67 125
67 126
68 69
68 71
68 78
68 80
68 81
68 84
68 85
68 87
68 91
68 92
68 94
68 101
68 103
68 105
68 116
68 121
68 122
68 128
69 73
69 79
69 81
69 82
69 84
69 86
69 92
69 100
69 101
69 104
69 110
69 112
69 116
69 117
69 119
69 128
70 76
70 79
70 81
70 83
70 85
70 89
70 92
70 94
70 97
70 98
70 100
70 102
70 105
70 107
70 108
70 113
70 117
70 121
70 122
70 125
71 72
71 73
71 77
71 80
71 84
71 86
71 87
71 88
71 94
71 96
71 97
71 104
71 109
71 116
71 117
71 118
71 120
71 121
71 122
71 126
72 75
72 76
72 77
72 85
72 89
72 92
72 95
72 96
72 97
72 101
72 105
72 109
72 111
72 115
72 118
72 121
73 74
73 85
73 90
73 95
73 96
73 97
73 99
73 102
73 103
73 104
73 108
73 115
73 116
73 117
73 122
73 127
74 75
74 78
74 79
74 81
74 82
74 85
74 91
74 95
74 99
74 100
74 102
74 114
74 118
74 120
74 121
74 122
74 123
74 124
74 127
74 128
75 76
75 77
75 82
75 84
75 89
75 95
75 96
75 99
75 104
75 105
75 107
75 110
75 111
75 112
75 114
75 120
75 125
75 127
76 78
76 83
76 86
76 87
76 90
76 92
76 102
76 106
76 108
76 109
76 116
76 117
76 121
76 123
77 79
77 80
77 89
77 90
77 91
77 96
77 103
77 106
77 108
77 110
77 115
77 116
77 122
77 124
77 125
77 128
78 79
78 80
78 90
78 92
78 103
78 106
78 108
78 109
78 122
78 124
79 82
79 86
79 95
79 97
79 98
79 103
79 104
79 106
79 114
79 120
79 122
79 123
80 82
80 84
80 85
80 88
80 93
80 94
80 99
80 101
80 103
80 104
80 110
80 112
80 114
80 122
80 125
81 90
81 92
81 93
81 97
81 99
81 100
81 101
81 106
81 107
81 114
81 115
81 121
82 86
82 87
82 90
82 91
82 92
82 102
82 104
82 106
82 107
82 109
82 111
82 113
82 115
82 116
82 121
82 122
82 124
82 125
82 126
83 84
83 86
83 91
83 94
83 109
83 118
83 121
83 123
83 124
83 125
83 128
84 87
84 88
84 91
84 93
84 97
84 105
84 106
84 109
84 114
84 120
84 121
84 125
84 126
84 128
85 86
85 88
85 90
85 96
85 97
85 101
85 104
85 106
85 108
85 110
85 113
85 119
85 121
85 122
86 87
86 88
86 91
86 96
86 103
86 106
86 111
86 113
86 114
86 118
86 126
86 128
87 91
87 92
87 93
87 97
87 107
87 108
87 114
87 122
87 125
88 93
88 95
88 96
88 97
88 104
88 111
88 118
88 120
88 123
88 125
88 128
89 92
89 109
89 112
89 113
89 114
89 120
89 128
90 93
90 96
90 98
90 99
90 103
90 106
90 109
90 112
90 114
90 119
90 120
90 125
91 96
91 105
91 108
91 110
91 115
91 116
91 117
91 118
91 121
91 122
91 123
91 126
91 128
92 95
92 97
92 98
92 104
92 116
92 119
92 120
92 122
92 124
92 126
93 94
93 97
93 102
93 103
93 107
93 108
93 109
93 110
93 113
93 114
93 115
93 118
93 128
94 95
94 96
94 99
94 100
94 101
94 103
94 106
94 110
94 113
94 114
94 118
95 96
95 103
95 105
95 106
95 111
95 113
95 124
95 125
95 126
96 98
96 100
96 101
96 104
96 106
96 107
96 108
96 109
96 110
96 115
96 117
96 118
96 121
97 98
97 103
97 105
97 107
97 113
97 119
97 122
97 127
98 101
98 108
98 110
98 114
98 120
98 124
98 128
99 100
99 102
99 107
99 113
99 116
99 125
99 126
100 104
100 106
100 112
100 113
100 114
100 115
100 125
100 127
101 105
101 108
101 110
101 119
101 122
101 127
101 128
102 103
102 105
102 106
102 107
102 110
102 111
102 112
102 115
102 119
102 121
102 124
103 105
103 114
103 115
103 116
103 118
103 122
103 123
104 107
104 109
104 115
104 116
104 119
104 121
104 124
104 125
105 106
105 108
105 110
105 122
105 128
106 109
106 111
106 113
106 114
106 121
106 125
106 126
107 115
107 117
107 120
107 123
107 126
108 110
108 112
108 124
109 110
109 112
109 117
109 120
109 123
109 128
110 111
110 112
110 115
110 117
110 121
110 122
110 127
111 112
111 113
111 114
111 124
111 126
112 116
112 117
112 123
113 118
113 124
114 115
114 119
114 127
115 121
115 126
116 119
116 123
116 126
117 119
117 120
117 121
117 122
117 124
117 126
117 127
118 119
118 120
118 124
118 126
120 122
120 126
120 128
121 126
122 128
123 126
124 127
124 128
126 128
127 128
