128 332
1
2
3
4
5
6
7
8
9
10
11
12
13
14
15
16
17
18
19
20
21
22
23
24
25
26
27
28
29
30
31
32
33
34
35
36
37
38
39
40
41
42
43
44
45
46
47
48
49
50
51
52
53
54
55
56
57
58
59
60
61
62
63
64
65
66
67
68
69
70
71
72
73
74
75
76
77
78
79
80
81
82
83
84
85
86
87
88
89
90
91
92
93
94
95
96
97
98
99
100
101
102
103
104
105
106
107
108
109
110
111
112
113
114
115
116
117
118
119
120
121
122
123
124
125
126
127
128
1 17 
1 44 
1 69 
1 71 
1 79 
1 89 
1 96 
1 106 
1 127 
2 88 
3 19 
3 34 
3 42 
3 69 
3 89 
3 94 
3 99 
4 6 
4 32 
4 55 
4 71 
4 96 
4 109 
5 12 
5 19 
5 33 
5 62 
5 73 
5 100 
5 124 
6 32 
6 68 
6 85 
6 109 
7 21 
7 38 
8 68 
8 93 
9 11 
9 28 
9 55 
10 17 
10 25 
10 27 
10 31 
10 53 
10 68 
10 94 
11 28 
11 48 
11 66 
11 113 
12 21 
12 45 
12 46 
12 59 
12 80 
12 90 
12 102 
13 22 
13 59 
13 102 
13 104 
14 109 
14 118 
15 16 
15 18 
15 32 
15 43 
15 58 
15 73 
15 79 
15 120 
16 22 
16 66 
16 73 
16 80 
16 112 
16 114 
16 120 
17 62 
17 90 
17 120 
18 31 
18 87 
18 100 
18 108 
19 40 
19 62 
19 108 
20 25 
20 27 
20 38 
20 82 
20 83 
20 102 
20 109 
20 120 
20 128 
21 73 
21 97 
21 104 
21 118 
22 53 
22 93 
22 96 
22 99 
22 128 
23 34 
23 99 
23 102 
24 54 
24 71 
24 73 
24 100 
24 117 
25 60 
25 65 
26 31 
26 35 
26 37 
26 49 
26 71 
26 85 
26 99 
26 103 
26 117 
27 30 
27 41 
27 64 
27 90 
28 31 
28 71 
28 100 
28 106 
29 62 
30 39 
30 68 
30 112 
32 57 
32 66 
32 76 
33 41 
33 75 
33 108 
33 116 
33 126 
33 128 
34 55 
34 74 
34 97 
34 103 
34 126 
35 102 
35 120 
36 46 
36 48 
36 105 
36 118 
37 113 
38 60 
38 123 
39 47 
39 61 
39 80 
39 92 
39 100 
40 64 
40 76 
40 99 
40 102 
41 63 
41 77 
42 51 
42 69 
42 70 
42 90 
42 108 
43 100 
43 114 
43 123 
44 61 
44 64 
44 67 
44 95 
45 77 
45 110 
46 101 
46 102 
46 123 
47 62 
48 78 
48 79 
48 121 
49 56 
49 103 
49 108 
50 85 
51 76 
51 107 
51 127 
52 58 
52 80 
53 65 
53 70 
53 79 
53 87 
53 93 
53 94 
53 97 
53 125 
54 66 
54 79 
54 102 
55 82 
55 101 
55 106 
56 74 
57 69 
57 83 
57 84 
57 87 
57 109 
57 116 
57 126 
58 73 
59 60 
59 93 
60 61 
60 95 
60 124 
61 66 
61 86 
61 93 
62 86 
63 65 
63 73 
63 94 
63 111 
64 96 
64 104 
64 123 
65 80 
65 92 
66 68 
66 72 
66 97 
66 102 
66 118 
66 128 
68 73 
68 74 
68 98 
68 114 
68 123 
69 106 
69 118 
70 73 
70 83 
70 112 
70 124 
71 77 
71 105 
71 111 
72 81 
72 83 
72 85 
73 100 
73 113 
73 124 
74 91 
74 120 
76 90 
77 111 
78 97 
78 108 
79 87 
79 99 
79 107 
79 127 
80 102 
80 106 
81 92 
82 95 
82 97 
82 103 
82 112 
83 99 
83 108 
83 124 
84 114 
84 121 
85 115 
86 112 
87 114 
88 104 
88 114 
89 127 
90 103 
90 107 
91 114 
92 118 
92 124 
92 125 
95 112 
97 118 
97 128 
98 99 
98 105 
98 123 
99 121 
100 127 
101 102 
101 105 
101 117 
102 116 
103 117 
107 109 
109 111 
109 117 
110 117 
110 124 
111 114 
112 115 
114 116 
116 119 
116 123 
116 125 
117 118 
117 121 
117 126 
120 122 
