128 3845
1
2
3
4
5
6
7
8
9
10
11
12
13
14
15
16
17
18
19
20
21
22
23
24
25
26
27
28
29
30
31
32
33
34
35
36
37
38
39
40
41
42
43
44
45
46
47
48
49
50
51
52
53
54
55
56
57
58
59
60
61
62
63
64
65
66
67
68
69
70
71
72
73
74
75
76
77
78
79
80
81
82
83
84
85
86
87
88
89
90
91
92
93
94
95
96
97
98
99
100
101
102
103
104
105
106
107
108
109
110
111
112
113
114
115
116
117
118
119
120
121
122
123
124
125
126
127
128
1 2 
1 5 
1 7 
1 9 
1 10 
1 11 
1 17 
1 19 
1 20 
1 22 
1 24 
1 27 
1 28 
1 29 
1 30 
1 31 
1 33 
1 35 
1 39 
1 41 
1 42 
1 56 
1 58 
1 60 
1 63 
1 64 
1 68 
1 69 
1 72 
1 73 
1 77 
1 80 
1 82 
1 84 
1 87 
1 89 
1 90 
1 92 
1 93 
1 98 
1 100 
1 101 
1 110 
1 111 
1 112 
1 113 
1 116 
1 121 
1 124 
1 125 
1 126 
1 127 
1 128 
2 3 
2 4 
2 5 
2 6 
2 8 
2 14 
2 19 
2 21 
2 24 
2 26 
2 27 
2 29 
2 33 
2 34 
2 38 
2 39 
2 42 
2 47 
2 48 
2 49 
2 50 
2 56 
2 57 
2 58 
2 59 
2 60 
2 63 
2 66 
2 68 
2 69 
2 75 
2 79 
2 80 
2 82 
2 83 
2 84 
2 85 
2 87 
2 88 
2 89 
2 90 
2 92 
2 93 
2 95 
2 96 
2 98 
2 105 
2 106 
2 110 
2 119 
2 120 
2 121 
2 125 
2 127 
2 128 
3 6 
3 9 
3 11 
3 17 
3 18 
3 22 
3 24 
3 25 
3 26 
3 31 
3 32 
3 33 
3 34 
3 35 
3 36 
3 37 
3 38 
3 39 
3 42 
3 43 
3 46 
3 48 
3 50 
3 53 
3 54 
3 55 
3 56 
3 57 
3 58 
3 60 
3 61 
3 63 
3 64 
3 67 
3 68 
3 70 
3 71 
3 72 
3 74 
3 75 
3 77 
3 78 
3 80 
3 82 
3 83 
3 84 
3 85 
3 87 
3 92 
3 97 
3 98 
3 100 
3 101 
3 106 
3 107 
3 108 
3 109 
3 111 
3 113 
3 114 
3 120 
3 121 
3 122 
3 127 
3 128 
4 5 
4 6 
4 8 
4 10 
4 13 
4 17 
4 19 
4 20 
4 22 
4 23 
4 24 
4 27 
4 29 
4 30 
4 32 
4 33 
4 35 
4 37 
4 41 
4 45 
4 46 
4 49 
4 51 
4 52 
4 55 
4 57 
4 60 
4 62 
4 64 
4 65 
4 67 
4 73 
4 75 
4 80 
4 83 
4 86 
4 87 
4 89 
4 90 
4 92 
4 96 
4 105 
4 110 
4 112 
4 113 
4 114 
4 115 
4 116 
4 117 
4 118 
4 120 
4 126 
5 6 
5 7 
5 8 
5 9 
5 10 
5 11 
5 13 
5 15 
5 16 
5 19 
5 23 
5 24 
5 26 
5 31 
5 34 
5 36 
5 37 
5 39 
5 40 
5 41 
5 45 
5 47 
5 48 
5 50 
5 53 
5 59 
5 60 
5 61 
5 62 
5 64 
5 65 
5 66 
5 67 
5 71 
5 76 
5 77 
5 80 
5 84 
5 86 
5 87 
5 88 
5 91 
5 93 
5 95 
5 96 
5 100 
5 101 
5 102 
5 110 
5 112 
5 114 
5 115 
5 117 
5 120 
5 122 
5 125 
5 126 
6 7 
6 13 
6 15 
6 16 
6 17 
6 19 
6 21 
6 25 
6 27 
6 28 
6 29 
6 30 
6 32 
6 33 
6 35 
6 38 
6 40 
6 41 
6 42 
6 43 
6 44 
6 45 
6 48 
6 53 
6 62 
6 64 
6 67 
6 68 
6 72 
6 73 
6 75 
6 76 
6 77 
6 78 
6 81 
6 85 
6 86 
6 88 
6 89 
6 93 
6 94 
6 97 
6 99 
6 100 
6 102 
6 104 
6 109 
6 112 
6 113 
6 114 
6 119 
6 121 
6 125 
6 126 
6 127 
6 128 
7 9 
7 11 
7 13 
7 14 
7 15 
7 21 
7 24 
7 26 
7 27 
7 28 
7 32 
7 33 
7 35 
7 37 
7 39 
7 40 
7 44 
7 46 
7 49 
7 54 
7 58 
7 59 
7 61 
7 63 
7 66 
7 69 
7 70 
7 72 
7 73 
7 74 
7 78 
7 79 
7 80 
7 81 
7 82 
7 88 
7 89 
7 91 
7 92 
7 93 
7 96 
7 97 
7 98 
7 103 
7 104 
7 105 
7 106 
7 107 
7 110 
7 111 
7 113 
7 115 
7 116 
7 121 
7 123 
7 124 
7 126 
7 128 
8 14 
8 16 
8 17 
8 18 
8 20 
8 22 
8 24 
8 28 
8 29 
8 30 
8 31 
8 33 
8 36 
8 38 
8 39 
8 40 
8 43 
8 44 
8 49 
8 50 
8 53 
8 54 
8 56 
8 57 
8 58 
8 59 
8 60 
8 61 
8 63 
8 65 
8 69 
8 71 
8 72 
8 76 
8 78 
8 82 
8 84 
8 85 
8 86 
8 91 
8 96 
8 97 
8 100 
8 101 
8 102 
8 103 
8 105 
8 106 
8 108 
8 110 
8 111 
8 112 
8 115 
8 116 
8 119 
8 122 
8 123 
8 126 
8 128 
9 10 
9 11 
9 13 
9 15 
9 18 
9 20 
9 26 
9 28 
9 29 
9 31 
9 32 
9 33 
9 34 
9 38 
9 39 
9 44 
9 45 
9 46 
9 47 
9 48 
9 49 
9 51 
9 52 
9 54 
9 58 
9 59 
9 60 
9 61 
9 68 
9 69 
9 71 
9 72 
9 76 
9 79 
9 83 
9 85 
9 86 
9 89 
9 90 
9 91 
9 92 
9 97 
9 99 
9 102 
9 110 
9 111 
9 117 
9 122 
9 124 
10 12 
10 16 
10 17 
10 20 
10 26 
10 27 
10 29 
10 31 
10 35 
10 41 
10 42 
10 43 
10 45 
10 46 
10 47 
10 50 
10 51 
10 53 
10 54 
10 55 
10 56 
10 57 
10 59 
10 60 
10 63 
10 64 
10 65 
10 68 
10 69 
10 70 
10 71 
10 72 
10 74 
10 75 
10 77 
10 79 
10 80 
10 84 
10 85 
10 87 
10 95 
10 97 
10 99 
10 100 
10 106 
10 107 
10 108 
10 109 
10 113 
10 115 
10 118 
10 119 
10 120 
10 122 
10 123 
10 124 
11 17 
11 18 
11 19 
11 23 
11 25 
11 26 
11 31 
11 34 
11 35 
11 37 
11 41 
11 42 
11 44 
11 47 
11 48 
11 55 
11 59 
11 61 
11 62 
11 65 
11 68 
11 77 
11 79 
11 80 
11 82 
11 85 
11 89 
11 90 
11 92 
11 93 
11 96 
11 97 
11 98 
11 99 
11 100 
11 101 
11 105 
11 106 
11 107 
11 108 
11 109 
11 111 
11 113 
11 114 
11 120 
11 123 
11 124 
11 126 
11 127 
11 128 
12 14 
12 16 
12 20 
12 21 
12 23 
12 26 
12 30 
12 31 
12 32 
12 33 
12 34 
12 35 
12 36 
12 38 
12 39 
12 40 
12 42 
12 45 
12 46 
12 48 
12 49 
12 50 
12 51 
12 54 
12 55 
12 56 
12 57 
12 58 
12 59 
12 62 
12 64 
12 65 
12 70 
12 74 
12 76 
12 77 
12 81 
12 84 
12 85 
12 87 
12 88 
12 90 
12 93 
12 101 
12 103 
12 104 
12 105 
12 107 
12 109 
12 111 
12 112 
12 115 
12 116 
12 121 
12 126 
12 128 
13 14 
13 16 
13 17 
13 19 
13 20 
13 21 
13 22 
13 24 
13 26 
13 29 
13 31 
13 32 
13 33 
13 34 
13 39 
13 41 
13 42 
13 43 
13 44 
13 46 
13 47 
13 49 
13 50 
13 51 
13 53 
13 57 
13 59 
13 60 
13 64 
13 67 
13 70 
13 72 
13 73 
13 75 
13 76 
13 77 
13 79 
13 81 
13 84 
13 86 
13 89 
13 92 
13 93 
13 94 
13 96 
13 102 
13 103 
13 104 
13 105 
13 108 
13 109 
13 110 
13 113 
13 115 
13 117 
13 118 
13 119 
13 121 
13 123 
13 125 
13 126 
13 127 
14 16 
14 18 
14 19 
14 20 
14 22 
14 23 
14 24 
14 25 
14 26 
14 27 
14 28 
14 30 
14 36 
14 37 
14 39 
14 40 
14 41 
14 42 
14 43 
14 45 
14 48 
14 50 
14 52 
14 53 
14 55 
14 56 
14 58 
14 61 
14 62 
14 63 
14 65 
14 66 
14 67 
14 69 
14 70 
14 74 
14 76 
14 77 
14 78 
14 79 
14 80 
14 85 
14 87 
14 89 
14 92 
14 94 
14 95 
14 96 
14 97 
14 98 
14 99 
14 100 
14 101 
14 104 
14 106 
14 110 
14 111 
14 113 
14 116 
14 118 
14 119 
14 120 
14 121 
14 124 
14 127 
14 128 
15 16 
15 17 
15 23 
15 26 
15 27 
15 28 
15 31 
15 32 
15 33 
15 34 
15 35 
15 38 
15 43 
15 46 
15 49 
15 50 
15 51 
15 52 
15 56 
15 58 
15 59 
15 61 
15 62 
15 63 
15 66 
15 67 
15 68 
15 69 
15 70 
15 71 
15 72 
15 76 
15 78 
15 79 
15 80 
15 83 
15 85 
15 86 
15 88 
15 89 
15 92 
15 94 
15 95 
15 97 
15 99 
15 101 
15 103 
15 106 
15 107 
15 108 
15 109 
15 110 
15 115 
15 116 
15 117 
15 118 
15 119 
15 121 
15 122 
15 123 
15 124 
15 127 
16 20 
16 22 
16 23 
16 24 
16 25 
16 26 
16 27 
16 28 
16 29 
16 30 
16 38 
16 39 
16 43 
16 44 
16 45 
16 47 
16 48 
16 49 
16 51 
16 54 
16 56 
16 58 
16 59 
16 63 
16 65 
16 66 
16 67 
16 68 
16 69 
16 70 
16 73 
16 75 
16 76 
16 78 
16 80 
16 83 
16 84 
16 89 
16 90 
16 92 
16 94 
16 95 
16 96 
16 97 
16 100 
16 101 
16 102 
16 103 
16 105 
16 108 
16 110 
16 112 
16 113 
16 115 
16 116 
16 119 
16 120 
16 121 
16 124 
17 19 
17 20 
17 21 
17 25 
17 26 
17 27 
17 28 
17 30 
17 32 
17 34 
17 35 
17 36 
17 37 
17 41 
17 42 
17 43 
17 45 
17 47 
17 48 
17 50 
17 56 
17 60 
17 62 
17 63 
17 64 
17 67 
17 68 
17 71 
17 73 
17 75 
17 77 
17 79 
17 83 
17 85 
17 86 
17 87 
17 89 
17 93 
17 94 
17 96 
17 101 
17 102 
17 104 
17 105 
17 108 
17 110 
17 111 
17 112 
17 113 
17 114 
17 120 
17 121 
17 126 
17 127 
18 23 
18 24 
18 27 
18 28 
18 29 
18 30 
18 32 
18 33 
18 34 
18 38 
18 40 
18 43 
18 45 
18 46 
18 49 
18 52 
18 53 
18 54 
18 55 
18 56 
18 63 
18 66 
18 67 
18 69 
18 71 
18 73 
18 75 
18 77 
18 81 
18 83 
18 85 
18 86 
18 91 
18 92 
18 93 
18 96 
18 99 
18 101 
18 105 
18 108 
18 109 
18 112 
18 113 
18 116 
18 120 
18 121 
18 123 
18 124 
18 125 
19 20 
19 21 
19 23 
19 26 
19 29 
19 30 
19 31 
19 34 
19 35 
19 36 
19 37 
19 40 
19 43 
19 45 
19 49 
19 51 
19 53 
19 54 
19 55 
19 58 
19 60 
19 62 
19 64 
19 65 
19 70 
19 71 
19 72 
19 73 
19 75 
19 77 
19 81 
19 83 
19 86 
19 89 
19 91 
19 93 
19 95 
19 97 
19 99 
19 100 
19 101 
19 104 
19 105 
19 106 
19 108 
19 109 
19 111 
19 112 
19 113 
19 115 
19 116 
19 117 
19 118 
19 119 
19 120 
19 122 
19 123 
19 125 
19 127 
20 22 
20 23 
20 26 
20 27 
20 28 
20 30 
20 32 
20 33 
20 34 
20 35 
20 36 
20 37 
20 38 
20 41 
20 42 
20 45 
20 46 
20 48 
20 53 
20 54 
20 55 
20 58 
20 59 
20 61 
20 62 
20 63 
20 65 
20 66 
20 70 
20 71 
20 74 
20 77 
20 78 
20 79 
20 82 
20 89 
20 91 
20 95 
20 97 
20 98 
20 99 
20 101 
20 105 
20 107 
20 108 
20 111 
20 112 
20 115 
20 117 
20 118 
20 119 
20 120 
20 122 
20 123 
20 125 
20 128 
21 22 
21 30 
21 31 
21 33 
21 35 
21 37 
21 38 
21 39 
21 41 
21 42 
21 43 
21 46 
21 47 
21 48 
21 49 
21 50 
21 55 
21 62 
21 63 
21 64 
21 65 
21 66 
21 71 
21 72 
21 73 
21 75 
21 76 
21 79 
21 80 
21 81 
21 82 
21 83 
21 85 
21 86 
21 87 
21 88 
21 89 
21 90 
21 91 
21 94 
21 96 
21 97 
21 98 
21 104 
21 108 
21 109 
21 113 
21 119 
21 120 
21 123 
21 128 
22 24 
22 25 
22 28 
22 34 
22 35 
22 40 
22 41 
22 42 
22 47 
22 49 
22 51 
22 55 
22 58 
22 60 
22 61 
22 62 
22 63 
22 65 
22 72 
22 74 
22 77 
22 78 
22 80 
22 81 
22 82 
22 83 
22 84 
22 88 
22 89 
22 90 
22 100 
22 108 
22 109 
22 110 
22 112 
22 113 
22 117 
22 120 
22 122 
22 125 
22 127 
22 128 
23 24 
23 25 
23 27 
23 31 
23 32 
23 34 
23 35 
23 36 
23 39 
23 41 
23 46 
23 47 
23 49 
23 50 
23 51 
23 56 
23 57 
23 58 
23 62 
23 63 
23 66 
23 67 
23 68 
23 70 
23 72 
23 73 
23 74 
23 75 
23 77 
23 78 
23 79 
23 80 
23 81 
23 83 
23 85 
23 86 
23 93 
23 95 
23 96 
23 98 
23 99 
23 101 
23 102 
23 103 
23 106 
23 108 
23 110 
23 117 
23 119 
23 120 
23 121 
23 122 
23 123 
23 125 
23 127 
23 128 
24 25 
24 29 
24 30 
24 37 
24 38 
24 39 
24 40 
24 42 
24 43 
24 45 
24 48 
24 51 
24 53 
24 54 
24 56 
24 57 
24 58 
24 59 
24 60 
24 61 
24 62 
24 63 
24 69 
24 72 
24 74 
24 76 
24 77 
24 81 
24 82 
24 84 
24 85 
24 90 
24 93 
24 95 
24 96 
24 97 
24 98 
24 101 
24 104 
24 105 
24 106 
24 107 
24 114 
24 115 
24 116 
24 118 
24 119 
24 121 
24 122 
24 124 
24 125 
24 126 
24 127 
24 128 
25 27 
25 34 
25 38 
25 39 
25 41 
25 42 
25 43 
25 44 
25 46 
25 47 
25 48 
25 49 
25 55 
25 56 
25 57 
25 60 
25 61 
25 65 
25 68 
25 70 
25 71 
25 72 
25 73 
25 76 
25 78 
25 81 
25 84 
25 85 
25 86 
25 87 
25 89 
25 92 
25 97 
25 99 
25 105 
25 107 
25 109 
25 113 
25 115 
25 116 
25 117 
25 118 
25 120 
25 125 
25 127 
26 27 
26 30 
26 32 
26 33 
26 35 
26 36 
26 37 
26 39 
26 40 
26 41 
26 43 
26 45 
26 47 
26 54 
26 55 
26 56 
26 57 
26 61 
26 62 
26 63 
26 65 
26 66 
26 67 
26 72 
26 75 
26 76 
26 77 
26 80 
26 81 
26 83 
26 84 
26 88 
26 89 
26 91 
26 92 
26 93 
26 96 
26 97 
26 99 
26 103 
26 104 
26 105 
26 109 
26 111 
26 113 
26 114 
26 115 
26 116 
26 121 
26 122 
26 124 
26 126 
26 128 
27 30 
27 32 
27 34 
27 36 
27 38 
27 41 
27 42 
27 43 
27 44 
27 48 
27 50 
27 51 
27 52 
27 59 
27 60 
27 63 
27 65 
27 67 
27 69 
27 70 
27 74 
27 75 
27 76 
27 83 
27 87 
27 89 
27 90 
27 92 
27 94 
27 95 
27 98 
27 99 
27 100 
27 102 
27 104 
27 108 
27 109 
27 110 
27 114 
27 118 
27 119 
27 120 
27 123 
27 125 
27 126 
27 128 
28 29 
28 30 
28 31 
28 32 
28 35 
28 36 
28 38 
28 40 
28 43 
28 46 
28 47 
28 48 
28 52 
28 54 
28 56 
28 57 
28 60 
28 63 
28 64 
28 65 
28 66 
28 72 
28 73 
28 76 
28 79 
28 80 
28 85 
28 86 
28 87 
28 89 
28 91 
28 93 
28 94 
28 98 
28 99 
28 103 
28 104 
28 107 
28 111 
28 112 
28 115 
28 116 
28 117 
28 118 
28 119 
28 121 
28 127 
28 128 
29 35 
29 40 
29 43 
29 47 
29 50 
29 51 
29 52 
29 57 
29 58 
29 61 
29 62 
29 63 
29 65 
29 66 
29 67 
29 72 
29 73 
29 74 
29 75 
29 79 
29 80 
29 81 
29 84 
29 86 
29 87 
29 89 
29 91 
29 94 
29 100 
29 101 
29 104 
29 110 
29 112 
29 114 
29 115 
29 119 
29 123 
29 124 
29 125 
30 31 
30 32 
30 33 
30 38 
30 39 
30 43 
30 45 
30 46 
30 47 
30 50 
30 51 
30 52 
30 54 
30 62 
30 65 
30 66 
30 68 
30 72 
30 73 
30 74 
30 75 
30 77 
30 80 
30 82 
30 84 
30 85 
30 91 
30 94 
30 96 
30 97 
30 99 
30 100 
30 101 
30 104 
30 105 
30 106 
30 107 
30 108 
30 110 
30 112 
30 115 
30 116 
30 117 
30 121 
30 122 
30 123 
31 32 
31 33 
31 35 
31 36 
31 37 
31 38 
31 39 
31 40 
31 43 
31 46 
31 47 
31 53 
31 54 
31 56 
31 60 
31 61 
31 65 
31 66 
31 70 
31 71 
31 72 
31 73 
31 74 
31 75 
31 76 
31 77 
31 79 
31 81 
31 82 
31 85 
31 87 
31 89 
31 91 
31 92 
31 93 
31 94 
31 95 
31 96 
31 97 
31 105 
31 106 
31 112 
31 113 
31 114 
31 116 
31 117 
31 118 
31 119 
31 120 
31 122 
31 124 
31 125 
32 36 
32 37 
32 38 
32 39 
32 40 
32 41 
32 45 
32 49 
32 50 
32 52 
32 54 
32 55 
32 61 
32 66 
32 68 
32 70 
32 71 
32 73 
32 74 
32 75 
32 76 
32 78 
32 79 
32 80 
32 82 
32 84 
32 85 
32 86 
32 87 
32 89 
32 91 
32 96 
32 102 
32 103 
32 105 
32 106 
32 109 
32 110 
32 111 
32 112 
32 116 
32 119 
32 124 
32 125 
33 35 
33 38 
33 39 
33 40 
33 43 
33 44 
33 49 
33 52 
33 53 
33 54 
33 59 
33 64 
33 65 
33 66 
33 68 
33 69 
33 70 
33 72 
33 74 
33 75 
33 79 
33 81 
33 86 
33 90 
33 91 
33 93 
33 94 
33 100 
33 101 
33 102 
33 105 
33 106 
33 107 
33 110 
33 112 
33 116 
33 120 
33 123 
33 125 
33 126 
33 128 
34 35 
34 37 
34 38 
34 40 
34 43 
34 44 
34 45 
34 46 
34 49 
34 51 
34 54 
34 57 
34 58 
34 59 
34 62 
34 67 
34 68 
34 69 
34 76 
34 79 
34 80 
34 82 
34 83 
34 86 
34 87 
34 88 
34 92 
34 95 
34 96 
34 99 
34 100 
34 101 
34 105 
34 106 
34 107 
34 108 
34 109 
34 118 
34 119 
34 120 
34 121 
34 123 
34 124 
34 125 
34 127 
34 128 
35 39 
35 40 
35 41 
35 43 
35 49 
35 50 
35 52 
35 54 
35 56 
35 59 
35 64 
35 65 
35 66 
35 67 
35 70 
35 71 
35 73 
35 74 
35 75 
35 76 
35 77 
35 80 
35 81 
35 83 
35 89 
35 92 
35 95 
35 96 
35 97 
35 99 
35 103 
35 105 
35 106 
35 111 
35 112 
35 113 
35 117 
35 118 
35 123 
36 39 
36 40 
36 42 
36 43 
36 44 
36 45 
36 48 
36 51 
36 54 
36 56 
36 57 
36 58 
36 59 
36 60 
36 66 
36 68 
36 70 
36 71 
36 72 
36 76 
36 79 
36 81 
36 86 
36 88 
36 90 
36 94 
36 97 
36 98 
36 100 
36 102 
36 105 
36 107 
36 110 
36 111 
36 112 
36 113 
36 114 
36 115 
36 116 
36 118 
36 123 
36 126 
37 38 
37 42 
37 44 
37 46 
37 47 
37 48 
37 51 
37 54 
37 55 
37 56 
37 57 
37 59 
37 60 
37 67 
37 69 
37 70 
37 73 
37 74 
37 76 
37 80 
37 83 
37 86 
37 88 
37 90 
37 99 
37 101 
37 103 
37 107 
37 108 
37 110 
37 113 
37 114 
37 116 
37 117 
37 118 
37 119 
37 120 
37 121 
37 123 
37 126 
38 39 
38 41 
38 44 
38 45 
38 50 
38 51 
38 53 
38 55 
38 56 
38 57 
38 59 
38 65 
38 68 
38 70 
38 71 
38 73 
38 76 
38 77 
38 79 
38 80 
38 83 
38 86 
38 90 
38 91 
38 94 
38 95 
38 96 
38 98 
38 99 
38 102 
38 104 
38 106 
38 109 
38 110 
38 111 
38 115 
38 118 
38 120 
38 121 
38 125 
38 126 
38 128 
39 41 
39 43 
39 45 
39 47 
39 49 
39 53 
39 54 
39 57 
39 58 
39 64 
39 67 
39 70 
39 71 
39 73 
39 75 
39 80 
39 81 
39 84 
39 87 
39 89 
39 90 
39 91 
39 92 
39 93 
39 94 
39 95 
39 98 
39 102 
39 106 
39 108 
39 110 
39 115 
39 117 
39 120 
39 121 
39 122 
40 44 
40 45 
40 46 
40 49 
40 50 
40 53 
40 57 
40 59 
40 60 
40 63 
40 64 
40 65 
40 69 
40 71 
40 72 
40 74 
40 76 
40 77 
40 80 
40 81 
40 83 
40 84 
40 85 
40 86 
40 97 
40 98 
40 99 
40 101 
40 102 
40 107 
40 108 
40 109 
40 111 
40 112 
40 113 
40 114 
40 116 
40 118 
40 119 
40 121 
40 123 
40 127 
40 128 
41 42 
41 43 
41 48 
41 53 
41 55 
41 56 
41 57 
41 58 
41 59 
41 61 
41 63 
41 67 
41 70 
41 73 
41 74 
41 78 
41 81 
41 83 
41 84 
41 85 
41 86 
41 89 
41 90 
41 91 
41 92 
41 93 
41 94 
41 95 
41 96 
41 98 
41 100 
41 105 
41 106 
41 112 
41 114 
41 115 
41 116 
41 123 
41 126 
41 127 
41 128 
42 43 
42 48 
42 49 
42 50 
42 51 
42 52 
42 53 
42 54 
42 55 
42 56 
42 57 
42 59 
42 60 
42 62 
42 64 
42 65 
42 67 
42 69 
42 70 
42 73 
42 75 
42 76 
42 77 
42 80 
42 82 
42 87 
42 89 
42 90 
42 92 
42 93 
42 100 
42 102 
42 103 
42 104 
42 105 
42 109 
42 110 
42 111 
42 116 
42 118 
42 119 
42 121 
42 122 
42 124 
42 127 
42 128 
43 44 
43 45 
43 46 
43 47 
43 48 
43 49 
43 50 
43 51 
43 53 
43 56 
43 57 
43 58 
43 60 
43 61 
43 63 
43 65 
43 66 
43 68 
43 70 
43 74 
43 75 
43 76 
43 77 
43 80 
43 82 
43 83 
43 84 
43 90 
43 92 
43 95 
43 101 
43 103 
43 105 
43 106 
43 111 
43 114 
43 115 
43 124 
43 125 
44 45 
44 47 
44 48 
44 55 
44 56 
44 62 
44 68 
44 71 
44 72 
44 73 
44 77 
44 78 
44 80 
44 81 
44 83 
44 87 
44 89 
44 91 
44 92 
44 95 
44 97 
44 100 
44 102 
44 103 
44 104 
44 106 
44 111 
44 113 
44 115 
44 116 
44 118 
44 128 
45 46 
45 47 
45 50 
45 52 
45 53 
45 55 
45 57 
45 58 
45 61 
45 62 
45 64 
45 68 
45 69 
45 72 
45 73 
45 75 
45 76 
45 77 
45 79 
45 81 
45 83 
45 84 
45 85 
45 86 
45 87 
45 88 
45 89 
45 91 
45 92 
45 94 
45 96 
45 97 
45 98 
45 102 
45 104 
45 105 
45 108 
45 109 
45 111 
45 112 
45 113 
45 115 
45 120 
45 122 
45 123 
45 126 
45 127 
46 47 
46 49 
46 52 
46 55 
46 56 
46 59 
46 65 
46 67 
46 68 
46 69 
46 70 
46 72 
46 73 
46 75 
46 77 
46 78 
46 81 
46 84 
46 88 
46 89 
46 93 
46 94 
46 96 
46 97 
46 101 
46 102 
46 104 
46 105 
46 106 
46 108 
46 113 
46 114 
46 118 
46 125 
46 126 
46 127 
46 128 
47 48 
47 53 
47 54 
47 58 
47 60 
47 61 
47 65 
47 71 
47 76 
47 84 
47 86 
47 88 
47 93 
47 94 
47 95 
47 98 
47 102 
47 103 
47 106 
47 107 
47 108 
47 111 
47 113 
47 122 
47 125 
47 126 
47 127 
47 128 
48 50 
48 52 
48 54 
48 55 
48 57 
48 58 
48 59 
48 60 
48 62 
48 63 
48 64 
48 66 
48 67 
48 69 
48 72 
48 73 
48 76 
48 78 
48 79 
48 81 
48 83 
48 84 
48 86 
48 93 
48 94 
48 95 
48 98 
48 99 
48 100 
48 106 
48 108 
48 109 
48 111 
48 113 
48 116 
48 118 
48 119 
48 120 
48 121 
48 126 
48 127 
48 128 
49 52 
49 53 
49 55 
49 58 
49 61 
49 62 
49 63 
49 66 
49 68 
49 69 
49 70 
49 71 
49 75 
49 77 
49 83 
49 84 
49 85 
49 86 
49 87 
49 93 
49 94 
49 98 
49 99 
49 101 
49 104 
49 108 
49 110 
49 112 
49 121 
49 122 
49 123 
49 124 
49 125 
49 128 
50 52 
50 56 
50 58 
50 59 
50 62 
50 66 
50 67 
50 68 
50 70 
50 73 
50 76 
50 78 
50 79 
50 83 
50 89 
50 91 
50 94 
50 95 
50 97 
50 98 
50 104 
50 106 
50 109 
50 110 
50 113 
50 114 
50 118 
50 121 
50 122 
50 124 
50 127 
51 53 
51 54 
51 58 
51 59 
51 62 
51 63 
51 66 
51 69 
51 81 
51 82 
51 83 
51 84 
51 86 
51 87 
51 90 
51 91 
51 93 
51 96 
51 100 
51 101 
51 102 
51 104 
51 105 
51 107 
51 109 
51 112 
51 113 
51 114 
51 118 
51 120 
51 126 
51 127 
52 53 
52 54 
52 56 
52 57 
52 59 
52 61 
52 62 
52 63 
52 64 
52 65 
52 69 
52 74 
52 75 
52 76 
52 78 
52 80 
52 83 
52 86 
52 89 
52 91 
52 92 
52 93 
52 95 
52 98 
52 100 
52 101 
52 103 
52 104 
52 106 
52 109 
52 111 
52 114 
52 121 
52 122 
52 126 
52 127 
53 60 
53 61 
53 63 
53 64 
53 65 
53 66 
53 67 
53 70 
53 72 
53 77 
53 79 
53 82 
53 83 
53 84 
53 85 
53 88 
53 89 
53 90 
53 93 
53 96 
53 97 
53 98 
53 99 
53 101 
53 103 
53 104 
53 106 
53 108 
53 110 
53 111 
53 112 
53 114 
53 121 
53 123 
53 124 
53 126 
53 127 
54 56 
54 59 
54 60 
54 62 
54 68 
54 69 
54 72 
54 73 
54 74 
54 75 
54 76 
54 84 
54 86 
54 87 
54 92 
54 94 
54 97 
54 98 
54 102 
54 108 
54 110 
54 114 
54 115 
54 119 
54 124 
54 125 
54 127 
55 59 
55 61 
55 63 
55 64 
55 66 
55 67 
55 68 
55 69 
55 71 
55 72 
55 73 
55 84 
55 86 
55 87 
55 88 
55 91 
55 93 
55 95 
55 96 
55 97 
55 102 
55 103 
55 105 
55 107 
55 110 
55 111 
55 112 
55 115 
55 116 
55 118 
55 120 
55 121 
55 122 
55 128 
56 60 
56 62 
56 64 
56 66 
56 68 
56 70 
56 71 
56 73 
56 74 
56 78 
56 81 
56 82 
56 84 
56 85 
56 87 
56 88 
56 89 
56 92 
56 93 
56 96 
56 98 
56 99 
56 100 
56 101 
56 102 
56 103 
56 104 
56 107 
56 110 
56 111 
56 114 
56 116 
56 120 
56 122 
56 124 
56 126 
57 60 
57 63 
57 64 
57 65 
57 67 
57 68 
57 69 
57 72 
57 73 
57 74 
57 75 
57 76 
57 78 
57 80 
57 81 
57 86 
57 88 
57 101 
57 103 
57 108 
57 110 
57 112 
57 113 
57 116 
57 117 
57 118 
57 119 
57 120 
57 122 
57 124 
57 125 
57 126 
57 128 
58 60 
58 63 
58 64 
58 65 
58 66 
58 67 
58 74 
58 76 
58 80 
58 83 
58 87 
58 88 
58 91 
58 92 
58 93 
58 94 
58 95 
58 96 
58 97 
58 98 
58 99 
58 101 
58 102 
58 103 
58 104 
58 105 
58 106 
58 107 
58 108 
58 109 
58 110 
58 111 
58 117 
58 118 
58 119 
58 123 
58 125 
58 127 
59 60 
59 61 
59 62 
59 63 
59 65 
59 70 
59 73 
59 75 
59 79 
59 82 
59 84 
59 89 
59 90 
59 91 
59 92 
59 93 
59 94 
59 96 
59 97 
59 100 
59 101 
59 102 
59 106 
59 111 
59 112 
59 114 
59 118 
59 120 
59 122 
59 123 
59 124 
59 126 
60 61 
60 63 
60 66 
60 67 
60 68 
60 71 
60 72 
60 73 
60 74 
60 77 
60 78 
60 80 
60 82 
60 83 
60 87 
60 88 
60 90 
60 91 
60 95 
60 97 
60 100 
60 102 
60 103 
60 106 
60 108 
60 111 
60 115 
60 117 
60 120 
60 122 
60 123 
60 128 
61 63 
61 64 
61 68 
61 69 
61 71 
61 73 
61 75 
61 78 
61 87 
61 88 
61 89 
61 91 
61 92 
61 94 
61 95 
61 96 
61 97 
61 98 
61 100 
61 105 
61 106 
61 107 
61 108 
61 110 
61 112 
61 116 
61 117 
61 119 
61 121 
61 122 
61 124 
61 125 
61 127 
62 63 
62 64 
62 68 
62 71 
62 72 
62 76 
62 77 
62 80 
62 82 
62 83 
62 87 
62 88 
62 90 
62 92 
62 93 
62 98 
62 103 
62 104 
62 106 
62 107 
62 108 
62 110 
62 111 
62 113 
62 114 
62 118 
62 119 
62 122 
62 124 
62 126 
62 127 
63 66 
63 67 
63 68 
63 69 
63 72 
63 73 
63 75 
63 76 
63 80 
63 81 
63 82 
63 84 
63 88 
63 90 
63 91 
63 93 
63 95 
63 100 
63 102 
63 103 
63 107 
63 108 
63 109 
63 118 
63 120 
63 122 
63 126 
63 127 
63 128 
64 66 
64 67 
64 68 
64 70 
64 72 
64 80 
64 83 
64 86 
64 88 
64 89 
64 90 
64 91 
64 97 
64 99 
64 100 
64 101 
64 104 
64 106 
64 107 
64 108 
64 110 
64 111 
64 112 
64 113 
64 115 
64 116 
64 121 
64 123 
64 125 
64 126 
64 127 
64 128 
65 66 
65 67 
65 68 
65 69 
65 70 
65 72 
65 73 
65 74 
65 77 
65 78 
65 79 
65 84 
65 91 
65 92 
65 94 
65 95 
65 97 
65 102 
65 105 
65 110 
65 114 
65 116 
65 118 
65 120 
65 122 
65 123 
65 127 
65 128 
66 67 
66 68 
66 70 
66 72 
66 73 
66 74 
66 75 
66 81 
66 82 
66 89 
66 90 
66 91 
66 93 
66 94 
66 95 
66 96 
66 99 
66 100 
66 102 
66 103 
66 104 
66 106 
66 107 
66 112 
66 114 
66 115 
66 116 
66 117 
66 118 
66 120 
66 125 
66 126 
66 127 
66 128 
67 69 
67 71 
67 72 
67 74 
67 75 
67 76 
67 77 
67 78 
67 79 
67 80 
67 82 
67 83 
67 85 
67 86 
67 87 
67 88 
67 89 
67 91 
67 92 
67 96 
67 99 
67 102 
67 103 
67 105 
67 107 
67 110 
67 111 
67 116 
67 117 
67 118 
67 119 
67 120 
67 122 
67 123 
67 124 
67 125 
67 127 
68 70 
68 72 
68 73 
68 75 
68 78 
68 79 
68 81 
68 85 
68 87 
68 91 
68 94 
68 97 
68 99 
68 100 
68 102 
68 103 
68 106 
68 108 
68 109 
68 111 
68 114 
68 117 
68 119 
68 123 
68 124 
68 127 
69 71 
69 72 
69 73 
69 75 
69 76 
69 78 
69 79 
69 83 
69 86 
69 90 
69 94 
69 95 
69 96 
69 98 
69 99 
69 100 
69 101 
69 102 
69 104 
69 108 
69 109 
69 111 
69 115 
69 116 
69 119 
69 123 
69 128 
70 71 
70 72 
70 73 
70 77 
70 81 
70 82 
70 83 
70 84 
70 87 
70 88 
70 89 
70 93 
70 94 
70 95 
70 99 
70 101 
70 103 
70 104 
70 106 
70 107 
70 108 
70 109 
70 111 
70 112 
70 113 
70 116 
70 117 
70 118 
70 119 
70 121 
70 123 
70 124 
70 127 
70 128 
71 73 
71 75 
71 79 
71 80 
71 81 
71 82 
71 83 
71 84 
71 88 
71 89 
71 90 
71 91 
71 92 
71 94 
71 96 
71 100 
71 101 
71 103 
71 104 
71 106 
71 107 
71 110 
71 115 
71 116 
71 117 
71 120 
71 121 
71 122 
71 124 
71 125 
71 127 
72 73 
72 74 
72 77 
72 80 
72 81 
72 83 
72 84 
72 85 
72 87 
72 88 
72 89 
72 90 
72 91 
72 92 
72 93 
72 95 
72 96 
72 97 
72 98 
72 99 
72 103 
72 107 
72 109 
72 112 
72 113 
72 120 
72 121 
72 122 
73 74 
73 75 
73 76 
73 77 
73 81 
73 83 
73 85 
73 86 
73 88 
73 89 
73 91 
73 92 
73 94 
73 95 
73 97 
73 99 
73 100 
73 104 
73 105 
73 106 
73 107 
73 109 
73 114 
73 120 
73 121 
73 124 
73 125 
73 127 
74 76 
74 78 
74 81 
74 82 
74 83 
74 86 
74 94 
74 96 
74 97 
74 101 
74 102 
74 103 
74 108 
74 114 
74 115 
74 121 
74 123 
74 125 
75 79 
75 83 
75 85 
75 88 
75 89 
75 90 
75 92 
75 96 
75 98 
75 99 
75 100 
75 102 
75 103 
75 104 
75 106 
75 109 
75 110 
75 111 
75 112 
75 113 
75 114 
75 115 
75 119 
75 121 
75 122 
75 124 
75 127 
76 79 
76 80 
76 81 
76 83 
76 85 
76 88 
76 89 
76 90 
76 98 
76 101 
76 102 
76 108 
76 109 
76 110 
76 111 
76 112 
76 114 
76 121 
76 122 
76 123 
76 128 
77 80 
77 83 
77 86 
77 90 
77 91 
77 92 
77 94 
77 99 
77 103 
77 104 
77 109 
77 111 
77 112 
77 116 
77 117 
77 121 
77 122 
77 124 
77 127 
77 128 
78 80 
78 81 
78 82 
78 83 
78 95 
78 97 
78 98 
78 102 
78 103 
78 105 
78 106 
78 107 
78 108 
78 113 
78 117 
78 118 
78 119 
78 121 
78 122 
78 123 
78 125 
79 80 
79 81 
79 82 
79 84 
79 90 
79 91 
79 96 
79 100 
79 101 
79 102 
79 103 
79 105 
79 106 
79 107 
79 108 
79 111 
79 112 
79 113 
79 115 
79 117 
79 122 
79 123 
79 124 
79 125 
79 126 
79 127 
79 128 
80 83 
80 84 
80 86 
80 89 
80 91 
80 92 
80 93 
80 97 
80 101 
80 102 
80 104 
80 105 
80 107 
80 108 
80 109 
80 110 
80 112 
80 113 
80 115 
80 116 
80 121 
80 126 
80 128 
81 82 
81 83 
81 84 
81 85 
81 86 
81 88 
81 89 
81 90 
81 91 
81 97 
81 98 
81 101 
81 105 
81 109 
81 110 
81 111 
81 112 
81 114 
81 116 
81 117 
81 118 
81 119 
81 121 
81 125 
81 126 
81 127 
82 84 
82 85 
82 86 
82 87 
82 88 
82 89 
82 90 
82 95 
82 96 
82 97 
82 98 
82 100 
82 103 
82 107 
82 108 
82 112 
82 114 
82 118 
82 119 
82 120 
82 123 
82 125 
82 127 
82 128 
83 84 
83 87 
83 89 
83 90 
83 91 
83 94 
83 96 
83 98 
83 99 
83 101 
83 102 
83 106 
83 107 
83 110 
83 115 
83 116 
83 119 
83 121 
83 122 
83 128 
84 85 
84 86 
84 87 
84 88 
84 89 
84 93 
84 96 
84 97 
84 98 
84 99 
84 100 
84 101 
84 106 
84 107 
84 109 
84 110 
84 113 
84 114 
84 115 
84 116 
84 117 
84 126 
84 128 
85 87 
85 89 
85 90 
85 92 
85 93 
85 94 
85 96 
85 97 
85 101 
85 105 
85 106 
85 109 
85 112 
85 115 
85 117 
85 119 
85 120 
85 122 
85 123 
86 87 
86 90 
86 91 
86 92 
86 93 
86 94 
86 97 
86 101 
86 103 
86 105 
86 106 
86 109 
86 110 
86 113 
86 115 
86 122 
86 125 
86 127 
87 91 
87 92 
87 93 
87 94 
87 97 
87 100 
87 101 
87 102 
87 104 
87 106 
87 108 
87 109 
87 110 
87 111 
87 112 
87 113 
87 114 
87 116 
87 117 
87 125 
88 91 
88 93 
88 94 
88 98 
88 100 
88 103 
88 104 
88 107 
88 111 
88 112 
88 113 
88 114 
88 116 
88 117 
88 118 
88 119 
88 121 
88 122 
88 125 
88 127 
88 128 
89 90 
89 92 
89 93 
89 94 
89 95 
89 98 
89 100 
89 105 
89 106 
89 109 
89 110 
89 112 
89 114 
89 116 
89 118 
89 122 
89 127 
90 95 
90 100 
90 101 
90 105 
90 108 
90 109 
90 114 
90 116 
90 118 
90 119 
90 120 
90 121 
90 125 
90 127 
91 93 
91 94 
91 95 
91 98 
91 100 
91 101 
91 102 
91 103 
91 107 
91 109 
91 110 
91 112 
91 115 
91 117 
91 118 
91 120 
91 121 
91 122 
91 126 
91 128 
92 93 
92 95 
92 96 
92 98 
92 100 
92 101 
92 102 
92 104 
92 106 
92 108 
92 109 
92 110 
92 111 
92 113 
92 114 
92 117 
92 118 
92 119 
92 121 
92 123 
92 124 
92 125 
93 96 
93 97 
93 98 
93 99 
93 104 
93 105 
93 108 
93 109 
93 110 
93 111 
93 112 
93 113 
93 115 
93 117 
93 120 
93 124 
93 125 
93 126 
93 127 
94 97 
94 98 
94 99 
94 100 
94 102 
94 103 
94 104 
94 105 
94 106 
94 107 
94 109 
94 110 
94 111 
94 112 
94 113 
94 119 
94 122 
94 123 
94 124 
94 126 
94 128 
95 103 
95 106 
95 107 
95 109 
95 110 
95 111 
95 113 
95 116 
95 118 
95 125 
95 127 
96 98 
96 99 
96 100 
96 103 
96 104 
96 105 
96 107 
96 110 
96 111 
96 116 
96 118 
96 127 
96 128 
97 100 
97 102 
97 103 
97 105 
97 107 
97 108 
97 109 
97 110 
97 111 
97 115 
97 117 
97 119 
97 122 
97 124 
98 99 
98 103 
98 104 
98 105 
98 106 
98 107 
98 108 
98 111 
98 113 
98 114 
98 117 
98 118 
98 120 
98 121 
98 124 
99 100 
99 102 
99 104 
99 106 
99 107 
99 108 
99 111 
99 112 
99 113 
99 115 
99 124 
99 125 
99 126 
99 127 
100 101 
100 104 
100 105 
100 107 
100 108 
100 110 
100 111 
100 114 
100 115 
100 118 
100 119 
100 120 
100 122 
100 124 
100 125 
100 127 
101 103 
101 111 
101 112 
101 113 
101 114 
101 115 
101 121 
101 123 
101 125 
101 126 
101 127 
101 128 
102 103 
102 105 
102 106 
102 107 
102 108 
102 109 
102 110 
102 111 
102 113 
102 115 
102 116 
102 117 
102 119 
102 121 
102 123 
102 124 
102 125 
102 126 
102 128 
103 105 
103 109 
103 110 
103 111 
103 117 
103 122 
104 108 
104 109 
104 112 
104 113 
104 114 
104 115 
104 117 
104 118 
104 119 
104 120 
104 124 
105 109 
105 110 
105 116 
105 122 
105 123 
106 107 
106 108 
106 109 
106 110 
106 112 
106 114 
106 116 
106 118 
106 120 
106 126 
106 127 
106 128 
107 110 
107 112 
107 113 
107 114 
107 116 
107 120 
107 124 
107 126 
107 128 
108 109 
108 111 
108 112 
108 113 
108 115 
108 117 
108 118 
108 119 
108 121 
108 124 
108 125 
109 110 
109 111 
109 112 
109 113 
109 114 
109 117 
109 120 
109 123 
109 124 
109 126 
109 127 
110 117 
110 119 
110 121 
110 124 
110 128 
111 112 
111 113 
111 114 
111 118 
111 119 
111 121 
111 122 
112 114 
112 116 
112 118 
112 122 
112 123 
112 124 
113 115 
113 116 
113 120 
113 123 
113 126 
113 127 
114 117 
114 126 
114 127 
114 128 
115 118 
115 120 
115 121 
115 122 
115 124 
115 127 
115 128 
116 120 
116 124 
116 125 
116 126 
116 127 
117 118 
117 119 
117 120 
117 124 
117 126 
117 128 
118 119 
118 122 
118 124 
118 125 
119 121 
119 122 
119 124 
119 125 
119 126 
119 127 
120 121 
120 122 
120 124 
120 127 
120 128 
121 123 
121 124 
121 126 
122 123 
122 125 
122 127 
122 128 
123 124 
123 125 
124 127 
124 128 
125 127 
125 128 
127 128 
