128 1375
1 2
1 3
1 9
1 11
1 12
1 13
1 15
1 29
1 41
1 45
1 55
1 56
1 61
1 77
1 81
1 85
1 90
1 92
1 97
1 98
1 99
1 101
1 102
1 122
2 4
2 7
2 13
2 17
2 22
2 23
2 24
2 31
2 32
2 37
2 41
2 58
2 59
2 61
2 72
2 75
2 85
2 87
2 98
2 99
2 101
2 109
2 120
2 123
2 127
3 12
3 15
3 18
3 23
3 27
3 29
3 30
3 31
3 36
3 37
3 40
3 43
3 49
3 54
3 57
3 66
3 71
3 78
3 87
3 91
3 97
3 100
3 109
3 126
4 6
4 17
4 21
4 27
4 28
4 36
4 39
4 40
4 49
4 58
4 59
4 61
4 85
4 92
4 93
4 100
4 102
4 103
5 7
5 8
5 19
5 46
5 48
5 49
5 51
5 56
5 62
5 63
5 71
5 79
5 88
5 91
5 93
5 100
5 101
5 103
5 108
5 111
5 116
5 119
5 121
6 13
6 18
6 29
6 33
6 38
6 40
6 41
6 42
6 63
6 65
6 67
6 79
6 81
6 89
6 102
6 105
6 121
6 124
6 125
7 9
7 12
7 15
7 17
7 21
7 23
7 25
7 28
7 39
7 43
7 61
7 65
7 72
7 78
7 85
7 89
7 104
7 112
7 119
7 121
7 128
8 19
8 21
8 23
8 24
8 26
8 28
8 37
8 44
8 46
8 48
8 49
8 51
8 98
8 102
8 106
8 110
8 123
8 127
9 20
9 23
9 25
9 31
9 39
9 40
9 68
9 84
9 98
9 100
9 101
9 102
9 108
9 125
10 12
10 14
10 17
10 21
10 24
10 36
10 41
10 42
10 51
10 52
10 54
10 55
10 56
10 68
10 75
10 84
10 88
10 99
10 104
10 115
10 118
10 120
10 127
11 13
11 23
11 34
11 40
11 42
11 46
11 48
11 52
11 61
11 63
11 77
11 80
11 81
11 93
11 94
11 96
11 109
11 122
11 123
12 19
12 27
12 29
12 45
12 50
12 58
12 69
12 79
12 84
12 99
12 103
12 105
12 109
12 111
12 115
12 119
12 121
12 127
13 14
13 18
13 26
13 36
13 44
13 48
13 65
13 75
13 77
13 85
13 87
13 94
13 105
13 109
13 113
14 19
14 21
14 27
14 28
14 30
14 41
14 50
14 67
14 68
14 69
14 77
14 78
14 86
14 90
14 91
14 93
14 96
14 103
14 109
14 114
14 115
14 117
14 118
14 120
14 122
15 18
15 20
15 23
15 32
15 38
15 41
15 49
15 50
15 52
15 56
15 60
15 66
15 80
15 83
15 97
15 98
15 100
15 110
15 115
15 117
15 121
16 26
16 29
16 34
16 46
16 48
16 49
16 50
16 63
16 68
16 69
16 73
16 81
16 83
16 84
16 87
16 98
16 102
16 103
16 107
16 109
16 111
16 121
17 19
17 39
17 42
17 43
17 44
17 54
17 56
17 57
17 59
17 61
17 65
17 67
17 70
17 73
17 76
17 80
17 84
17 85
17 96
17 106
17 113
17 119
17 120
18 20
18 26
18 28
18 34
18 36
18 41
18 47
18 52
18 56
18 60
18 80
18 81
18 84
18 103
18 114
18 115
18 123
19 26
19 30
19 32
19 34
19 37
19 39
19 41
19 53
19 76
19 80
19 84
19 85
19 94
19 103
19 107
19 115
19 117
20 24
20 29
20 37
20 39
20 45
20 46
20 54
20 70
20 72
20 80
20 82
20 85
20 89
20 94
20 114
20 119
20 124
21 27
21 29
21 36
21 41
21 43
21 54
21 61
21 65
21 68
21 69
21 71
21 77
21 79
21 82
21 84
21 90
21 95
21 100
21 103
21 104
21 110
21 111
21 112
21 119
21 128
22 32
22 39
22 45
22 61
22 64
22 66
22 83
22 93
22 99
22 107
22 110
22 121
23 24
23 25
23 30
23 31
23 32
23 58
23 60
23 71
23 89
23 96
23 97
23 111
23 115
23 118
23 119
24 25
24 28
24 49
24 54
24 64
24 69
24 71
24 76
24 82
24 84
24 98
24 99
24 100
24 101
24 112
25 28
25 40
25 41
25 43
25 47
25 67
25 72
25 79
25 80
25 85
25 90
25 95
25 104
25 107
25 112
25 116
25 119
25 123
26 29
26 55
26 58
26 59
26 70
26 76
26 85
26 101
26 106
26 109
26 114
26 117
26 118
27 30
27 31
27 50
27 52
27 57
27 58
27 65
27 67
27 68
27 72
27 77
27 87
27 96
27 106
27 112
27 116
28 31
28 42
28 44
28 48
28 64
28 70
28 72
28 76
28 85
28 98
28 101
28 106
28 109
28 110
28 116
28 119
28 127
29 45
29 46
29 59
29 71
29 79
29 80
29 88
29 92
29 96
29 97
29 98
29 100
29 104
29 106
29 113
29 128
30 31
30 45
30 48
30 52
30 53
30 57
30 62
30 73
30 76
30 93
30 95
30 97
30 100
30 102
30 105
30 113
30 116
31 35
31 38
31 41
31 46
31 54
31 71
31 74
31 77
31 85
31 89
31 91
31 95
31 104
31 106
31 122
31 124
31 127
31 128
32 42
32 46
32 53
32 59
32 60
32 63
32 68
32 73
32 74
32 76
32 77
32 86
32 89
32 94
32 106
32 107
32 119
32 123
33 37
33 50
33 51
33 64
33 72
33 73
33 76
33 79
33 81
33 82
33 84
33 85
33 88
33 94
33 110
33 111
33 113
34 37
34 47
34 48
34 52
34 66
34 69
34 72
34 92
34 98
34 99
34 113
34 127
35 38
35 43
35 48
35 55
35 59
35 97
35 98
35 99
35 108
35 109
35 119
36 38
36 45
36 48
36 58
36 66
36 68
36 72
36 80
36 81
36 90
36 100
36 107
36 109
36 113
36 122
36 127
37 59
37 81
37 90
37 98
37 107
37 109
37 110
37 111
37 122
37 123
37 124
37 128
38 42
38 45
38 48
38 60
38 63
38 66
38 70
38 96
38 103
38 104
38 108
38 109
38 120
38 128
39 49
39 50
39 57
39 59
39 63
39 64
39 69
39 73
39 74
39 77
39 78
39 80
39 82
39 87
39 96
39 97
39 101
39 108
39 109
39 121
39 123
39 126
39 127
40 48
40 53
40 56
40 66
40 73
40 80
40 84
40 94
40 97
40 108
40 112
40 113
40 126
41 46
41 47
41 48
41 65
41 69
41 72
41 75
41 76
41 97
41 98
41 103
41 107
41 119
42 57
42 58
42 64
42 75
42 82
42 84
42 88
42 92
42 99
42 103
42 107
42 112
42 116
42 117
42 121
43 44
43 45
43 51
43 53
43 66
43 67
43 72
43 76
43 81
43 91
43 95
43 103
43 106
43 119
43 122
43 123
43 125
43 127
44 51
44 52
44 59
44 61
44 71
44 78
44 84
44 93
44 102
44 104
44 112
45 46
45 48
45 61
45 62
45 78
45 92
45 95
45 96
45 97
45 98
45 99
45 104
45 106
45 107
45 112
46 49
46 53
46 57
46 66
46 68
46 79
46 93
46 94
46 99
46 115
47 48
47 54
47 66
47 69
47 70
47 75
47 76
47 82
47 85
47 95
47 96
47 106
47 107
47 108
47 110
48 49
48 53
48 61
48 62
48 69
48 76
48 78
48 82
48 84
48 88
48 94
48 104
48 106
48 115
48 117
48 123
49 50
49 52
49 71
49 86
49 87
49 90
49 95
49 96
49 99
49 114
49 122
49 123
50 62
50 64
50 74
50 76
50 82
50 87
50 101
50 112
50 116
50 122
50 128
51 52
51 54
51 60
51 61
51 63
51 70
51 71
51 72
51 73
51 80
51 82
51 87
51 91
51 99
51 101
51 102
51 110
51 113
51 118
51 126
51 127
52 56
52 62
52 63
52 71
52 73
52 74
52 78
52 86
52 88
52 91
52 92
52 98
52 106
52 120
53 57
53 60
53 64
53 66
53 69
53 70
53 72
53 78
53 81
53 82
53 83
53 90
53 91
53 99
53 112
53 119
53 128
54 63
54 66
54 73
54 86
54 91
54 92
54 95
54 101
54 103
54 115
54 123
55 57
55 64
55 76
55 97
55 103
55 107
55 113
56 69
56 74
56 75
56 76
56 80
56 85
56 88
56 93
56 94
56 97
56 107
56 108
56 111
56 112
56 123
57 61
57 62
57 74
57 81
57 82
57 89
57 95
57 105
57 112
57 113
57 123
57 125
57 126
58 70
58 74
58 78
58 87
58 95
59 64
59 73
59 89
59 93
59 98
59 104
59 105
59 106
59 110
59 116
59 118
59 120
60 67
60 78
60 94
60 95
60 96
60 106
60 113
60 124
60 127
61 62
61 89
61 102
61 111
62 64
62 65
62 75
62 76
62 77
62 83
62 91
62 92
62 95
62 108
62 109
62 110
62 112
62 114
62 121
63 64
63 66
63 67
63 69
63 74
63 90
63 92
63 97
63 104
63 114
63 115
63 125
64 74
64 81
64 84
64 102
64 116
64 117
64 119
64 120
64 125
64 126
64 127
65 70
65 73
65 76
65 83
65 89
65 95
65 106
65 113
65 120
65 123
65 124
65 128
66 68
66 69
66 72
66 73
66 75
66 78
66 80
66 84
66 86
66 89
66 103
66 104
66 107
66 114
66 117
66 128
67 69
67 88
67 100
67 107
67 108
67 110
67 113
67 119
67 127
68 70
68 71
68 84
68 88
68 93
68 101
68 108
68 110
68 127
69 74
69 75
69 76
69 88
69 94
69 95
69 97
69 100
69 109
69 110
69 118
69 120
69 126
70 71
70 73
70 74
70 78
70 79
70 85
70 88
70 94
70 95
70 97
70 103
70 114
70 118
70 120
70 121
70 128
71 79
71 89
71 93
71 103
71 110
71 111
71 113
71 123
72 80
72 82
72 84
72 85
72 90
72 97
72 104
72 107
72 110
72 113
72 117
72 125
72 127
73 75
73 82
73 86
73 89
73 92
73 105
73 106
73 122
74 87
74 96
74 111
74 112
74 119
74 128
75 76
75 79
75 82
75 84
75 92
75 93
75 96
75 107
75 113
75 115
75 119
75 121
76 83
76 85
76 91
76 92
76 98
76 107
76 125
77 81
77 91
77 95
77 96
77 99
77 100
77 106
77 108
77 111
77 125
77 128
78 94
78 95
78 108
78 113
78 120
78 121
79 83
79 88
79 93
79 97
79 99
79 100
79 106
79 107
79 115
79 119
79 126
80 101
80 111
80 115
80 122
81 83
81 95
81 97
81 101
81 105
81 118
81 119
81 128
82 86
82 87
82 89
82 93
82 98
82 104
82 107
82 113
82 124
83 103
83 106
83 112
83 128
84 87
84 89
84 91
84 95
84 105
84 109
84 121
84 127
85 104
85 106
85 107
85 114
85 121
85 123
85 124
85 125
86 90
86 95
86 98
86 99
86 107
86 113
86 120
87 90
87 91
87 92
87 95
87 98
87 104
87 118
88 95
88 112
88 115
88 124
88 125
89 91
89 92
89 101
89 106
89 111
89 126
89 127
90 98
90 111
90 113
90 116
90 119
90 120
90 127
91 95
91 96
91 111
91 116
91 119
91 122
92 96
92 107
92 113
92 120
92 125
92 128
93 104
93 109
93 117
93 126
93 127
93 128
94 119
95 104
95 107
95 121
95 122
95 125
96 97
96 99
96 106
96 108
96 111
96 116
96 117
96 125
96 128
97 98
97 109
97 116
97 118
97 119
97 121
98 99
98 120
99 102
99 108
99 113
99 115
99 119
99 128
100 101
100 104
100 108
100 111
100 122
101 110
101 111
101 115
101 118
101 124
101 127
102 109
102 110
102 118
102 121
102 126
103 111
103 121
103 128
104 110
104 119
104 122
104 124
105 106
105 109
105 119
105 120
105 121
106 108
106 110
106 111
106 122
106 128
107 108
107 113
107 119
107 122
107 128
108 114
108 115
108 124
109 115
109 122
109 127
110 119
110 124
110 128
111 115
111 121
111 125
112 120
112 128
114 118
114 120
114 128
116 117
117 125
118 125
118 127
119 123
119 124
119 127
120 122
120 126
120 127
121 123
121 125
122 125
122 128
123 126
123 127
124 125
125 126
125 128
