128 5647
1
2
3
4
5
6
7
8
9
10
11
12
13
14
15
16
17
18
19
20
21
22
23
24
25
26
27
28
29
30
31
32
33
34
35
36
37
38
39
40
41
42
43
44
45
46
47
48
49
50
51
52
53
54
55
56
57
58
59
60
61
62
63
64
65
66
67
68
69
70
71
72
73
74
75
76
77
78
79
80
81
82
83
84
85
86
87
88
89
90
91
92
93
94
95
96
97
98
99
100
101
102
103
104
105
106
107
108
109
110
111
112
113
114
115
116
117
118
119
120
121
122
123
124
125
126
127
128
1 2 
1 3 
1 6 
1 7 
1 8 
1 9 
1 10 
1 11 
1 15 
1 17 
1 18 
1 20 
1 21 
1 22 
1 23 
1 24 
1 25 
1 27 
1 28 
1 29 
1 31 
1 32 
1 37 
1 38 
1 39 
1 40 
1 41 
1 43 
1 45 
1 46 
1 47 
1 48 
1 49 
1 50 
1 52 
1 53 
1 54 
1 56 
1 57 
1 58 
1 59 
1 60 
1 62 
1 63 
1 65 
1 66 
1 68 
1 69 
1 72 
1 73 
1 74 
1 75 
1 76 
1 77 
1 81 
1 82 
1 83 
1 85 
1 87 
1 89 
1 91 
1 92 
1 93 
1 94 
1 95 
1 96 
1 97 
1 98 
1 99 
1 100 
1 102 
1 103 
1 104 
1 110 
1 111 
1 112 
1 114 
1 115 
1 116 
1 117 
1 118 
1 119 
1 120 
1 121 
1 122 
1 123 
1 124 
1 125 
1 126 
1 127 
1 128 
2 3 
2 6 
2 8 
2 10 
2 11 
2 12 
2 13 
2 14 
2 15 
2 16 
2 18 
2 19 
2 20 
2 21 
2 23 
2 24 
2 25 
2 26 
2 27 
2 28 
2 33 
2 34 
2 37 
2 39 
2 41 
2 43 
2 45 
2 46 
2 48 
2 49 
2 53 
2 54 
2 56 
2 57 
2 58 
2 59 
2 60 
2 61 
2 63 
2 65 
2 66 
2 67 
2 69 
2 70 
2 71 
2 72 
2 73 
2 74 
2 75 
2 76 
2 78 
2 81 
2 82 
2 83 
2 84 
2 85 
2 87 
2 88 
2 89 
2 91 
2 94 
2 95 
2 98 
2 100 
2 101 
2 102 
2 104 
2 106 
2 107 
2 109 
2 110 
2 112 
2 114 
2 115 
2 118 
2 121 
2 126 
2 127 
2 128 
3 4 
3 6 
3 7 
3 8 
3 11 
3 12 
3 13 
3 14 
3 16 
3 17 
3 18 
3 19 
3 22 
3 23 
3 24 
3 25 
3 27 
3 29 
3 30 
3 31 
3 32 
3 33 
3 34 
3 35 
3 38 
3 39 
3 40 
3 44 
3 47 
3 48 
3 49 
3 54 
3 55 
3 56 
3 58 
3 60 
3 62 
3 65 
3 66 
3 67 
3 68 
3 70 
3 72 
3 74 
3 77 
3 78 
3 79 
3 80 
3 81 
3 82 
3 83 
3 84 
3 86 
3 87 
3 88 
3 89 
3 92 
3 94 
3 95 
3 96 
3 99 
3 100 
3 101 
3 103 
3 105 
3 106 
3 107 
3 109 
3 110 
3 111 
3 112 
3 113 
3 114 
3 116 
3 118 
3 120 
3 121 
3 122 
3 123 
3 125 
3 126 
3 127 
4 5 
4 10 
4 11 
4 14 
4 15 
4 17 
4 18 
4 23 
4 25 
4 27 
4 28 
4 29 
4 30 
4 31 
4 32 
4 36 
4 38 
4 39 
4 40 
4 41 
4 43 
4 44 
4 45 
4 46 
4 47 
4 48 
4 50 
4 51 
4 52 
4 53 
4 54 
4 56 
4 57 
4 58 
4 59 
4 60 
4 61 
4 63 
4 65 
4 68 
4 69 
4 70 
4 72 
4 73 
4 74 
4 75 
4 80 
4 81 
4 82 
4 83 
4 84 
4 86 
4 88 
4 89 
4 90 
4 91 
4 92 
4 93 
4 94 
4 96 
4 97 
4 98 
4 99 
4 100 
4 105 
4 106 
4 107 
4 108 
4 109 
4 110 
4 111 
4 112 
4 113 
4 114 
4 115 
4 116 
4 117 
4 119 
4 120 
4 121 
4 122 
4 124 
4 125 
4 126 
4 127 
5 6 
5 7 
5 9 
5 11 
5 12 
5 14 
5 15 
5 16 
5 17 
5 18 
5 20 
5 21 
5 22 
5 23 
5 24 
5 26 
5 28 
5 31 
5 32 
5 33 
5 35 
5 36 
5 38 
5 39 
5 40 
5 41 
5 42 
5 43 
5 44 
5 45 
5 47 
5 48 
5 49 
5 51 
5 52 
5 53 
5 54 
5 55 
5 56 
5 57 
5 58 
5 59 
5 60 
5 62 
5 64 
5 65 
5 66 
5 67 
5 68 
5 69 
5 70 
5 71 
5 72 
5 73 
5 74 
5 77 
5 78 
5 79 
5 80 
5 81 
5 83 
5 85 
5 86 
5 89 
5 90 
5 91 
5 92 
5 94 
5 95 
5 96 
5 97 
5 100 
5 101 
5 103 
5 105 
5 106 
5 107 
5 108 
5 110 
5 111 
5 112 
5 116 
5 117 
5 118 
5 119 
5 120 
5 121 
5 122 
5 124 
5 125 
5 126 
5 127 
6 7 
6 8 
6 10 
6 11 
6 14 
6 15 
6 16 
6 17 
6 19 
6 20 
6 21 
6 22 
6 24 
6 25 
6 26 
6 27 
6 28 
6 29 
6 30 
6 31 
6 32 
6 35 
6 36 
6 37 
6 38 
6 39 
6 40 
6 41 
6 42 
6 43 
6 44 
6 45 
6 47 
6 49 
6 50 
6 51 
6 52 
6 53 
6 55 
6 56 
6 57 
6 58 
6 59 
6 60 
6 62 
6 63 
6 64 
6 68 
6 69 
6 70 
6 71 
6 72 
6 73 
6 74 
6 75 
6 76 
6 77 
6 79 
6 80 
6 81 
6 82 
6 84 
6 85 
6 86 
6 89 
6 90 
6 91 
6 92 
6 93 
6 94 
6 96 
6 97 
6 98 
6 99 
6 100 
6 101 
6 102 
6 103 
6 105 
6 106 
6 107 
6 108 
6 109 
6 111 
6 116 
6 117 
6 118 
6 119 
6 120 
6 121 
6 122 
6 123 
6 124 
6 126 
6 127 
6 128 
7 10 
7 11 
7 12 
7 14 
7 15 
7 17 
7 18 
7 19 
7 20 
7 21 
7 23 
7 24 
7 26 
7 27 
7 28 
7 29 
7 30 
7 32 
7 33 
7 35 
7 36 
7 38 
7 39 
7 41 
7 42 
7 43 
7 44 
7 45 
7 46 
7 47 
7 48 
7 49 
7 50 
7 51 
7 52 
7 54 
7 55 
7 58 
7 60 
7 62 
7 64 
7 65 
7 68 
7 70 
7 71 
7 72 
7 73 
7 75 
7 76 
7 77 
7 78 
7 81 
7 83 
7 84 
7 85 
7 88 
7 90 
7 93 
7 94 
7 95 
7 96 
7 97 
7 98 
7 99 
7 102 
7 103 
7 104 
7 105 
7 107 
7 108 
7 109 
7 110 
7 112 
7 113 
7 115 
7 116 
7 118 
7 119 
7 120 
7 122 
7 124 
7 126 
7 127 
7 128 
8 9 
8 10 
8 11 
8 13 
8 14 
8 16 
8 18 
8 20 
8 24 
8 26 
8 27 
8 28 
8 29 
8 30 
8 31 
8 33 
8 36 
8 37 
8 38 
8 39 
8 40 
8 42 
8 43 
8 45 
8 46 
8 47 
8 50 
8 51 
8 53 
8 54 
8 55 
8 57 
8 58 
8 59 
8 60 
8 61 
8 62 
8 63 
8 64 
8 65 
8 66 
8 67 
8 68 
8 69 
8 71 
8 72 
8 75 
8 76 
8 78 
8 79 
8 80 
8 81 
8 82 
8 83 
8 84 
8 85 
8 86 
8 87 
8 88 
8 89 
8 94 
8 95 
8 96 
8 97 
8 99 
8 101 
8 102 
8 103 
8 104 
8 105 
8 106 
8 107 
8 108 
8 109 
8 112 
8 113 
8 114 
8 115 
8 116 
8 117 
8 118 
8 119 
8 120 
8 121 
8 122 
8 127 
8 128 
9 10 
9 11 
9 12 
9 14 
9 16 
9 17 
9 18 
9 19 
9 20 
9 21 
9 22 
9 23 
9 25 
9 27 
9 28 
9 29 
9 30 
9 31 
9 32 
9 33 
9 34 
9 38 
9 39 
9 41 
9 42 
9 44 
9 47 
9 52 
9 53 
9 54 
9 56 
9 57 
9 58 
9 59 
9 61 
9 62 
9 65 
9 67 
9 68 
9 69 
9 70 
9 71 
9 72 
9 74 
9 76 
9 77 
9 78 
9 79 
9 82 
9 83 
9 85 
9 87 
9 89 
9 90 
9 91 
9 93 
9 94 
9 96 
9 97 
9 98 
9 99 
9 100 
9 101 
9 102 
9 104 
9 105 
9 107 
9 108 
9 109 
9 110 
9 112 
9 115 
9 116 
9 118 
9 119 
9 120 
9 123 
9 124 
9 125 
9 126 
9 127 
10 12 
10 14 
10 17 
10 18 
10 22 
10 23 
10 24 
10 26 
10 27 
10 28 
10 29 
10 31 
10 32 
10 33 
10 34 
10 35 
10 37 
10 38 
10 39 
10 40 
10 41 
10 42 
10 43 
10 44 
10 47 
10 48 
10 49 
10 52 
10 55 
10 57 
10 58 
10 59 
10 61 
10 62 
10 63 
10 64 
10 67 
10 68 
10 69 
10 70 
10 71 
10 72 
10 73 
10 75 
10 76 
10 79 
10 80 
10 81 
10 82 
10 83 
10 87 
10 88 
10 90 
10 92 
10 94 
10 97 
10 99 
10 100 
10 102 
10 103 
10 104 
10 106 
10 107 
10 108 
10 109 
10 111 
10 112 
10 113 
10 114 
10 115 
10 116 
10 117 
10 118 
10 120 
10 122 
10 123 
10 125 
10 126 
10 128 
11 12 
11 13 
11 14 
11 15 
11 17 
11 21 
11 23 
11 24 
11 26 
11 28 
11 29 
11 31 
11 34 
11 35 
11 36 
11 38 
11 41 
11 44 
11 46 
11 49 
11 50 
11 52 
11 55 
11 60 
11 61 
11 62 
11 63 
11 64 
11 65 
11 66 
11 67 
11 68 
11 69 
11 72 
11 73 
11 75 
11 76 
11 77 
11 78 
11 79 
11 80 
11 81 
11 82 
11 83 
11 84 
11 88 
11 89 
11 90 
11 92 
11 94 
11 98 
11 100 
11 101 
11 103 
11 104 
11 105 
11 106 
11 107 
11 108 
11 109 
11 111 
11 113 
11 114 
11 115 
11 116 
11 118 
11 119 
11 120 
11 121 
11 122 
11 123 
11 125 
11 126 
11 128 
12 13 
12 16 
12 17 
12 18 
12 19 
12 20 
12 21 
12 22 
12 23 
12 25 
12 27 
12 29 
12 31 
12 32 
12 33 
12 34 
12 35 
12 36 
12 37 
12 38 
12 39 
12 41 
12 45 
12 46 
12 47 
12 49 
12 50 
12 52 
12 56 
12 59 
12 61 
12 63 
12 65 
12 67 
12 70 
12 73 
12 74 
12 75 
12 76 
12 77 
12 78 
12 79 
12 81 
12 84 
12 85 
12 86 
12 87 
12 89 
12 90 
12 91 
12 93 
12 96 
12 99 
12 100 
12 101 
12 102 
12 104 
12 105 
12 106 
12 108 
12 109 
12 110 
12 111 
12 113 
12 114 
12 117 
12 118 
12 119 
12 120 
12 122 
12 126 
12 128 
13 16 
13 17 
13 18 
13 19 
13 20 
13 21 
13 22 
13 23 
13 24 
13 25 
13 27 
13 28 
13 29 
13 30 
13 32 
13 34 
13 35 
13 36 
13 38 
13 39 
13 40 
13 41 
13 43 
13 44 
13 45 
13 46 
13 49 
13 50 
13 54 
13 56 
13 57 
13 60 
13 61 
13 62 
13 63 
13 70 
13 72 
13 73 
13 75 
13 76 
13 77 
13 78 
13 79 
13 81 
13 82 
13 83 
13 84 
13 85 
13 86 
13 87 
13 89 
13 91 
13 92 
13 94 
13 96 
13 98 
13 99 
13 100 
13 101 
13 102 
13 103 
13 105 
13 106 
13 107 
13 109 
13 110 
13 111 
13 112 
13 114 
13 115 
13 119 
13 120 
13 122 
13 125 
13 126 
13 128 
14 15 
14 17 
14 18 
14 19 
14 20 
14 23 
14 25 
14 26 
14 27 
14 28 
14 33 
14 34 
14 37 
14 40 
14 41 
14 42 
14 43 
14 44 
14 46 
14 47 
14 51 
14 52 
14 53 
14 54 
14 55 
14 57 
14 62 
14 65 
14 67 
14 70 
14 73 
14 75 
14 76 
14 78 
14 80 
14 81 
14 82 
14 83 
14 84 
14 85 
14 86 
14 87 
14 89 
14 90 
14 91 
14 92 
14 93 
14 94 
14 95 
14 96 
14 97 
14 99 
14 100 
14 101 
14 102 
14 103 
14 104 
14 105 
14 106 
14 109 
14 112 
14 113 
14 115 
14 116 
14 117 
14 118 
14 119 
14 120 
14 121 
14 123 
14 126 
14 127 
15 16 
15 17 
15 19 
15 21 
15 22 
15 23 
15 24 
15 25 
15 26 
15 28 
15 29 
15 33 
15 34 
15 35 
15 36 
15 37 
15 38 
15 39 
15 41 
15 42 
15 43 
15 44 
15 45 
15 46 
15 47 
15 48 
15 51 
15 52 
15 53 
15 54 
15 55 
15 57 
15 58 
15 59 
15 60 
15 61 
15 62 
15 63 
15 64 
15 67 
15 68 
15 69 
15 70 
15 71 
15 73 
15 74 
15 75 
15 76 
15 77 
15 79 
15 80 
15 83 
15 86 
15 89 
15 92 
15 94 
15 95 
15 97 
15 100 
15 103 
15 104 
15 105 
15 107 
15 108 
15 110 
15 111 
15 112 
15 113 
15 114 
15 118 
15 119 
15 120 
15 121 
15 122 
15 124 
15 127 
16 19 
16 23 
16 24 
16 26 
16 27 
16 28 
16 29 
16 30 
16 31 
16 37 
16 41 
16 42 
16 43 
16 44 
16 45 
16 46 
16 47 
16 48 
16 50 
16 51 
16 52 
16 53 
16 54 
16 55 
16 56 
16 57 
16 58 
16 59 
16 62 
16 63 
16 65 
16 66 
16 68 
16 69 
16 70 
16 71 
16 72 
16 74 
16 76 
16 79 
16 80 
16 82 
16 83 
16 84 
16 85 
16 87 
16 88 
16 90 
16 93 
16 95 
16 101 
16 102 
16 103 
16 104 
16 107 
16 108 
16 110 
16 112 
16 116 
16 117 
16 120 
16 121 
16 123 
16 124 
16 127 
16 128 
17 18 
17 19 
17 20 
17 21 
17 22 
17 23 
17 24 
17 25 
17 26 
17 27 
17 28 
17 29 
17 31 
17 32 
17 33 
17 34 
17 35 
17 36 
17 37 
17 38 
17 39 
17 41 
17 42 
17 43 
17 44 
17 46 
17 48 
17 49 
17 50 
17 51 
17 52 
17 54 
17 55 
17 58 
17 59 
17 60 
17 65 
17 68 
17 69 
17 70 
17 71 
17 73 
17 76 
17 77 
17 78 
17 79 
17 80 
17 82 
17 83 
17 84 
17 85 
17 86 
17 87 
17 88 
17 89 
17 90 
17 93 
17 94 
17 95 
17 96 
17 98 
17 100 
17 102 
17 103 
17 104 
17 106 
17 107 
17 109 
17 111 
17 112 
17 114 
17 115 
17 117 
17 118 
17 121 
17 122 
17 126 
17 127 
17 128 
18 19 
18 20 
18 21 
18 22 
18 24 
18 25 
18 26 
18 27 
18 28 
18 29 
18 31 
18 33 
18 34 
18 37 
18 38 
18 39 
18 40 
18 41 
18 44 
18 46 
18 47 
18 48 
18 49 
18 50 
18 53 
18 54 
18 55 
18 56 
18 57 
18 58 
18 59 
18 61 
18 62 
18 63 
18 64 
18 65 
18 67 
18 68 
18 69 
18 70 
18 71 
18 72 
18 73 
18 74 
18 75 
18 77 
18 78 
18 80 
18 81 
18 82 
18 84 
18 85 
18 86 
18 87 
18 90 
18 92 
18 93 
18 95 
18 96 
18 98 
18 99 
18 100 
18 104 
18 105 
18 106 
18 107 
18 108 
18 111 
18 112 
18 114 
18 118 
18 119 
18 120 
18 121 
18 124 
18 125 
18 126 
18 127 
18 128 
19 20 
19 21 
19 22 
19 25 
19 26 
19 30 
19 31 
19 32 
19 33 
19 34 
19 35 
19 36 
19 37 
19 38 
19 39 
19 40 
19 41 
19 42 
19 44 
19 45 
19 46 
19 47 
19 48 
19 52 
19 54 
19 55 
19 56 
19 57 
19 58 
19 59 
19 61 
19 62 
19 63 
19 64 
19 65 
19 68 
19 70 
19 72 
19 73 
19 75 
19 77 
19 79 
19 80 
19 82 
19 83 
19 84 
19 85 
19 86 
19 87 
19 89 
19 91 
19 93 
19 94 
19 95 
19 98 
19 99 
19 100 
19 101 
19 102 
19 104 
19 105 
19 106 
19 108 
19 109 
19 111 
19 112 
19 114 
19 116 
19 119 
19 120 
19 121 
19 122 
19 123 
19 124 
19 125 
19 126 
19 128 
20 21 
20 22 
20 23 
20 25 
20 26 
20 27 
20 28 
20 29 
20 30 
20 31 
20 32 
20 35 
20 36 
20 37 
20 40 
20 42 
20 43 
20 44 
20 46 
20 47 
20 48 
20 49 
20 50 
20 52 
20 55 
20 56 
20 57 
20 58 
20 59 
20 61 
20 64 
20 65 
20 66 
20 70 
20 71 
20 72 
20 73 
20 75 
20 76 
20 77 
20 78 
20 80 
20 81 
20 84 
20 86 
20 87 
20 89 
20 91 
20 94 
20 95 
20 96 
20 98 
20 99 
20 101 
20 104 
20 105 
20 106 
20 107 
20 108 
20 109 
20 111 
20 112 
20 113 
20 114 
20 115 
20 119 
20 120 
20 122 
20 124 
20 126 
20 127 
20 128 
21 22 
21 23 
21 24 
21 25 
21 29 
21 30 
21 31 
21 32 
21 34 
21 35 
21 37 
21 38 
21 39 
21 41 
21 43 
21 44 
21 45 
21 46 
21 47 
21 48 
21 49 
21 50 
21 51 
21 52 
21 53 
21 55 
21 56 
21 57 
21 60 
21 62 
21 63 
21 64 
21 65 
21 66 
21 68 
21 69 
21 70 
21 71 
21 72 
21 73 
21 74 
21 76 
21 77 
21 78 
21 79 
21 80 
21 81 
21 83 
21 85 
21 86 
21 87 
21 88 
21 90 
21 91 
21 92 
21 95 
21 96 
21 98 
21 101 
21 102 
21 103 
21 105 
21 106 
21 108 
21 109 
21 111 
21 112 
21 113 
21 115 
21 116 
21 117 
21 118 
21 119 
21 120 
21 122 
21 123 
21 124 
21 125 
21 126 
21 127 
21 128 
22 24 
22 25 
22 26 
22 27 
22 28 
22 29 
22 32 
22 33 
22 35 
22 36 
22 37 
22 38 
22 39 
22 40 
22 41 
22 43 
22 44 
22 46 
22 47 
22 48 
22 53 
22 54 
22 55 
22 56 
22 57 
22 58 
22 59 
22 61 
22 62 
22 63 
22 64 
22 65 
22 66 
22 67 
22 71 
22 72 
22 74 
22 75 
22 77 
22 78 
22 79 
22 80 
22 83 
22 85 
22 86 
22 88 
22 89 
22 92 
22 95 
22 96 
22 97 
22 98 
22 100 
22 101 
22 102 
22 103 
22 104 
22 105 
22 107 
22 108 
22 110 
22 111 
22 113 
22 115 
22 116 
22 117 
22 118 
22 119 
22 120 
22 121 
22 122 
22 123 
22 124 
22 125 
22 128 
23 24 
23 27 
23 28 
23 29 
23 31 
23 32 
23 33 
23 34 
23 36 
23 38 
23 40 
23 41 
23 42 
23 43 
23 44 
23 45 
23 46 
23 47 
23 48 
23 50 
23 51 
23 52 
23 54 
23 56 
23 57 
23 58 
23 59 
23 61 
23 62 
23 63 
23 65 
23 66 
23 67 
23 68 
23 69 
23 70 
23 72 
23 74 
23 75 
23 76 
23 77 
23 79 
23 80 
23 81 
23 82 
23 83 
23 84 
23 85 
23 86 
23 87 
23 89 
23 90 
23 91 
23 92 
23 93 
23 94 
23 95 
23 96 
23 98 
23 99 
23 100 
23 101 
23 102 
23 103 
23 104 
23 105 
23 106 
23 107 
23 109 
23 113 
23 115 
23 116 
23 117 
23 118 
23 119 
23 121 
23 122 
23 123 
23 124 
23 127 
23 128 
24 25 
24 26 
24 27 
24 28 
24 29 
24 32 
24 33 
24 34 
24 35 
24 37 
24 38 
24 39 
24 40 
24 44 
24 45 
24 46 
24 47 
24 48 
24 49 
24 50 
24 51 
24 53 
24 54 
24 55 
24 57 
24 58 
24 61 
24 63 
24 64 
24 65 
24 66 
24 67 
24 69 
24 70 
24 71 
24 72 
24 73 
24 74 
24 75 
24 76 
24 77 
24 79 
24 80 
24 81 
24 83 
24 84 
24 88 
24 90 
24 91 
24 92 
24 93 
24 94 
24 95 
24 97 
24 99 
24 100 
24 101 
24 102 
24 103 
24 104 
24 105 
24 106 
24 107 
24 108 
24 109 
24 111 
24 112 
24 113 
24 114 
24 115 
24 117 
24 118 
24 121 
24 122 
24 123 
24 124 
24 125 
24 127 
24 128 
25 27 
25 29 
25 30 
25 32 
25 33 
25 34 
25 35 
25 37 
25 38 
25 46 
25 49 
25 51 
25 53 
25 55 
25 56 
25 58 
25 59 
25 60 
25 61 
25 62 
25 63 
25 64 
25 65 
25 68 
25 69 
25 70 
25 71 
25 72 
25 74 
25 75 
25 76 
25 77 
25 79 
25 80 
25 82 
25 83 
25 85 
25 88 
25 89 
25 91 
25 93 
25 94 
25 95 
25 96 
25 97 
25 98 
25 99 
25 102 
25 105 
25 106 
25 107 
25 108 
25 110 
25 111 
25 112 
25 114 
25 116 
25 117 
25 118 
25 120 
25 121 
25 124 
25 125 
25 126 
25 127 
25 128 
26 28 
26 29 
26 31 
26 32 
26 34 
26 39 
26 41 
26 46 
26 47 
26 48 
26 49 
26 51 
26 52 
26 53 
26 55 
26 56 
26 57 
26 59 
26 60 
26 61 
26 62 
26 63 
26 65 
26 66 
26 67 
26 68 
26 69 
26 70 
26 71 
26 72 
26 73 
26 75 
26 76 
26 77 
26 78 
26 79 
26 80 
26 81 
26 82 
26 83 
26 85 
26 88 
26 89 
26 90 
26 91 
26 92 
26 93 
26 94 
26 95 
26 96 
26 97 
26 99 
26 100 
26 102 
26 103 
26 106 
26 107 
26 108 
26 109 
26 110 
26 111 
26 112 
26 113 
26 115 
26 117 
26 118 
26 119 
26 120 
26 121 
26 122 
26 123 
26 124 
26 125 
26 127 
27 29 
27 31 
27 32 
27 33 
27 35 
27 36 
27 38 
27 39 
27 40 
27 41 
27 42 
27 43 
27 46 
27 47 
27 48 
27 49 
27 51 
27 52 
27 53 
27 54 
27 55 
27 56 
27 59 
27 60 
27 61 
27 62 
27 64 
27 65 
27 66 
27 68 
27 69 
27 72 
27 73 
27 74 
27 76 
27 77 
27 78 
27 81 
27 82 
27 83 
27 84 
27 85 
27 86 
27 87 
27 89 
27 90 
27 93 
27 96 
27 99 
27 100 
27 101 
27 103 
27 104 
27 105 
27 106 
27 107 
27 108 
27 109 
27 110 
27 112 
27 114 
27 115 
27 116 
27 117 
27 118 
27 119 
27 121 
27 122 
27 123 
27 124 
27 125 
27 126 
27 128 
28 29 
28 30 
28 32 
28 34 
28 35 
28 36 
28 38 
28 39 
28 42 
28 43 
28 45 
28 46 
28 50 
28 51 
28 53 
28 54 
28 55 
28 56 
28 58 
28 59 
28 60 
28 61 
28 62 
28 66 
28 68 
28 70 
28 71 
28 72 
28 73 
28 74 
28 75 
28 76 
28 78 
28 80 
28 81 
28 82 
28 83 
28 85 
28 86 
28 87 
28 88 
28 89 
28 93 
28 94 
28 95 
28 97 
28 98 
28 100 
28 102 
28 103 
28 106 
28 109 
28 110 
28 111 
28 112 
28 113 
28 114 
28 115 
28 116 
28 117 
28 118 
28 121 
28 123 
28 124 
28 125 
28 126 
28 128 
29 31 
29 32 
29 33 
29 34 
29 35 
29 36 
29 37 
29 38 
29 39 
29 41 
29 42 
29 43 
29 45 
29 46 
29 47 
29 48 
29 50 
29 51 
29 52 
29 53 
29 55 
29 57 
29 58 
29 59 
29 61 
29 62 
29 63 
29 64 
29 66 
29 67 
29 68 
29 70 
29 71 
29 72 
29 73 
29 74 
29 75 
29 76 
29 78 
29 79 
29 80 
29 81 
29 84 
29 85 
29 86 
29 87 
29 88 
29 89 
29 91 
29 92 
29 93 
29 94 
29 95 
29 96 
29 98 
29 99 
29 103 
29 105 
29 106 
29 107 
29 108 
29 109 
29 111 
29 112 
29 113 
29 114 
29 115 
29 116 
29 118 
29 120 
29 123 
29 125 
29 126 
29 127 
29 128 
30 32 
30 34 
30 35 
30 36 
30 37 
30 38 
30 40 
30 41 
30 42 
30 43 
30 44 
30 45 
30 46 
30 48 
30 49 
30 51 
30 52 
30 55 
30 56 
30 57 
30 59 
30 60 
30 62 
30 63 
30 64 
30 65 
30 66 
30 67 
30 68 
30 70 
30 72 
30 73 
30 74 
30 75 
30 76 
30 77 
30 78 
30 79 
30 80 
30 83 
30 85 
30 86 
30 87 
30 88 
30 89 
30 91 
30 93 
30 96 
30 97 
30 99 
30 100 
30 101 
30 102 
30 106 
30 107 
30 108 
30 109 
30 112 
30 113 
30 114 
30 115 
30 116 
30 118 
30 119 
30 120 
30 121 
30 123 
30 124 
30 126 
31 32 
31 33 
31 34 
31 35 
31 37 
31 38 
31 39 
31 41 
31 43 
31 44 
31 47 
31 48 
31 49 
31 52 
31 53 
31 54 
31 56 
31 57 
31 59 
31 60 
31 62 
31 63 
31 64 
31 65 
31 66 
31 71 
31 72 
31 73 
31 74 
31 76 
31 77 
31 80 
31 81 
31 82 
31 83 
31 84 
31 86 
31 88 
31 89 
31 91 
31 94 
31 95 
31 96 
31 97 
31 98 
31 100 
31 102 
31 104 
31 105 
31 106 
31 110 
31 112 
31 115 
31 117 
31 119 
31 120 
31 124 
31 126 
31 127 
32 34 
32 35 
32 39 
32 40 
32 41 
32 42 
32 43 
32 44 
32 46 
32 47 
32 48 
32 50 
32 51 
32 53 
32 54 
32 56 
32 57 
32 58 
32 59 
32 60 
32 61 
32 62 
32 63 
32 65 
32 66 
32 68 
32 69 
32 72 
32 74 
32 75 
32 76 
32 77 
32 78 
32 80 
32 81 
32 82 
32 84 
32 85 
32 86 
32 87 
32 88 
32 90 
32 92 
32 93 
32 94 
32 95 
32 96 
32 98 
32 99 
32 101 
32 102 
32 103 
32 104 
32 106 
32 107 
32 108 
32 109 
32 110 
32 111 
32 112 
32 113 
32 114 
32 115 
32 117 
32 118 
32 119 
32 121 
32 122 
32 123 
32 125 
32 126 
32 127 
33 34 
33 35 
33 36 
33 37 
33 41 
33 43 
33 44 
33 45 
33 46 
33 49 
33 55 
33 58 
33 59 
33 60 
33 63 
33 64 
33 65 
33 66 
33 68 
33 70 
33 72 
33 76 
33 79 
33 80 
33 81 
33 86 
33 87 
33 90 
33 91 
33 92 
33 94 
33 96 
33 97 
33 98 
33 100 
33 101 
33 103 
33 106 
33 108 
33 109 
33 110 
33 111 
33 113 
33 114 
33 115 
33 116 
33 117 
33 118 
33 122 
33 124 
33 125 
33 126 
33 127 
33 128 
34 37 
34 38 
34 39 
34 42 
34 45 
34 46 
34 48 
34 49 
34 51 
34 52 
34 53 
34 54 
34 56 
34 57 
34 58 
34 59 
34 61 
34 62 
34 63 
34 65 
34 66 
34 67 
34 68 
34 69 
34 70 
34 71 
34 74 
34 75 
34 76 
34 78 
34 79 
34 80 
34 81 
34 84 
34 85 
34 89 
34 90 
34 92 
34 93 
34 94 
34 95 
34 96 
34 97 
34 98 
34 99 
34 100 
34 101 
34 102 
34 103 
34 108 
34 109 
34 110 
34 112 
34 113 
34 114 
34 115 
34 116 
34 117 
34 118 
34 120 
34 121 
34 122 
34 123 
34 125 
34 126 
34 127 
34 128 
35 36 
35 40 
35 41 
35 42 
35 43 
35 44 
35 47 
35 48 
35 49 
35 50 
35 51 
35 52 
35 53 
35 54 
35 55 
35 56 
35 57 
35 61 
35 62 
35 63 
35 64 
35 65 
35 67 
35 68 
35 70 
35 71 
35 72 
35 73 
35 74 
35 75 
35 76 
35 78 
35 80 
35 81 
35 82 
35 83 
35 86 
35 87 
35 88 
35 89 
35 90 
35 94 
35 96 
35 100 
35 101 
35 102 
35 103 
35 105 
35 106 
35 108 
35 109 
35 110 
35 113 
35 114 
35 117 
35 118 
35 119 
35 121 
35 123 
35 126 
35 127 
35 128 
36 37 
36 38 
36 39 
36 40 
36 43 
36 44 
36 45 
36 47 
36 48 
36 50 
36 55 
36 56 
36 59 
36 60 
36 61 
36 62 
36 65 
36 66 
36 68 
36 69 
36 70 
36 73 
36 75 
36 76 
36 77 
36 78 
36 79 
36 80 
36 82 
36 87 
36 89 
36 92 
36 93 
36 98 
36 99 
36 100 
36 101 
36 102 
36 103 
36 104 
36 106 
36 107 
36 108 
36 109 
36 110 
36 111 
36 112 
36 113 
36 114 
36 115 
36 117 
36 119 
36 120 
36 121 
36 122 
36 123 
36 124 
36 126 
36 127 
37 39 
37 40 
37 41 
37 42 
37 43 
37 45 
37 47 
37 48 
37 49 
37 51 
37 52 
37 53 
37 54 
37 55 
37 56 
37 57 
37 58 
37 59 
37 60 
37 64 
37 65 
37 69 
37 71 
37 72 
37 74 
37 75 
37 76 
37 77 
37 78 
37 79 
37 81 
37 83 
37 84 
37 85 
37 86 
37 87 
37 89 
37 90 
37 91 
37 92 
37 93 
37 95 
37 96 
37 97 
37 98 
37 100 
37 101 
37 103 
37 104 
37 105 
37 106 
37 107 
37 109 
37 110 
37 111 
37 113 
37 115 
37 116 
37 117 
37 119 
37 122 
37 123 
37 124 
37 125 
37 127 
38 39 
38 43 
38 44 
38 45 
38 46 
38 47 
38 48 
38 49 
38 52 
38 53 
38 54 
38 55 
38 58 
38 59 
38 60 
38 61 
38 62 
38 63 
38 64 
38 65 
38 66 
38 71 
38 72 
38 73 
38 74 
38 75 
38 76 
38 77 
38 79 
38 80 
38 81 
38 82 
38 83 
38 84 
38 85 
38 86 
38 87 
38 88 
38 89 
38 90 
38 92 
38 93 
38 94 
38 95 
38 96 
38 98 
38 100 
38 106 
38 107 
38 108 
38 110 
38 112 
38 113 
38 114 
38 117 
38 118 
38 122 
38 123 
38 126 
38 127 
39 41 
39 42 
39 43 
39 44 
39 45 
39 46 
39 47 
39 50 
39 53 
39 55 
39 56 
39 57 
39 58 
39 60 
39 61 
39 62 
39 63 
39 66 
39 72 
39 73 
39 75 
39 76 
39 79 
39 81 
39 82 
39 83 
39 84 
39 85 
39 88 
39 89 
39 94 
39 95 
39 96 
39 99 
39 101 
39 103 
39 105 
39 106 
39 108 
39 109 
39 110 
39 111 
39 113 
39 114 
39 117 
39 120 
39 121 
39 123 
39 125 
39 126 
39 127 
40 42 
40 43 
40 44 
40 45 
40 46 
40 47 
40 49 
40 50 
40 55 
40 57 
40 60 
40 61 
40 62 
40 63 
40 64 
40 65 
40 67 
40 69 
40 70 
40 71 
40 73 
40 74 
40 75 
40 76 
40 77 
40 78 
40 80 
40 82 
40 84 
40 85 
40 86 
40 88 
40 89 
40 90 
40 91 
40 92 
40 93 
40 94 
40 95 
40 97 
40 98 
40 100 
40 101 
40 102 
40 106 
40 107 
40 108 
40 109 
40 110 
40 111 
40 112 
40 116 
40 117 
40 118 
40 119 
40 120 
40 121 
40 122 
40 123 
40 124 
40 125 
40 126 
40 127 
41 42 
41 44 
41 46 
41 47 
41 48 
41 50 
41 51 
41 52 
41 53 
41 54 
41 55 
41 57 
41 58 
41 59 
41 65 
41 66 
41 67 
41 68 
41 69 
41 73 
41 75 
41 77 
41 78 
41 82 
41 83 
41 84 
41 85 
41 86 
41 87 
41 89 
41 90 
41 91 
41 93 
41 94 
41 96 
41 97 
41 98 
41 101 
41 102 
41 105 
41 107 
41 108 
41 109 
41 111 
41 112 
41 113 
41 116 
41 117 
41 119 
41 121 
41 123 
41 124 
41 125 
41 126 
41 128 
42 43 
42 45 
42 48 
42 50 
42 51 
42 52 
42 53 
42 56 
42 57 
42 58 
42 59 
42 61 
42 62 
42 63 
42 64 
42 65 
42 66 
42 67 
42 68 
42 73 
42 74 
42 75 
42 76 
42 77 
42 78 
42 80 
42 81 
42 82 
42 83 
42 85 
42 86 
42 87 
42 88 
42 90 
42 91 
42 94 
42 95 
42 96 
42 97 
42 98 
42 100 
42 101 
42 102 
42 103 
42 104 
42 106 
42 108 
42 110 
42 111 
42 114 
42 115 
42 116 
42 117 
42 120 
42 121 
42 122 
42 123 
42 126 
42 127 
42 128 
43 44 
43 45 
43 48 
43 50 
43 51 
43 52 
43 55 
43 57 
43 60 
43 61 
43 62 
43 63 
43 64 
43 66 
43 67 
43 68 
43 69 
43 70 
43 71 
43 72 
43 73 
43 78 
43 79 
43 80 
43 81 
43 82 
43 83 
43 85 
43 86 
43 87 
43 88 
43 89 
43 91 
43 92 
43 93 
43 95 
43 97 
43 99 
43 101 
43 103 
43 105 
43 106 
43 108 
43 110 
43 112 
43 113 
43 114 
43 115 
43 116 
43 120 
43 121 
43 122 
43 126 
43 127 
44 45 
44 46 
44 49 
44 51 
44 53 
44 54 
44 57 
44 58 
44 59 
44 63 
44 64 
44 65 
44 66 
44 67 
44 68 
44 70 
44 72 
44 73 
44 74 
44 75 
44 76 
44 78 
44 80 
44 84 
44 85 
44 86 
44 87 
44 88 
44 89 
44 90 
44 91 
44 92 
44 93 
44 94 
44 95 
44 96 
44 97 
44 98 
44 99 
44 100 
44 101 
44 103 
44 104 
44 105 
44 107 
44 109 
44 110 
44 111 
44 112 
44 114 
44 115 
44 116 
44 118 
44 119 
44 125 
44 127 
44 128 
45 46 
45 49 
45 52 
45 55 
45 56 
45 59 
45 60 
45 61 
45 63 
45 64 
45 66 
45 68 
45 69 
45 70 
45 71 
45 72 
45 73 
45 75 
45 76 
45 78 
45 79 
45 81 
45 84 
45 85 
45 87 
45 88 
45 89 
45 92 
45 95 
45 96 
45 97 
45 98 
45 99 
45 101 
45 103 
45 104 
45 105 
45 108 
45 109 
45 112 
45 113 
45 115 
45 116 
45 117 
45 118 
45 119 
45 121 
45 123 
45 125 
45 127 
45 128 
46 47 
46 48 
46 49 
46 50 
46 51 
46 54 
46 55 
46 56 
46 58 
46 60 
46 61 
46 64 
46 66 
46 67 
46 68 
46 69 
46 70 
46 71 
46 72 
46 73 
46 75 
46 76 
46 77 
46 80 
46 83 
46 85 
46 86 
46 88 
46 89 
46 92 
46 93 
46 95 
46 96 
46 97 
46 98 
46 100 
46 101 
46 102 
46 103 
46 104 
46 105 
46 107 
46 109 
46 111 
46 112 
46 113 
46 116 
46 118 
46 119 
46 120 
46 122 
46 123 
46 124 
46 125 
46 126 
46 128 
47 48 
47 49 
47 50 
47 51 
47 53 
47 54 
47 55 
47 56 
47 65 
47 66 
47 67 
47 68 
47 69 
47 70 
47 71 
47 72 
47 74 
47 75 
47 77 
47 78 
47 79 
47 80 
47 82 
47 83 
47 85 
47 86 
47 87 
47 88 
47 89 
47 91 
47 92 
47 93 
47 94 
47 95 
47 97 
47 98 
47 99 
47 100 
47 101 
47 102 
47 104 
47 106 
47 107 
47 108 
47 110 
47 112 
47 113 
47 114 
47 115 
47 116 
47 117 
47 118 
47 119 
47 120 
47 123 
47 124 
47 125 
47 127 
48 49 
48 50 
48 52 
48 53 
48 54 
48 55 
48 56 
48 57 
48 60 
48 62 
48 63 
48 64 
48 65 
48 67 
48 68 
48 69 
48 70 
48 72 
48 73 
48 74 
48 75 
48 76 
48 77 
48 78 
48 79 
48 80 
48 81 
48 83 
48 85 
48 88 
48 89 
48 90 
48 91 
48 92 
48 94 
48 96 
48 100 
48 101 
48 102 
48 103 
48 104 
48 105 
48 106 
48 108 
48 109 
48 110 
48 112 
48 113 
48 115 
48 116 
48 117 
48 118 
48 120 
48 121 
48 123 
48 124 
48 125 
48 127 
48 128 
49 50 
49 51 
49 52 
49 53 
49 54 
49 56 
49 57 
49 58 
49 60 
49 61 
49 62 
49 63 
49 64 
49 65 
49 66 
49 67 
49 68 
49 70 
49 71 
49 73 
49 74 
49 75 
49 76 
49 77 
49 78 
49 81 
49 86 
49 89 
49 91 
49 92 
49 95 
49 96 
49 97 
49 100 
49 102 
49 105 
49 106 
49 107 
49 108 
49 110 
49 113 
49 115 
49 118 
49 119 
49 120 
49 123 
49 124 
49 126 
49 127 
49 128 
50 51 
50 52 
50 53 
50 54 
50 55 
50 56 
50 57 
50 59 
50 60 
50 61 
50 62 
50 63 
50 64 
50 66 
50 67 
50 68 
50 69 
50 70 
50 71 
50 72 
50 73 
50 75 
50 76 
50 77 
50 80 
50 81 
50 82 
50 83 
50 84 
50 85 
50 86 
50 88 
50 89 
50 90 
50 91 
50 92 
50 93 
50 94 
50 97 
50 99 
50 100 
50 102 
50 103 
50 104 
50 105 
50 106 
50 108 
50 109 
50 110 
50 114 
50 116 
50 120 
50 122 
50 123 
50 124 
50 125 
50 126 
50 128 
51 53 
51 55 
51 56 
51 58 
51 59 
51 61 
51 62 
51 64 
51 65 
51 68 
51 70 
51 71 
51 74 
51 75 
51 76 
51 78 
51 79 
51 81 
51 82 
51 83 
51 84 
51 86 
51 87 
51 88 
51 90 
51 91 
51 92 
51 93 
51 95 
51 97 
51 98 
51 99 
51 101 
51 102 
51 103 
51 105 
51 108 
51 109 
51 110 
51 111 
51 112 
51 113 
51 115 
51 116 
51 119 
51 120 
51 122 
51 123 
51 124 
51 125 
51 126 
51 127 
51 128 
52 53 
52 54 
52 55 
52 57 
52 58 
52 60 
52 61 
52 62 
52 65 
52 66 
52 67 
52 68 
52 70 
52 71 
52 73 
52 74 
52 75 
52 76 
52 77 
52 78 
52 79 
52 80 
52 81 
52 83 
52 84 
52 85 
52 86 
52 87 
52 88 
52 90 
52 91 
52 93 
52 94 
52 95 
52 97 
52 101 
52 103 
52 104 
52 105 
52 106 
52 110 
52 111 
52 113 
52 114 
52 115 
52 116 
52 117 
52 118 
52 119 
52 120 
52 121 
52 123 
52 124 
52 125 
52 128 
53 55 
53 56 
53 57 
53 58 
53 59 
53 60 
53 61 
53 62 
53 64 
53 65 
53 66 
53 67 
53 69 
53 70 
53 72 
53 73 
53 74 
53 75 
53 78 
53 79 
53 80 
53 81 
53 82 
53 83 
53 84 
53 85 
53 86 
53 87 
53 88 
53 89 
53 91 
53 92 
53 93 
53 94 
53 95 
53 96 
53 97 
53 98 
53 99 
53 100 
53 101 
53 102 
53 103 
53 104 
53 105 
53 107 
53 108 
53 109 
53 111 
53 112 
53 113 
53 114 
53 116 
53 118 
53 122 
53 123 
53 125 
53 126 
53 127 
54 56 
54 57 
54 58 
54 59 
54 63 
54 65 
54 67 
54 68 
54 69 
54 70 
54 72 
54 73 
54 74 
54 75 
54 77 
54 79 
54 80 
54 81 
54 82 
54 83 
54 84 
54 85 
54 87 
54 88 
54 90 
54 91 
54 93 
54 94 
54 98 
54 101 
54 102 
54 103 
54 104 
54 109 
54 110 
54 111 
54 112 
54 113 
54 114 
54 116 
54 117 
54 118 
54 119 
54 120 
54 121 
54 122 
54 123 
54 124 
54 128 
55 56 
55 59 
55 60 
55 61 
55 64 
55 65 
55 66 
55 67 
55 69 
55 70 
55 72 
55 74 
55 75 
55 76 
55 77 
55 78 
55 79 
55 80 
55 81 
55 82 
55 84 
55 85 
55 86 
55 88 
55 89 
55 90 
55 91 
55 92 
55 93 
55 94 
55 96 
55 97 
55 98 
55 101 
55 103 
55 104 
55 105 
55 106 
55 107 
55 108 
55 109 
55 110 
55 111 
55 112 
55 113 
55 114 
55 115 
55 116 
55 117 
55 119 
55 122 
55 123 
55 124 
55 126 
55 127 
55 128 
56 57 
56 59 
56 60 
56 61 
56 62 
56 65 
56 66 
56 67 
56 68 
56 69 
56 70 
56 73 
56 74 
56 75 
56 77 
56 79 
56 80 
56 81 
56 82 
56 83 
56 84 
56 86 
56 87 
56 90 
56 92 
56 93 
56 94 
56 96 
56 97 
56 98 
56 99 
56 100 
56 101 
56 102 
56 104 
56 105 
56 106 
56 108 
56 109 
56 111 
56 112 
56 114 
56 115 
56 117 
56 118 
56 119 
56 120 
56 121 
56 122 
56 123 
56 126 
56 127 
56 128 
57 58 
57 61 
57 62 
57 63 
57 65 
57 66 
57 69 
57 70 
57 71 
57 72 
57 73 
57 74 
57 75 
57 76 
57 77 
57 78 
57 79 
57 80 
57 81 
57 82 
57 83 
57 84 
57 85 
57 86 
57 91 
57 94 
57 95 
57 96 
57 97 
57 99 
57 100 
57 101 
57 102 
57 103 
57 104 
57 105 
57 106 
57 108 
57 109 
57 110 
57 111 
57 112 
57 113 
57 116 
57 117 
57 118 
57 119 
57 121 
57 122 
57 123 
57 124 
57 125 
57 126 
57 127 
58 59 
58 60 
58 62 
58 63 
58 65 
58 66 
58 69 
58 70 
58 72 
58 73 
58 74 
58 75 
58 76 
58 79 
58 80 
58 81 
58 82 
58 83 
58 84 
58 85 
58 86 
58 88 
58 89 
58 91 
58 92 
58 93 
58 94 
58 96 
58 98 
58 99 
58 102 
58 104 
58 105 
58 106 
58 108 
58 110 
58 112 
58 117 
58 118 
58 119 
58 120 
58 121 
58 123 
58 124 
58 125 
58 126 
58 127 
59 60 
59 61 
59 62 
59 64 
59 65 
59 66 
59 67 
59 68 
59 71 
59 72 
59 73 
59 75 
59 76 
59 78 
59 83 
59 84 
59 85 
59 87 
59 89 
59 90 
59 91 
59 92 
59 93 
59 95 
59 96 
59 97 
59 98 
59 99 
59 100 
59 101 
59 103 
59 104 
59 105 
59 106 
59 107 
59 108 
59 110 
59 111 
59 112 
59 116 
59 119 
59 121 
59 122 
59 123 
59 124 
59 125 
59 126 
59 127 
59 128 
60 62 
60 63 
60 64 
60 66 
60 67 
60 68 
60 69 
60 70 
60 72 
60 74 
60 75 
60 79 
60 81 
60 82 
60 83 
60 84 
60 87 
60 88 
60 92 
60 93 
60 94 
60 95 
60 97 
60 98 
60 99 
60 100 
60 101 
60 104 
60 105 
60 106 
60 108 
60 109 
60 110 
60 111 
60 112 
60 113 
60 115 
60 116 
60 117 
60 118 
60 119 
60 120 
60 121 
60 123 
60 124 
60 126 
60 127 
60 128 
61 62 
61 63 
61 64 
61 65 
61 66 
61 67 
61 69 
61 71 
61 74 
61 75 
61 76 
61 77 
61 78 
61 79 
61 80 
61 81 
61 82 
61 83 
61 84 
61 85 
61 86 
61 87 
61 88 
61 89 
61 90 
61 91 
61 92 
61 93 
61 94 
61 95 
61 96 
61 97 
61 99 
61 100 
61 101 
61 102 
61 103 
61 105 
61 106 
61 107 
61 108 
61 109 
61 111 
61 112 
61 113 
61 114 
61 115 
61 117 
61 118 
61 119 
61 122 
61 123 
61 125 
61 126 
61 127 
62 64 
62 65 
62 67 
62 69 
62 70 
62 71 
62 72 
62 73 
62 75 
62 76 
62 77 
62 78 
62 79 
62 82 
62 83 
62 86 
62 89 
62 90 
62 92 
62 93 
62 94 
62 95 
62 96 
62 97 
62 98 
62 99 
62 100 
62 103 
62 104 
62 105 
62 106 
62 107 
62 108 
62 109 
62 110 
62 112 
62 114 
62 115 
62 117 
62 118 
62 120 
62 122 
62 123 
62 124 
62 125 
62 126 
62 127 
62 128 
63 64 
63 65 
63 66 
63 67 
63 68 
63 69 
63 71 
63 72 
63 73 
63 74 
63 75 
63 76 
63 77 
63 79 
63 80 
63 82 
63 83 
63 84 
63 85 
63 86 
63 87 
63 89 
63 90 
63 91 
63 92 
63 93 
63 96 
63 97 
63 98 
63 100 
63 102 
63 104 
63 105 
63 106 
63 107 
63 108 
63 110 
63 111 
63 113 
63 114 
63 117 
63 120 
63 121 
63 122 
63 124 
63 125 
63 127 
63 128 
64 65 
64 66 
64 67 
64 68 
64 69 
64 72 
64 73 
64 74 
64 75 
64 76 
64 77 
64 78 
64 79 
64 80 
64 81 
64 82 
64 84 
64 86 
64 87 
64 88 
64 93 
64 94 
64 95 
64 97 
64 98 
64 100 
64 103 
64 104 
64 105 
64 106 
64 107 
64 109 
64 111 
64 113 
64 114 
64 115 
64 116 
64 117 
64 118 
64 120 
64 122 
64 124 
64 126 
64 127 
64 128 
65 66 
65 68 
65 69 
65 70 
65 71 
65 72 
65 73 
65 77 
65 78 
65 81 
65 82 
65 83 
65 84 
65 85 
65 86 
65 88 
65 89 
65 93 
65 95 
65 96 
65 97 
65 98 
65 99 
65 100 
65 101 
65 103 
65 107 
65 108 
65 109 
65 110 
65 112 
65 115 
65 117 
65 118 
65 119 
65 120 
65 122 
65 124 
65 125 
65 126 
65 127 
66 67 
66 70 
66 71 
66 72 
66 74 
66 75 
66 77 
66 79 
66 80 
66 81 
66 82 
66 83 
66 84 
66 85 
66 86 
66 87 
66 88 
66 91 
66 92 
66 93 
66 94 
66 95 
66 96 
66 97 
66 98 
66 99 
66 101 
66 104 
66 106 
66 111 
66 112 
66 113 
66 114 
66 115 
66 117 
66 118 
66 119 
66 122 
66 123 
66 124 
66 125 
66 126 
66 127 
66 128 
67 68 
67 70 
67 71 
67 72 
67 74 
67 76 
67 77 
67 78 
67 79 
67 82 
67 83 
67 84 
67 85 
67 86 
67 89 
67 90 
67 91 
67 92 
67 93 
67 94 
67 97 
67 98 
67 100 
67 103 
67 105 
67 107 
67 108 
67 110 
67 112 
67 113 
67 115 
67 116 
67 117 
67 118 
67 120 
67 121 
67 123 
67 124 
67 127 
67 128 
68 69 
68 70 
68 71 
68 72 
68 73 
68 74 
68 75 
68 76 
68 77 
68 79 
68 80 
68 81 
68 82 
68 83 
68 84 
68 85 
68 86 
68 87 
68 88 
68 89 
68 92 
68 93 
68 94 
68 96 
68 101 
68 102 
68 105 
68 106 
68 107 
68 108 
68 111 
68 113 
68 115 
68 116 
68 117 
68 118 
68 119 
68 120 
68 121 
68 122 
68 123 
68 125 
68 126 
68 127 
68 128 
69 70 
69 71 
69 72 
69 73 
69 74 
69 75 
69 76 
69 77 
69 78 
69 80 
69 81 
69 83 
69 84 
69 86 
69 87 
69 92 
69 93 
69 94 
69 95 
69 97 
69 98 
69 99 
69 100 
69 101 
69 102 
69 103 
69 104 
69 106 
69 108 
69 109 
69 111 
69 113 
69 114 
69 115 
69 118 
69 120 
69 121 
69 123 
69 126 
69 127 
69 128 
70 71 
70 72 
70 73 
70 74 
70 75 
70 76 
70 77 
70 78 
70 79 
70 80 
70 81 
70 82 
70 83 
70 84 
70 86 
70 87 
70 88 
70 89 
70 90 
70 91 
70 92 
70 93 
70 94 
70 96 
70 97 
70 98 
70 99 
70 101 
70 102 
70 103 
70 105 
70 106 
70 108 
70 110 
70 111 
70 113 
70 115 
70 116 
70 118 
70 119 
70 120 
70 121 
70 122 
70 123 
70 124 
70 125 
70 126 
70 127 
71 73 
71 74 
71 76 
71 77 
71 78 
71 79 
71 82 
71 85 
71 86 
71 87 
71 89 
71 91 
71 92 
71 93 
71 94 
71 96 
71 97 
71 98 
71 102 
71 103 
71 106 
71 107 
71 110 
71 112 
71 114 
71 115 
71 117 
71 119 
71 121 
71 122 
71 123 
71 125 
71 126 
72 73 
72 74 
72 75 
72 76 
72 77 
72 78 
72 79 
72 83 
72 86 
72 87 
72 90 
72 91 
72 92 
72 94 
72 95 
72 96 
72 97 
72 98 
72 102 
72 104 
72 106 
72 108 
72 109 
72 110 
72 111 
72 112 
72 113 
72 114 
72 115 
72 116 
72 117 
72 118 
72 119 
72 120 
72 121 
72 122 
72 123 
72 124 
72 126 
72 128 
73 74 
73 79 
73 80 
73 82 
73 83 
73 84 
73 86 
73 87 
73 88 
73 89 
73 90 
73 91 
73 94 
73 95 
73 96 
73 97 
73 98 
73 99 
73 100 
73 101 
73 102 
73 105 
73 106 
73 107 
73 108 
73 109 
73 111 
73 112 
73 113 
73 116 
73 117 
73 118 
73 119 
73 120 
73 121 
73 122 
73 123 
73 124 
73 127 
73 128 
74 75 
74 76 
74 77 
74 78 
74 79 
74 80 
74 81 
74 83 
74 86 
74 88 
74 90 
74 91 
74 93 
74 94 
74 95 
74 96 
74 99 
74 100 
74 101 
74 102 
74 105 
74 106 
74 109 
74 112 
74 114 
74 117 
74 118 
74 119 
74 121 
74 123 
74 124 
74 125 
74 126 
74 128 
75 77 
75 80 
75 81 
75 83 
75 84 
75 85 
75 86 
75 87 
75 88 
75 90 
75 91 
75 92 
75 93 
75 95 
75 96 
75 97 
75 98 
75 99 
75 100 
75 102 
75 103 
75 104 
75 106 
75 108 
75 109 
75 110 
75 111 
75 112 
75 113 
75 114 
75 115 
75 116 
75 118 
75 120 
75 122 
75 123 
75 124 
75 125 
75 127 
75 128 
76 78 
76 80 
76 81 
76 83 
76 84 
76 85 
76 87 
76 88 
76 89 
76 90 
76 91 
76 93 
76 94 
76 95 
76 96 
76 98 
76 99 
76 100 
76 101 
76 102 
76 104 
76 105 
76 106 
76 107 
76 108 
76 109 
76 110 
76 111 
76 113 
76 114 
76 115 
76 117 
76 118 
76 120 
76 121 
76 124 
76 125 
76 126 
76 127 
77 78 
77 79 
77 80 
77 82 
77 83 
77 84 
77 86 
77 87 
77 89 
77 90 
77 92 
77 93 
77 94 
77 96 
77 99 
77 100 
77 102 
77 104 
77 106 
77 107 
77 109 
77 110 
77 111 
77 113 
77 114 
77 115 
77 116 
77 117 
77 118 
77 119 
77 120 
77 121 
77 122 
77 123 
77 125 
77 126 
77 127 
78 79 
78 81 
78 82 
78 83 
78 84 
78 85 
78 86 
78 87 
78 88 
78 89 
78 90 
78 91 
78 92 
78 93 
78 94 
78 95 
78 96 
78 97 
78 98 
78 99 
78 100 
78 104 
78 105 
78 107 
78 108 
78 109 
78 110 
78 111 
78 112 
78 117 
78 118 
78 121 
78 122 
78 124 
78 126 
79 80 
79 81 
79 83 
79 86 
79 87 
79 88 
79 89 
79 90 
79 91 
79 92 
79 93 
79 94 
79 95 
79 97 
79 98 
79 99 
79 100 
79 102 
79 103 
79 104 
79 105 
79 106 
79 107 
79 108 
79 110 
79 111 
79 112 
79 113 
79 114 
79 115 
79 117 
79 118 
79 119 
79 123 
79 124 
79 125 
79 126 
79 127 
79 128 
80 82 
80 84 
80 85 
80 86 
80 87 
80 88 
80 90 
80 92 
80 93 
80 96 
80 97 
80 98 
80 99 
80 100 
80 101 
80 102 
80 104 
80 105 
80 106 
80 107 
80 108 
80 110 
80 111 
80 113 
80 114 
80 115 
80 116 
80 117 
80 118 
80 119 
80 120 
80 121 
80 123 
80 124 
80 125 
80 127 
80 128 
81 83 
81 84 
81 85 
81 86 
81 88 
81 90 
81 91 
81 92 
81 93 
81 94 
81 96 
81 98 
81 99 
81 100 
81 102 
81 106 
81 107 
81 108 
81 109 
81 110 
81 111 
81 112 
81 113 
81 114 
81 115 
81 116 
81 117 
81 119 
81 120 
81 121 
81 123 
81 125 
81 128 
82 83 
82 86 
82 87 
82 88 
82 89 
82 90 
82 91 
82 92 
82 93 
82 94 
82 95 
82 96 
82 97 
82 98 
82 99 
82 101 
82 102 
82 104 
82 106 
82 107 
82 108 
82 109 
82 112 
82 113 
82 117 
82 118 
82 120 
82 121 
82 122 
82 123 
82 124 
82 125 
82 126 
82 128 
83 84 
83 85 
83 86 
83 87 
83 88 
83 90 
83 91 
83 93 
83 95 
83 96 
83 97 
83 98 
83 99 
83 100 
83 101 
83 102 
83 103 
83 104 
83 109 
83 110 
83 111 
83 113 
83 114 
83 116 
83 117 
83 118 
83 120 
83 121 
83 123 
83 124 
83 126 
83 127 
83 128 
84 86 
84 87 
84 88 
84 89 
84 90 
84 91 
84 92 
84 93 
84 95 
84 98 
84 100 
84 102 
84 105 
84 106 
84 109 
84 110 
84 111 
84 112 
84 113 
84 114 
84 115 
84 117 
84 118 
84 119 
84 120 
84 121 
84 122 
84 123 
84 124 
84 127 
84 128 
85 87 
85 88 
85 89 
85 90 
85 91 
85 92 
85 93 
85 94 
85 96 
85 98 
85 101 
85 102 
85 103 
85 104 
85 107 
85 108 
85 109 
85 110 
85 111 
85 112 
85 115 
85 116 
85 117 
85 119 
85 120 
85 121 
85 122 
85 124 
85 125 
85 127 
85 128 
86 87 
86 88 
86 91 
86 92 
86 93 
86 95 
86 96 
86 98 
86 99 
86 100 
86 101 
86 102 
86 103 
86 104 
86 106 
86 108 
86 110 
86 112 
86 114 
86 117 
86 118 
86 119 
86 120 
86 121 
86 123 
86 125 
86 126 
87 88 
87 90 
87 92 
87 93 
87 94 
87 96 
87 97 
87 99 
87 100 
87 102 
87 103 
87 104 
87 108 
87 109 
87 110 
87 113 
87 115 
87 119 
87 121 
87 122 
87 123 
87 125 
88 89 
88 90 
88 92 
88 93 
88 95 
88 99 
88 100 
88 101 
88 102 
88 103 
88 104 
88 106 
88 107 
88 108 
88 110 
88 111 
88 113 
88 114 
88 116 
88 117 
88 120 
88 121 
88 122 
88 123 
88 124 
88 125 
88 127 
88 128 
89 90 
89 91 
89 92 
89 94 
89 96 
89 97 
89 98 
89 99 
89 100 
89 101 
89 102 
89 105 
89 107 
89 108 
89 109 
89 111 
89 112 
89 114 
89 115 
89 116 
89 117 
89 118 
89 119 
89 120 
89 123 
89 124 
89 125 
89 127 
90 93 
90 94 
90 95 
90 98 
90 100 
90 101 
90 102 
90 104 
90 106 
90 107 
90 108 
90 109 
90 110 
90 111 
90 112 
90 114 
90 115 
90 116 
90 117 
90 118 
90 119 
90 121 
90 122 
90 123 
90 124 
90 125 
90 128 
91 92 
91 93 
91 95 
91 98 
91 102 
91 103 
91 104 
91 105 
91 106 
91 108 
91 109 
91 112 
91 113 
91 114 
91 115 
91 116 
91 118 
91 120 
91 121 
91 122 
91 123 
91 125 
91 128 
92 93 
92 95 
92 97 
92 99 
92 100 
92 101 
92 102 
92 103 
92 106 
92 108 
92 109 
92 110 
92 111 
92 112 
92 113 
92 114 
92 115 
92 116 
92 117 
92 119 
92 120 
92 122 
92 125 
92 126 
92 128 
93 94 
93 95 
93 96 
93 98 
93 99 
93 100 
93 101 
93 102 
93 103 
93 104 
93 107 
93 108 
93 110 
93 111 
93 114 
93 115 
93 118 
93 119 
93 120 
93 121 
93 123 
93 124 
93 125 
93 126 
93 127 
93 128 
94 96 
94 98 
94 100 
94 101 
94 102 
94 103 
94 104 
94 106 
94 108 
94 112 
94 113 
94 115 
94 117 
94 120 
94 121 
94 122 
94 123 
94 124 
94 125 
94 126 
94 127 
94 128 
95 97 
95 98 
95 100 
95 101 
95 102 
95 103 
95 104 
95 105 
95 106 
95 108 
95 109 
95 110 
95 112 
95 113 
95 114 
95 116 
95 117 
95 120 
95 121 
95 123 
95 124 
95 125 
95 127 
95 128 
96 97 
96 98 
96 99 
96 100 
96 101 
96 103 
96 104 
96 106 
96 109 
96 110 
96 112 
96 114 
96 117 
96 118 
96 119 
96 120 
96 121 
96 123 
96 124 
96 126 
96 127 
96 128 
97 98 
97 99 
97 101 
97 102 
97 103 
97 104 
97 105 
97 106 
97 107 
97 108 
97 109 
97 112 
97 117 
97 119 
97 120 
97 121 
97 123 
97 124 
97 125 
97 126 
97 127 
97 128 
98 100 
98 102 
98 103 
98 104 
98 105 
98 106 
98 108 
98 111 
98 112 
98 115 
98 116 
98 118 
98 119 
98 120 
98 122 
98 123 
98 124 
98 125 
98 126 
98 128 
99 100 
99 102 
99 103 
99 105 
99 106 
99 108 
99 109 
99 112 
99 113 
99 114 
99 116 
99 119 
99 121 
99 123 
99 124 
99 125 
99 126 
99 127 
99 128 
100 101 
100 102 
100 103 
100 104 
100 106 
100 107 
100 108 
100 109 
100 110 
100 112 
100 115 
100 116 
100 118 
100 119 
100 120 
100 121 
100 122 
100 123 
100 125 
100 126 
100 128 
101 102 
101 103 
101 104 
101 105 
101 106 
101 107 
101 108 
101 109 
101 110 
101 111 
101 112 
101 114 
101 115 
101 116 
101 120 
101 123 
101 125 
101 127 
101 128 
102 103 
102 105 
102 106 
102 107 
102 109 
102 112 
102 113 
102 114 
102 116 
102 120 
102 121 
102 122 
102 125 
102 127 
102 128 
103 104 
103 105 
103 107 
103 109 
103 110 
103 111 
103 113 
103 114 
103 118 
103 119 
103 120 
103 121 
103 122 
103 125 
103 126 
103 127 
103 128 
104 105 
104 106 
104 107 
104 109 
104 110 
104 111 
104 112 
104 113 
104 114 
104 117 
104 118 
104 120 
104 121 
104 127 
104 128 
105 106 
105 107 
105 109 
105 110 
105 112 
105 113 
105 114 
105 115 
105 117 
105 118 
105 119 
105 120 
105 122 
105 123 
105 124 
105 127 
106 107 
106 108 
106 109 
106 110 
106 112 
106 113 
106 117 
106 119 
106 121 
106 122 
106 123 
106 124 
106 125 
106 126 
106 127 
106 128 
107 108 
107 110 
107 112 
107 114 
107 116 
107 117 
107 119 
107 120 
107 122 
107 123 
107 125 
107 126 
107 127 
108 109 
108 110 
108 111 
108 112 
108 113 
108 115 
108 116 
108 117 
108 118 
108 119 
108 121 
108 124 
108 125 
108 126 
108 127 
108 128 
109 112 
109 114 
109 116 
109 117 
109 118 
109 119 
109 120 
109 122 
109 123 
109 124 
109 125 
109 127 
109 128 
110 111 
110 112 
110 113 
110 115 
110 116 
110 117 
110 118 
110 120 
110 121 
110 122 
110 123 
110 124 
110 125 
110 126 
110 127 
110 128 
111 112 
111 113 
111 114 
111 115 
111 116 
111 123 
111 124 
111 125 
111 126 
111 127 
111 128 
112 113 
112 116 
112 117 
112 118 
112 119 
112 120 
112 122 
112 123 
112 124 
112 126 
112 128 
113 115 
113 116 
113 117 
113 118 
113 121 
113 122 
113 123 
113 125 
113 126 
113 127 
113 128 
114 115 
114 116 
114 117 
114 119 
114 120 
114 121 
114 122 
114 124 
114 127 
115 116 
115 117 
115 118 
115 119 
115 120 
115 122 
115 123 
115 124 
115 126 
115 127 
115 128 
116 117 
116 118 
116 120 
116 121 
116 122 
116 123 
116 124 
116 125 
116 126 
116 127 
117 119 
117 120 
117 121 
117 122 
117 123 
117 124 
117 127 
117 128 
118 120 
118 121 
118 123 
118 124 
118 125 
118 126 
118 127 
119 120 
119 121 
119 124 
119 125 
119 126 
119 127 
119 128 
120 121 
120 122 
120 123 
120 124 
120 126 
120 127 
120 128 
121 122 
121 123 
121 125 
121 126 
121 127 
121 128 
122 124 
122 125 
122 126 
123 124 
123 128 
124 125 
124 126 
124 127 
125 126 
125 127 
125 128 
126 127 
126 128 
127 128 
