128 3709
1 2
1 4
1 5
1 11
1 14
1 20
1 25
1 28
1 31
1 32
1 36
1 37
1 39
1 40
1 47
1 48
1 50
1 53
1 54
1 55
1 59
1 60
1 62
1 67
1 70
1 73
1 77
1 78
1 79
1 81
1 87
1 89
1 90
1 92
1 95
1 96
1 98
1 99
1 100
1 103
1 104
1 105
1 107
1 111
1 112
1 114
1 117
1 119
1 124
1 125
1 127
2 5
2 7
2 9
2 12
2 13
2 15
2 16
2 17
2 19
2 20
2 31
2 32
2 33
2 35
2 38
2 39
2 40
2 42
2 43
2 44
2 45
2 47
2 51
2 53
2 54
2 55
2 60
2 64
2 69
2 71
2 72
2 74
2 77
2 78
2 87
2 90
2 92
2 94
2 95
2 96
2 97
2 103
2 106
2 107
2 110
2 111
2 112
2 115
2 116
2 118
2 124
2 128
3 4
3 5
3 6
3 8
3 12
3 15
3 16
3 21
3 25
3 27
3 30
3 34
3 37
3 38
3 39
3 40
3 41
3 43
3 44
3 45
3 47
3 48
3 54
3 55
3 58
3 61
3 63
3 65
3 68
3 76
3 78
3 80
3 85
3 89
3 92
3 93
3 100
3 101
3 104
3 105
3 107
3 111
3 112
3 114
3 115
3 117
3 118
3 119
3 120
3 121
3 122
3 124
3 127
4 5
4 6
4 7
4 9
4 11
4 13
4 15
4 17
4 18
4 22
4 26
4 27
4 28
4 29
4 33
4 35
4 40
4 44
4 46
4 47
4 48
4 50
4 53
4 54
4 61
4 62
4 63
4 66
4 67
4 72
4 73
4 75
4 77
4 78
4 80
4 82
4 83
4 84
4 85
4 89
4 90
4 92
4 97
4 98
4 99
4 100
4 102
4 103
4 105
4 110
4 112
4 115
4 120
4 121
4 122
4 123
5 10
5 11
5 12
5 13
5 14
5 15
5 16
5 18
5 19
5 20
5 27
5 28
5 29
5 32
5 34
5 35
5 36
5 38
5 39
5 43
5 45
5 46
5 52
5 55
5 56
5 58
5 59
5 63
5 64
5 66
5 67
5 68
5 69
5 70
5 71
5 72
5 73
5 75
5 77
5 89
5 90
5 91
5 94
5 98
5 99
5 100
5 102
5 103
5 107
5 108
5 111
5 112
5 113
5 115
5 117
5 119
5 121
5 122
5 123
5 125
5 126
6 9
6 10
6 11
6 12
6 14
6 15
6 17
6 19
6 20
6 23
6 25
6 30
6 31
6 32
6 33
6 35
6 36
6 37
6 39
6 43
6 44
6 45
6 49
6 50
6 51
6 57
6 59
6 62
6 64
6 65
6 66
6 67
6 69
6 74
6 75
6 76
6 78
6 79
6 82
6 83
6 84
6 85
6 86
6 87
6 89
6 90
6 92
6 93
6 96
6 97
6 103
6 104
6 105
6 106
6 107
6 111
6 119
6 120
6 121
6 122
6 123
6 125
6 126
7 8
7 11
7 12
7 13
7 14
7 16
7 19
7 20
7 22
7 25
7 28
7 29
7 31
7 32
7 33
7 35
7 36
7 37
7 40
7 41
7 43
7 44
7 46
7 50
7 54
7 55
7 59
7 62
7 64
7 65
7 66
7 68
7 69
7 70
7 71
7 75
7 77
7 79
7 80
7 86
7 88
7 91
7 98
7 100
7 101
7 103
7 104
7 105
7 106
7 109
7 114
7 118
7 120
7 121
7 124
7 125
7 127
7 128
8 13
8 15
8 16
8 17
8 20
8 21
8 23
8 24
8 25
8 26
8 27
8 28
8 31
8 32
8 33
8 35
8 44
8 45
8 48
8 49
8 53
8 54
8 55
8 57
8 62
8 63
8 66
8 70
8 73
8 78
8 80
8 81
8 88
8 89
8 93
8 94
8 95
8 96
8 99
8 100
8 103
8 106
8 108
8 110
8 112
8 115
8 116
8 118
8 122
8 124
8 127
9 11
9 13
9 14
9 15
9 16
9 18
9 21
9 22
9 23
9 24
9 25
9 26
9 30
9 32
9 34
9 36
9 38
9 40
9 41
9 42
9 43
9 44
9 45
9 48
9 50
9 51
9 52
9 53
9 54
9 55
9 57
9 58
9 62
9 65
9 68
9 69
9 71
9 72
9 78
9 79
9 80
9 81
9 87
9 88
9 90
9 91
9 93
9 97
9 98
9 101
9 102
9 108
9 109
9 111
9 113
9 115
9 116
9 117
9 120
9 121
9 123
9 124
9 125
9 128
10 11
10 12
10 13
10 14
10 18
10 22
10 23
10 25
10 26
10 27
10 29
10 31
10 36
10 41
10 43
10 46
10 47
10 48
10 49
10 51
10 52
10 54
10 57
10 59
10 61
10 62
10 64
10 65
10 68
10 71
10 75
10 80
10 81
10 85
10 86
10 87
10 88
10 92
10 94
10 99
10 100
10 103
10 105
10 106
10 107
10 110
10 112
10 113
10 114
10 116
10 117
10 118
10 119
10 120
10 121
10 122
10 124
10 127
11 12
11 14
11 17
11 18
11 19
11 20
11 21
11 27
11 28
11 31
11 32
11 41
11 42
11 44
11 46
11 50
11 51
11 54
11 57
11 58
11 59
11 61
11 64
11 66
11 67
11 69
11 70
11 71
11 73
11 74
11 78
11 83
11 84
11 87
11 89
11 90
11 91
11 92
11 95
11 101
11 103
11 106
11 109
11 113
11 116
11 119
11 122
11 123
11 125
12 13
12 18
12 19
12 21
12 23
12 25
12 32
12 34
12 39
12 41
12 44
12 45
12 49
12 50
12 53
12 54
12 56
12 62
12 64
12 67
12 68
12 69
12 72
12 73
12 75
12 78
12 80
12 81
12 85
12 86
12 87
12 91
12 97
12 98
12 101
12 105
12 106
12 108
12 116
12 118
12 119
12 120
12 123
12 126
13 16
13 18
13 19
13 20
13 21
13 22
13 24
13 25
13 27
13 28
13 29
13 30
13 31
13 34
13 37
13 40
13 43
13 48
13 49
13 50
13 57
13 59
13 64
13 67
13 69
13 70
13 71
13 73
13 74
13 77
13 84
13 85
13 86
13 88
13 89
13 90
13 91
13 92
13 93
13 95
13 97
13 99
13 105
13 106
13 107
13 108
13 109
13 114
13 115
13 117
13 118
13 119
13 122
13 123
14 20
14 21
14 22
14 23
14 24
14 25
14 26
14 28
14 29
14 31
14 32
14 34
14 37
14 38
14 46
14 47
14 48
14 49
14 51
14 53
14 56
14 59
14 60
14 63
14 65
14 66
14 69
14 70
14 72
14 73
14 74
14 78
14 85
14 88
14 90
14 91
14 93
14 96
14 97
14 98
14 100
14 103
14 106
14 108
14 109
14 117
14 119
14 120
14 121
14 123
14 124
15 16
15 17
15 19
15 20
15 21
15 26
15 28
15 30
15 31
15 32
15 34
15 43
15 45
15 49
15 50
15 51
15 52
15 55
15 57
15 59
15 60
15 62
15 63
15 64
15 65
15 66
15 67
15 68
15 70
15 81
15 86
15 87
15 90
15 93
15 94
15 96
15 97
15 98
15 99
15 101
15 102
15 103
15 106
15 107
15 109
15 111
15 113
15 114
15 115
15 116
15 123
15 124
15 126
16 18
16 22
16 24
16 25
16 26
16 32
16 36
16 38
16 39
16 41
16 42
16 44
16 46
16 47
16 48
16 49
16 51
16 52
16 53
16 56
16 58
16 59
16 60
16 64
16 66
16 73
16 75
16 77
16 78
16 80
16 84
16 87
16 88
16 89
16 90
16 92
16 93
16 98
16 99
16 100
16 101
16 105
16 109
16 110
16 111
16 113
16 115
16 117
16 118
16 119
16 122
16 124
16 125
16 126
16 128
17 24
17 26
17 27
17 31
17 35
17 36
17 42
17 44
17 48
17 50
17 52
17 53
17 55
17 56
17 57
17 59
17 61
17 62
17 64
17 65
17 66
17 67
17 68
17 71
17 72
17 74
17 75
17 76
17 81
17 83
17 84
17 85
17 86
17 90
17 94
17 96
17 97
17 98
17 100
17 103
17 107
17 109
17 112
17 117
17 119
17 121
17 122
17 124
17 125
17 126
17 127
18 19
18 22
18 23
18 24
18 25
18 27
18 28
18 30
18 32
18 34
18 35
18 36
18 41
18 43
18 51
18 52
18 53
18 54
18 55
18 57
18 58
18 60
18 61
18 62
18 67
18 71
18 72
18 74
18 76
18 78
18 80
18 89
18 95
18 98
18 100
18 103
18 106
18 107
18 109
18 112
18 113
18 115
18 117
18 120
18 121
18 126
19 21
19 24
19 25
19 26
19 27
19 29
19 31
19 35
19 38
19 46
19 47
19 51
19 54
19 56
19 57
19 58
19 59
19 63
19 66
19 70
19 72
19 74
19 75
19 76
19 81
19 82
19 92
19 94
19 96
19 99
19 100
19 102
19 104
19 105
19 108
19 113
19 118
19 119
19 120
19 124
19 125
20 27
20 28
20 30
20 32
20 38
20 39
20 41
20 42
20 43
20 44
20 46
20 50
20 57
20 60
20 61
20 68
20 69
20 70
20 71
20 73
20 76
20 77
20 78
20 79
20 80
20 82
20 89
20 90
20 91
20 93
20 94
20 95
20 97
20 98
20 100
20 102
20 103
20 104
20 107
20 109
20 111
20 112
20 113
20 114
20 116
20 118
20 121
20 123
20 125
20 127
20 128
21 22
21 25
21 28
21 30
21 31
21 32
21 35
21 37
21 38
21 39
21 42
21 45
21 46
21 49
21 50
21 51
21 52
21 61
21 62
21 64
21 65
21 66
21 67
21 71
21 72
21 73
21 75
21 76
21 80
21 83
21 85
21 93
21 94
21 97
21 98
21 102
21 103
21 104
21 106
21 107
21 110
21 111
21 112
21 113
21 114
21 115
21 118
21 120
21 121
21 122
21 123
21 124
21 126
21 128
22 23
22 28
22 29
22 32
22 33
22 34
22 35
22 37
22 38
22 42
22 43
22 45
22 50
22 51
22 54
22 58
22 59
22 65
22 67
22 74
22 76
22 78
22 79
22 80
22 81
22 82
22 85
22 86
22 89
22 90
22 91
22 94
22 95
22 98
22 101
22 102
22 103
22 104
22 106
22 108
22 109
22 110
22 111
22 114
22 115
22 124
22 126
22 127
23 25
23 26
23 32
23 33
23 34
23 37
23 39
23 41
23 42
23 45
23 46
23 49
23 54
23 58
23 59
23 60
23 62
23 65
23 67
23 68
23 69
23 72
23 73
23 74
23 75
23 79
23 80
23 82
23 85
23 88
23 91
23 92
23 94
23 96
23 99
23 101
23 102
23 103
23 104
23 108
23 110
23 114
23 116
23 117
23 119
23 120
23 121
23 122
23 123
24 28
24 30
24 31
24 32
24 33
24 35
24 38
24 39
24 41
24 51
24 52
24 53
24 55
24 57
24 60
24 63
24 66
24 67
24 68
24 69
24 71
24 77
24 80
24 82
24 83
24 88
24 96
24 99
24 102
24 105
24 108
24 110
24 111
24 112
24 113
24 114
24 118
24 119
24 121
24 122
24 123
24 124
24 125
24 127
25 28
25 29
25 31
25 32
25 34
25 38
25 39
25 41
25 42
25 44
25 46
25 49
25 55
25 57
25 58
25 61
25 62
25 64
25 67
25 69
25 72
25 73
25 75
25 78
25 79
25 80
25 81
25 82
25 83
25 87
25 89
25 92
25 95
25 96
25 98
25 100
25 102
25 104
25 105
25 107
25 115
25 119
25 121
25 123
25 125
25 126
26 28
26 32
26 33
26 35
26 36
26 38
26 39
26 40
26 41
26 42
26 44
26 45
26 47
26 49
26 51
26 52
26 53
26 54
26 56
26 60
26 65
26 66
26 67
26 68
26 69
26 74
26 75
26 80
26 83
26 84
26 86
26 87
26 89
26 91
26 93
26 94
26 97
26 104
26 105
26 108
26 112
26 115
26 116
26 117
26 119
26 122
26 125
26 126
26 128
27 30
27 31
27 33
27 34
27 39
27 47
27 48
27 49
27 53
27 56
27 57
27 58
27 59
27 64
27 65
27 67
27 68
27 69
27 72
27 77
27 78
27 80
27 86
27 87
27 88
27 94
27 95
27 100
27 101
27 103
27 104
27 106
27 107
27 110
27 114
27 115
27 116
27 118
27 122
27 124
27 125
27 127
28 30
28 32
28 33
28 34
28 36
28 38
28 40
28 41
28 42
28 43
28 44
28 45
28 46
28 48
28 55
28 56
28 59
28 60
28 62
28 63
28 66
28 69
28 70
28 71
28 73
28 74
28 77
28 80
28 83
28 84
28 86
28 88
28 90
28 91
28 92
28 93
28 98
28 102
28 105
28 106
28 108
28 109
28 111
28 113
28 123
28 125
28 127
29 31
29 32
29 35
29 38
29 40
29 42
29 44
29 46
29 50
29 51
29 52
29 56
29 57
29 59
29 60
29 62
29 64
29 67
29 70
29 74
29 75
29 76
29 80
29 81
29 82
29 83
29 84
29 89
29 90
29 91
29 92
29 94
29 99
29 100
29 104
29 106
29 109
29 110
29 111
29 112
29 113
29 114
29 115
29 118
29 119
29 120
29 121
29 122
29 124
29 126
29 127
30 34
30 36
30 39
30 40
30 42
30 46
30 48
30 49
30 53
30 55
30 56
30 57
30 59
30 60
30 61
30 62
30 63
30 64
30 65
30 70
30 72
30 76
30 77
30 78
30 79
30 81
30 82
30 84
30 86
30 87
30 88
30 89
30 92
30 93
30 95
30 97
30 98
30 99
30 102
30 109
30 113
30 114
30 115
30 121
30 122
30 124
30 126
31 32
31 33
31 37
31 38
31 41
31 43
31 46
31 47
31 49
31 53
31 54
31 56
31 57
31 58
31 61
31 64
31 66
31 67
31 70
31 71
31 73
31 75
31 76
31 79
31 82
31 84
31 87
31 88
31 89
31 94
31 96
31 97
31 103
31 106
31 109
31 111
31 113
31 114
31 115
31 117
31 120
31 122
31 127
31 128
32 43
32 44
32 46
32 48
32 49
32 51
32 52
32 56
32 58
32 59
32 60
32 62
32 63
32 66
32 68
32 69
32 71
32 73
32 78
32 82
32 85
32 86
32 90
32 94
32 96
32 99
32 100
32 101
32 103
32 104
32 107
32 108
32 110
32 111
32 112
32 113
32 114
32 116
32 117
32 119
32 120
32 122
32 124
32 127
32 128
33 34
33 35
33 41
33 42
33 43
33 44
33 46
33 47
33 49
33 51
33 56
33 57
33 60
33 62
33 64
33 65
33 66
33 67
33 68
33 69
33 73
33 77
33 80
33 83
33 86
33 90
33 94
33 96
33 99
33 100
33 101
33 103
33 105
33 107
33 110
33 111
33 113
33 114
33 115
33 117
33 118
33 119
33 124
33 126
33 128
34 35
34 37
34 39
34 41
34 44
34 45
34 46
34 47
34 49
34 53
34 55
34 57
34 64
34 67
34 69
34 71
34 75
34 76
34 77
34 78
34 79
34 80
34 81
34 82
34 83
34 88
34 91
34 93
34 94
34 97
34 98
34 112
34 113
34 115
34 119
34 120
34 121
34 123
34 124
34 126
34 128
35 37
35 38
35 39
35 42
35 43
35 45
35 46
35 55
35 57
35 59
35 62
35 63
35 67
35 69
35 70
35 71
35 72
35 74
35 75
35 78
35 79
35 81
35 83
35 85
35 86
35 87
35 88
35 92
35 94
35 95
35 96
35 98
35 102
35 104
35 107
35 108
35 109
35 112
35 117
35 118
35 119
35 120
35 122
35 123
35 126
35 127
35 128
36 37
36 40
36 43
36 45
36 49
36 50
36 53
36 54
36 55
36 57
36 61
36 65
36 71
36 72
36 74
36 76
36 82
36 83
36 86
36 89
36 93
36 104
36 107
36 108
36 109
36 110
36 111
36 112
36 113
36 115
36 117
36 123
36 124
36 128
37 41
37 44
37 45
37 51
37 52
37 54
37 56
37 59
37 60
37 63
37 64
37 67
37 68
37 69
37 70
37 71
37 72
37 74
37 75
37 76
37 77
37 80
37 81
37 86
37 87
37 88
37 90
37 94
37 95
37 98
37 99
37 100
37 101
37 103
37 105
37 110
37 111
37 112
37 113
37 114
37 116
37 117
37 119
37 120
37 121
37 122
37 126
38 41
38 42
38 44
38 47
38 48
38 53
38 55
38 58
38 61
38 63
38 64
38 66
38 71
38 73
38 75
38 76
38 79
38 80
38 85
38 88
38 90
38 93
38 97
38 99
38 101
38 102
38 103
38 105
38 110
38 111
38 112
38 113
38 115
38 118
38 122
38 123
38 126
38 127
38 128
39 40
39 43
39 47
39 50
39 51
39 52
39 55
39 57
39 58
39 63
39 64
39 68
39 71
39 72
39 73
39 74
39 78
39 79
39 82
39 83
39 84
39 88
39 89
39 91
39 92
39 94
39 95
39 96
39 100
39 101
39 103
39 104
39 106
39 112
39 115
39 116
39 117
39 118
39 120
39 123
39 124
39 125
39 126
39 127
39 128
40 42
40 45
40 46
40 49
40 52
40 53
40 56
40 59
40 62
40 64
40 67
40 68
40 69
40 73
40 74
40 79
40 82
40 84
40 85
40 86
40 90
40 91
40 93
40 94
40 95
40 98
40 103
40 104
40 106
40 107
40 108
40 112
40 113
40 115
40 118
40 119
40 121
40 122
40 126
40 128
41 43
41 44
41 45
41 49
41 50
41 51
41 53
41 55
41 56
41 58
41 59
41 61
41 63
41 65
41 74
41 77
41 79
41 80
41 81
41 82
41 83
41 85
41 90
41 92
41 95
41 97
41 98
41 100
41 101
41 106
41 107
41 108
41 110
41 113
41 115
41 116
41 117
41 119
41 120
41 123
41 125
41 126
41 127
42 45
42 46
42 49
42 50
42 51
42 53
42 54
42 56
42 57
42 59
42 62
42 64
42 66
42 67
42 68
42 70
42 73
42 75
42 76
42 77
42 79
42 80
42 82
42 84
42 89
42 90
42 93
42 95
42 97
42 98
42 99
42 104
42 105
42 107
42 115
42 116
42 117
42 118
42 119
42 121
42 122
42 123
42 124
42 125
42 126
42 128
43 44
43 46
43 52
43 53
43 55
43 57
43 63
43 64
43 65
43 67
43 70
43 75
43 76
43 81
43 82
43 86
43 88
43 93
43 94
43 95
43 96
43 98
43 99
43 100
43 103
43 104
43 105
43 106
43 107
43 108
43 109
43 110
43 112
43 114
43 117
43 119
43 123
44 48
44 49
44 51
44 52
44 54
44 55
44 56
44 57
44 60
44 63
44 66
44 67
44 69
44 72
44 73
44 79
44 82
44 84
44 85
44 91
44 92
44 94
44 96
44 98
44 99
44 100
44 102
44 106
44 108
44 112
44 113
44 114
44 115
44 116
44 117
44 119
44 120
44 121
44 125
45 46
45 50
45 53
45 54
45 56
45 57
45 58
45 60
45 62
45 64
45 66
45 67
45 68
45 69
45 72
45 73
45 74
45 76
45 78
45 79
45 83
45 84
45 85
45 88
45 91
45 97
45 99
45 101
45 102
45 104
45 105
45 107
45 112
45 113
45 116
45 117
45 119
45 120
45 121
45 123
45 125
45 126
45 127
46 47
46 49
46 51
46 52
46 58
46 60
46 63
46 64
46 65
46 67
46 68
46 71
46 73
46 76
46 78
46 79
46 80
46 81
46 85
46 89
46 92
46 93
46 94
46 97
46 98
46 102
46 103
46 105
46 106
46 107
46 108
46 111
46 113
46 115
46 116
46 119
46 122
46 126
46 128
47 49
47 50
47 52
47 53
47 56
47 57
47 59
47 60
47 64
47 66
47 68
47 69
47 72
47 73
47 79
47 80
47 85
47 87
47 88
47 90
47 91
47 92
47 93
47 94
47 96
47 99
47 102
47 103
47 104
47 106
47 107
47 109
47 110
47 114
47 115
47 117
47 122
47 123
47 124
47 125
48 50
48 51
48 53
48 54
48 57
48 58
48 62
48 63
48 64
48 68
48 72
48 73
48 75
48 77
48 80
48 82
48 83
48 85
48 87
48 93
48 95
48 96
48 98
48 99
48 100
48 101
48 105
48 107
48 108
48 110
48 112
48 115
48 117
48 118
48 121
48 122
48 126
48 128
49 51
49 52
49 53
49 56
49 61
49 64
49 67
49 69
49 70
49 73
49 77
49 78
49 79
49 81
49 85
49 89
49 90
49 91
49 92
49 95
49 101
49 102
49 105
49 107
49 108
49 115
49 116
49 124
49 125
49 126
50 52
50 54
50 55
50 56
50 57
50 59
50 61
50 62
50 65
50 66
50 68
50 69
50 70
50 73
50 75
50 77
50 80
50 81
50 83
50 84
50 85
50 87
50 88
50 91
50 92
50 94
50 95
50 97
50 98
50 99
50 104
50 115
50 117
50 118
50 120
50 127
51 54
51 56
51 57
51 60
51 65
51 66
51 67
51 69
51 70
51 72
51 76
51 77
51 82
51 85
51 87
51 90
51 91
51 98
51 101
51 103
51 105
51 108
51 110
51 111
51 112
51 118
51 119
51 120
51 122
51 125
51 127
51 128
52 54
52 55
52 56
52 57
52 59
52 65
52 70
52 71
52 73
52 77
52 78
52 80
52 82
52 88
52 90
52 91
52 92
52 98
52 101
52 107
52 109
52 115
52 118
52 121
52 122
52 123
52 126
52 127
53 55
53 58
53 61
53 62
53 65
53 68
53 69
53 73
53 74
53 76
53 79
53 80
53 81
53 82
53 85
53 87
53 88
53 89
53 90
53 91
53 97
53 99
53 103
53 104
53 106
53 108
53 109
53 110
53 111
53 113
53 114
53 116
53 118
53 121
53 125
53 126
53 127
54 58
54 59
54 62
54 66
54 67
54 71
54 72
54 73
54 79
54 81
54 83
54 86
54 89
54 90
54 91
54 92
54 97
54 99
54 100
54 101
54 103
54 107
54 113
54 119
54 121
54 123
54 124
54 126
54 127
55 56
55 60
55 65
55 66
55 67
55 69
55 71
55 73
55 76
55 79
55 80
55 83
55 85
55 89
55 90
55 93
55 96
55 97
55 98
55 99
55 100
55 101
55 102
55 105
55 108
55 110
55 111
55 121
55 125
55 126
55 128
56 57
56 61
56 62
56 64
56 65
56 70
56 71
56 76
56 80
56 82
56 83
56 87
56 88
56 89
56 90
56 94
56 98
56 100
56 102
56 103
56 105
56 106
56 108
56 110
56 111
56 114
56 118
56 119
56 121
56 122
56 123
57 63
57 64
57 65
57 68
57 69
57 71
57 72
57 74
57 76
57 77
57 78
57 80
57 81
57 86
57 87
57 88
57 91
57 96
57 97
57 98
57 102
57 105
57 107
57 108
57 109
57 111
57 113
57 114
57 115
57 116
57 122
57 123
57 124
57 127
57 128
58 59
58 60
58 61
58 63
58 65
58 66
58 68
58 70
58 72
58 77
58 78
58 79
58 82
58 84
58 85
58 87
58 88
58 89
58 91
58 92
58 94
58 96
58 99
58 104
58 105
58 106
58 113
58 114
58 116
58 117
58 121
58 123
58 124
58 125
58 127
58 128
59 66
59 67
59 68
59 72
59 76
59 77
59 78
59 82
59 84
59 85
59 88
59 93
59 96
59 98
59 102
59 104
59 107
59 108
59 109
59 111
59 113
59 115
59 121
59 122
59 123
59 124
60 61
60 63
60 69
60 70
60 72
60 73
60 78
60 82
60 85
60 86
60 87
60 88
60 90
60 92
60 94
60 95
60 96
60 98
60 102
60 107
60 108
60 110
60 111
60 116
60 117
60 118
60 120
60 121
60 126
60 128
61 62
61 63
61 64
61 66
61 67
61 69
61 72
61 73
61 74
61 75
61 76
61 77
61 85
61 86
61 87
61 88
61 90
61 94
61 96
61 97
61 102
61 104
61 105
61 106
61 107
61 108
61 111
61 116
61 117
61 119
61 120
61 123
61 124
62 63
62 64
62 65
62 66
62 72
62 73
62 75
62 76
62 77
62 82
62 85
62 86
62 88
62 89
62 90
62 98
62 101
62 103
62 104
62 109
62 112
62 114
62 117
62 118
62 120
62 121
62 124
62 126
62 128
63 64
63 67
63 73
63 75
63 77
63 81
63 82
63 83
63 84
63 87
63 89
63 91
63 93
63 94
63 96
63 102
63 103
63 104
63 106
63 116
63 119
63 121
63 122
63 123
63 126
63 127
63 128
64 69
64 70
64 71
64 72
64 74
64 78
64 79
64 88
64 94
64 99
64 102
64 109
64 110
64 113
64 115
64 116
64 117
64 119
64 125
65 66
65 67
65 68
65 70
65 71
65 73
65 74
65 76
65 78
65 80
65 83
65 85
65 86
65 87
65 91
65 92
65 95
65 96
65 97
65 99
65 106
65 107
65 108
65 110
65 111
65 112
65 114
65 115
65 116
65 117
65 118
65 119
65 120
65 121
65 123
65 127
65 128
66 67
66 71
66 77
66 79
66 80
66 81
66 83
66 84
66 85
66 86
66 87
66 93
66 97
66 99
66 100
66 101
66 102
66 104
66 106
66 107
66 108
66 109
66 111
66 112
66 116
66 118
66 119
66 121
66 123
66 124
66 126
66 127
66 128
67 68
67 69
67 70
67 73
67 74
67 76
67 77
67 81
67 83
67 84
67 86
67 91
67 92
67 93
67 95
67 97
67 99
67 101
67 108
67 109
67 115
67 116
67 119
67 121
67 123
67 127
67 128
68 72
68 76
68 79
68 82
68 84
68 88
68 89
68 90
68 91
68 93
68 95
68 97
68 102
68 103
68 106
68 109
68 111
68 112
68 113
68 115
68 116
68 119
68 120
68 123
68 124
68 125
68 126
69 70
69 71
69 72
69 79
69 82
69 84
69 85
69 86
69 87
69 89
69 90
69 92
69 93
69 94
69 95
69 96
69 97
69 98
69 100
69 103
69 104
69 106
69 107
69 110
69 112
69 113
69 114
69 117
69 119
69 120
69 122
69 128
70 71
70 72
70 73
70 75
70 76
70 79
70 80
70 81
70 82
70 83
70 85
70 87
70 88
70 89
70 90
70 98
70 101
70 104
70 106
70 108
70 114
70 116
70 121
70 122
70 124
70 125
70 126
71 76
71 77
71 79
71 83
71 84
71 92
71 93
71 94
71 96
71 98
71 99
71 103
71 104
71 109
71 110
71 116
71 117
71 121
71 126
71 127
71 128
72 74
72 75
72 76
72 81
72 90
72 92
72 93
72 94
72 95
72 100
72 102
72 103
72 112
72 113
72 114
72 115
72 118
72 124
72 125
72 126
72 127
73 83
73 85
73 86
73 87
73 88
73 101
73 102
73 104
73 105
73 107
73 111
73 112
73 113
73 115
73 116
73 118
73 121
73 122
73 123
73 125
73 127
73 128
74 77
74 80
74 82
74 83
74 87
74 88
74 91
74 93
74 94
74 95
74 96
74 99
74 100
74 101
74 102
74 104
74 105
74 108
74 111
74 114
74 115
74 116
74 118
74 119
74 123
74 125
74 126
74 127
75 77
75 83
75 86
75 87
75 89
75 92
75 95
75 96
75 97
75 100
75 103
75 105
75 108
75 109
75 111
75 112
75 114
75 119
75 120
75 121
75 123
75 124
75 125
75 127
75 128
76 79
76 83
76 84
76 88
76 90
76 91
76 93
76 97
76 99
76 101
76 103
76 105
76 106
76 107
76 110
76 111
76 117
76 119
76 122
76 123
76 125
76 127
76 128
77 78
77 79
77 81
77 82
77 84
77 88
77 92
77 93
77 95
77 96
77 97
77 106
77 108
77 109
77 111
77 112
77 113
77 115
77 119
77 120
77 121
77 125
77 128
78 80
78 83
78 85
78 87
78 88
78 95
78 96
78 98
78 99
78 101
78 103
78 104
78 108
78 113
78 114
78 115
78 119
78 121
78 126
78 127
79 80
79 82
79 84
79 87
79 89
79 91
79 94
79 95
79 98
79 99
79 105
79 108
79 109
79 112
79 114
79 117
79 118
79 119
79 121
79 126
79 127
79 128
80 81
80 84
80 85
80 86
80 87
80 89
80 92
80 94
80 95
80 104
80 105
80 106
80 107
80 110
80 115
80 116
80 122
80 125
80 126
80 128
81 82
81 83
81 87
81 92
81 94
81 95
81 96
81 97
81 98
81 99
81 104
81 105
81 110
81 111
81 114
81 116
81 117
81 118
81 120
81 122
81 123
81 124
81 126
82 85
82 86
82 88
82 90
82 91
82 92
82 93
82 94
82 96
82 97
82 99
82 101
82 103
82 104
82 105
82 106
82 107
82 108
82 110
82 111
82 114
82 116
82 117
82 119
82 120
82 123
82 126
82 127
83 84
83 89
83 91
83 96
83 99
83 104
83 106
83 110
83 112
83 113
83 115
83 120
83 122
83 123
83 124
83 125
84 86
84 88
84 90
84 93
84 96
84 97
84 99
84 101
84 103
84 104
84 106
84 108
84 111
84 116
84 117
84 120
84 122
84 125
84 128
85 86
85 87
85 89
85 92
85 100
85 101
85 103
85 104
85 105
85 107
85 110
85 114
85 116
85 118
85 121
85 123
85 128
86 87
86 89
86 92
86 94
86 96
86 97
86 98
86 99
86 100
86 102
86 103
86 104
86 105
86 106
86 109
86 110
86 112
86 116
86 118
86 119
86 121
86 122
86 124
86 126
86 127
87 88
87 91
87 92
87 97
87 99
87 102
87 105
87 107
87 108
87 114
87 119
87 120
87 121
87 123
87 124
87 128
88 93
88 95
88 96
88 98
88 99
88 103
88 104
88 105
88 106
88 107
88 112
88 113
88 114
88 117
88 118
88 120
88 121
88 123
88 127
88 128
89 92
89 93
89 94
89 95
89 98
89 99
89 100
89 102
89 104
89 105
89 107
89 110
89 111
89 112
89 116
89 120
89 121
89 122
90 92
90 95
90 96
90 98
90 101
90 103
90 104
90 106
90 109
90 110
90 111
90 112
90 113
90 114
90 115
90 118
90 119
90 121
90 122
90 124
90 126
90 127
91 92
91 93
91 94
91 95
91 96
91 98
91 99
91 100
91 101
91 105
91 110
91 111
91 114
91 115
91 116
91 118
91 119
91 120
91 127
92 94
92 96
92 97
92 98
92 100
92 101
92 102
92 104
92 105
92 106
92 109
92 118
92 119
92 120
92 126
92 128
93 96
93 98
93 101
93 104
93 106
93 107
93 108
93 115
93 117
93 118
93 119
93 121
93 126
94 95
94 96
94 102
94 103
94 113
94 116
94 120
94 121
94 124
94 126
94 127
95 98
95 101
95 102
95 105
95 109
95 111
95 114
95 117
95 121
95 122
95 123
95 124
95 127
96 97
96 98
96 99
96 100
96 101
96 103
96 108
96 110
96 112
96 113
96 114
96 117
96 119
96 121
96 122
96 124
96 127
97 101
97 107
97 112
97 113
97 116
97 119
97 123
97 124
98 100
98 102
98 103
98 107
98 109
98 110
98 113
98 115
98 116
98 119
98 122
98 124
98 126
98 128
99 102
99 103
99 106
99 107
99 110
99 111
99 112
99 113
99 115
99 120
99 124
99 126
99 128
100 101
100 103
100 104
100 105
100 109
100 110
100 111
100 113
100 115
100 117
100 118
100 121
100 123
100 125
100 126
101 102
101 103
101 105
101 106
101 108
101 110
101 112
101 114
101 117
101 119
101 120
101 121
101 122
101 124
101 128
102 104
102 106
102 107
102 109
102 110
102 112
102 113
102 116
102 119
102 121
102 123
102 127
102 128
103 104
103 109
103 111
103 112
103 116
103 117
103 118
103 120
103 124
103 125
103 127
104 108
104 109
104 111
104 114
104 117
104 121
104 122
104 123
104 124
104 126
104 127
105 110
105 113
105 115
105 116
105 119
105 120
105 121
105 126
105 127
106 108
106 113
106 115
106 119
106 122
106 124
106 125
107 108
107 111
107 114
107 117
107 126
108 109
108 110
108 111
108 114
108 115
108 119
108 120
108 122
108 123
108 124
108 126
109 111
109 113
109 115
109 117
109 118
109 119
109 120
109 122
109 125
109 128
110 112
110 113
110 115
110 116
110 120
110 122
110 123
110 124
110 125
110 126
111 112
111 113
111 114
111 115
111 117
111 118
111 119
111 122
111 123
111 124
111 126
111 127
111 128
112 113
112 115
112 116
112 117
112 118
112 120
112 121
112 122
112 123
112 124
112 127
112 128
113 115
113 122
113 124
113 125
113 126
114 117
114 123
114 124
114 125
114 126
114 127
115 118
115 122
115 123
115 124
115 126
115 127
115 128
116 117
116 120
116 122
116 123
116 125
117 121
117 124
117 126
117 128
118 120
118 123
118 124
118 126
118 127
118 128
119 124
119 127
120 121
120 123
120 127
120 128
121 122
121 124
121 126
121 128
122 123
122 126
122 127
123 127
124 128
125 126
125 128
127 128
