128 652
1
2
3
4
5
6
7
8
9
10
11
12
13
14
15
16
17
18
19
20
21
22
23
24
25
26
27
28
29
30
31
32
33
34
35
36
37
38
39
40
41
42
43
44
45
46
47
48
49
50
51
52
53
54
55
56
57
58
59
60
61
62
63
64
65
66
67
68
69
70
71
72
73
74
75
76
77
78
79
80
81
82
83
84
85
86
87
88
89
90
91
92
93
94
95
96
97
98
99
100
101
102
103
104
105
106
107
108
109
110
111
112
113
114
115
116
117
118
119
120
121
122
123
124
125
126
127
128
1 10 
1 16 
1 26 
1 39 
1 42 
1 44 
1 49 
1 64 
1 67 
1 77 
1 96 
1 111 
1 127 
2 3 
2 11 
2 22 
2 28 
2 90 
2 98 
2 112 
3 4 
3 12 
3 19 
3 27 
3 39 
3 45 
3 50 
3 84 
3 105 
3 118 
3 127 
4 8 
4 10 
4 22 
4 37 
4 57 
4 68 
4 69 
4 70 
4 75 
4 79 
4 89 
4 91 
4 126 
5 7 
5 32 
5 44 
5 47 
5 55 
5 59 
5 84 
5 90 
5 103 
5 110 
6 18 
6 19 
6 27 
6 34 
6 54 
6 60 
6 82 
6 94 
6 96 
6 102 
7 19 
7 27 
7 34 
7 78 
7 82 
7 92 
7 121 
8 14 
8 16 
8 26 
8 42 
8 79 
8 82 
8 87 
8 89 
8 91 
8 93 
8 96 
8 106 
8 110 
8 114 
8 118 
9 27 
9 30 
9 37 
9 41 
9 113 
9 115 
9 119 
10 26 
10 29 
10 37 
10 45 
10 48 
10 52 
10 69 
10 80 
10 90 
10 94 
10 96 
10 117 
10 118 
10 123 
11 42 
11 46 
11 60 
11 64 
11 72 
11 109 
11 116 
11 120 
12 13 
12 19 
12 37 
12 39 
12 53 
12 80 
12 95 
12 98 
12 118 
12 121 
13 16 
13 22 
13 32 
13 62 
13 67 
13 91 
13 92 
13 94 
13 100 
13 116 
14 32 
14 37 
14 39 
14 40 
14 82 
14 84 
14 85 
14 88 
14 109 
14 124 
15 45 
15 52 
15 69 
15 72 
15 93 
15 103 
15 104 
15 120 
16 20 
16 40 
16 51 
16 66 
16 72 
16 75 
16 77 
16 88 
16 98 
16 101 
16 124 
17 20 
17 35 
17 39 
17 43 
17 44 
17 45 
17 47 
17 48 
17 51 
17 52 
17 57 
17 70 
17 71 
17 85 
18 24 
18 26 
18 39 
18 64 
18 92 
18 100 
18 119 
19 43 
19 47 
19 55 
19 60 
19 64 
19 80 
19 81 
19 86 
20 21 
20 26 
20 39 
20 40 
20 41 
20 49 
20 50 
20 55 
20 68 
20 75 
20 103 
21 27 
21 29 
21 46 
21 48 
21 55 
21 59 
21 87 
21 102 
21 105 
21 118 
22 25 
22 38 
22 48 
22 53 
22 74 
22 102 
22 115 
22 123 
22 126 
23 30 
23 41 
23 44 
23 51 
23 76 
23 87 
23 111 
24 26 
24 45 
24 59 
24 60 
24 61 
24 63 
24 72 
24 96 
25 26 
25 29 
25 82 
25 91 
25 92 
25 94 
25 98 
25 112 
25 118 
26 48 
26 52 
26 54 
26 98 
26 100 
26 107 
26 116 
27 55 
27 59 
27 61 
27 81 
27 98 
27 102 
27 111 
28 42 
28 46 
28 48 
28 57 
28 65 
28 76 
28 78 
28 92 
28 93 
28 109 
28 128 
29 49 
29 71 
29 79 
29 97 
29 99 
29 108 
29 111 
29 113 
29 121 
30 46 
30 64 
30 78 
30 81 
30 94 
30 111 
30 116 
30 122 
31 37 
31 75 
31 76 
31 120 
31 126 
32 38 
32 56 
32 63 
32 66 
32 76 
32 99 
32 102 
32 124 
33 41 
33 54 
33 59 
33 76 
33 81 
33 93 
33 113 
34 39 
34 45 
34 83 
34 91 
34 127 
35 37 
35 47 
35 58 
35 59 
35 75 
35 84 
35 93 
35 117 
36 49 
36 57 
36 61 
36 70 
36 74 
36 87 
36 99 
36 104 
36 114 
37 42 
37 51 
37 70 
37 73 
37 80 
37 90 
37 100 
37 108 
37 113 
37 120 
38 43 
38 44 
38 55 
38 57 
38 76 
38 79 
38 84 
38 121 
38 124 
39 59 
39 65 
39 71 
39 75 
39 77 
39 95 
39 100 
39 116 
40 42 
40 59 
40 62 
40 74 
40 83 
40 117 
41 46 
41 75 
41 82 
41 110 
42 58 
42 59 
42 98 
42 103 
42 109 
42 110 
43 53 
43 76 
43 80 
43 108 
44 70 
44 83 
44 92 
44 99 
44 107 
44 111 
44 120 
44 122 
45 60 
45 65 
45 69 
45 101 
45 105 
45 114 
45 128 
46 88 
46 96 
46 106 
46 122 
46 125 
47 48 
47 65 
47 78 
47 89 
47 98 
47 101 
47 108 
47 119 
47 127 
48 75 
48 84 
48 93 
48 100 
48 103 
48 118 
49 57 
49 73 
49 90 
49 97 
50 66 
50 69 
50 77 
50 85 
50 122 
51 55 
51 89 
51 108 
52 61 
52 88 
52 90 
52 92 
52 99 
53 68 
53 71 
53 88 
53 89 
54 60 
54 63 
54 75 
54 77 
54 115 
55 62 
55 100 
55 105 
56 72 
56 92 
56 101 
57 71 
57 87 
57 97 
57 98 
57 110 
57 117 
57 127 
58 60 
58 71 
58 77 
58 83 
58 86 
58 98 
58 112 
58 119 
58 123 
59 61 
59 67 
59 70 
59 71 
59 77 
59 121 
59 127 
60 72 
60 97 
60 122 
60 123 
61 73 
61 82 
61 83 
61 92 
61 100 
61 107 
61 117 
62 71 
62 72 
62 74 
62 89 
62 94 
62 115 
63 71 
63 96 
63 110 
63 111 
63 113 
63 114 
64 79 
64 94 
64 100 
64 110 
65 75 
65 113 
65 115 
66 86 
66 91 
66 97 
66 108 
67 74 
67 83 
67 108 
67 126 
68 81 
68 89 
68 96 
68 97 
69 76 
69 87 
69 92 
69 106 
69 107 
69 114 
69 123 
69 125 
70 98 
70 107 
70 111 
70 113 
70 119 
70 121 
70 126 
71 125 
72 78 
72 83 
72 85 
72 100 
72 111 
72 127 
73 124 
74 80 
74 83 
74 86 
74 96 
75 78 
75 106 
75 115 
75 124 
76 83 
76 88 
76 91 
76 92 
76 100 
76 109 
76 111 
77 127 
78 86 
78 88 
78 96 
78 99 
78 120 
78 122 
79 81 
79 100 
79 126 
80 95 
80 103 
80 115 
80 118 
81 107 
81 119 
82 90 
82 94 
82 95 
82 98 
82 111 
82 128 
83 96 
83 102 
83 105 
83 110 
83 121 
83 127 
84 85 
84 102 
84 115 
84 124 
85 96 
85 99 
85 116 
85 119 
85 123 
87 105 
87 118 
87 122 
88 92 
88 104 
88 105 
88 108 
88 114 
89 93 
89 97 
89 111 
89 117 
89 119 
90 95 
90 102 
90 109 
91 96 
91 103 
91 121 
92 96 
92 101 
92 103 
92 114 
92 125 
93 96 
93 102 
93 121 
94 100 
94 126 
95 97 
95 98 
95 128 
96 122 
97 100 
97 107 
97 125 
98 120 
98 121 
99 120 
99 122 
100 119 
101 114 
101 117 
101 124 
102 105 
102 107 
102 109 
102 111 
102 116 
102 124 
105 109 
106 126 
107 122 
107 127 
108 120 
109 116 
110 115 
110 119 
110 128 
112 122 
113 125 
116 121 
116 126 
122 126 
123 125 
124 125 
126 128 
