128 1854
1 13
1 15
1 18
1 19
1 20
1 29
1 33
1 36
1 43
1 45
1 47
1 49
1 58
1 71
1 78
1 90
1 92
1 95
1 96
1 97
1 109
1 110
1 112
1 114
1 120
1 124
1 126
1 127
2 5
2 7
2 12
2 17
2 25
2 40
2 43
2 46
2 55
2 58
2 68
2 69
2 71
2 73
2 74
2 76
2 84
2 86
2 88
2 92
2 96
2 105
2 106
2 108
2 120
2 128
3 4
3 10
3 12
3 16
3 17
3 18
3 26
3 30
3 38
3 41
3 45
3 46
3 50
3 51
3 52
3 63
3 69
3 72
3 83
3 98
3 99
3 101
3 102
3 107
3 111
3 112
3 114
3 118
3 119
3 123
3 125
3 126
4 6
4 9
4 10
4 12
4 18
4 19
4 32
4 34
4 36
4 43
4 49
4 53
4 56
4 59
4 61
4 63
4 67
4 70
4 71
4 72
4 75
4 77
4 81
4 85
4 94
4 98
4 108
4 109
4 110
4 113
4 117
5 17
5 21
5 31
5 40
5 44
5 47
5 49
5 50
5 53
5 56
5 82
5 86
5 90
5 93
5 94
5 98
5 99
5 112
5 115
5 119
5 122
5 123
5 126
6 14
6 19
6 27
6 32
6 41
6 43
6 50
6 53
6 55
6 56
6 58
6 64
6 77
6 78
6 80
6 81
6 82
6 86
6 90
6 94
6 99
6 104
6 105
6 107
6 121
6 125
6 128
7 11
7 13
7 17
7 20
7 21
7 26
7 31
7 34
7 37
7 38
7 39
7 43
7 46
7 59
7 77
7 79
7 80
7 93
7 94
7 97
7 98
7 108
7 110
7 111
7 112
7 114
7 118
7 119
7 120
7 125
7 128
8 9
8 13
8 14
8 15
8 19
8 23
8 24
8 26
8 28
8 29
8 30
8 39
8 43
8 44
8 47
8 48
8 52
8 53
8 60
8 61
8 64
8 67
8 74
8 77
8 97
8 100
8 105
8 107
8 109
8 120
8 127
9 12
9 14
9 25
9 30
9 33
9 35
9 36
9 45
9 48
9 49
9 51
9 66
9 70
9 74
9 82
9 90
9 99
9 100
9 103
9 107
9 122
9 124
9 127
10 12
10 20
10 32
10 33
10 36
10 37
10 39
10 40
10 41
10 43
10 46
10 53
10 55
10 56
10 64
10 66
10 78
10 86
10 90
10 92
10 97
10 106
10 108
10 121
11 13
11 14
11 25
11 27
11 32
11 36
11 38
11 54
11 59
11 68
11 70
11 78
11 79
11 81
11 86
11 97
11 107
11 110
11 115
11 117
11 118
11 123
12 13
12 29
12 32
12 33
12 36
12 39
12 42
12 47
12 50
12 51
12 56
12 57
12 62
12 63
12 69
12 74
12 76
12 89
12 94
12 110
12 111
12 113
12 122
13 16
13 17
13 18
13 24
13 29
13 34
13 36
13 37
13 50
13 51
13 55
13 57
13 62
13 66
13 75
13 77
13 92
13 93
13 96
13 102
13 110
13 111
13 116
13 119
14 17
14 20
14 26
14 28
14 30
14 40
14 43
14 44
14 47
14 48
14 51
14 52
14 53
14 58
14 68
14 69
14 75
14 77
14 79
14 93
14 94
14 96
14 97
14 99
14 101
14 102
14 108
14 111
14 112
14 113
14 123
15 19
15 20
15 23
15 25
15 31
15 35
15 37
15 38
15 52
15 55
15 59
15 62
15 69
15 75
15 79
15 80
15 85
15 86
15 89
15 93
15 98
15 102
15 103
15 106
15 111
15 113
15 118
15 119
15 124
16 19
16 24
16 25
16 27
16 28
16 29
16 31
16 34
16 37
16 47
16 52
16 53
16 73
16 78
16 81
16 82
16 91
16 92
16 98
16 102
16 104
16 113
16 122
16 128
17 19
17 24
17 25
17 27
17 28
17 34
17 38
17 42
17 54
17 76
17 82
17 83
17 85
17 86
17 89
17 104
17 105
17 106
17 118
17 119
17 121
17 127
18 23
18 25
18 29
18 30
18 46
18 52
18 54
18 59
18 61
18 64
18 65
18 66
18 72
18 73
18 90
18 105
18 106
18 107
18 116
18 121
18 122
19 22
19 25
19 28
19 29
19 31
19 33
19 35
19 42
19 49
19 56
19 63
19 65
19 81
19 83
19 88
19 105
19 110
19 114
19 115
19 122
19 125
19 126
19 127
20 22
20 24
20 34
20 37
20 40
20 45
20 54
20 57
20 58
20 63
20 69
20 70
20 72
20 74
20 75
20 76
20 82
20 85
20 89
20 91
20 92
20 97
20 100
20 101
20 102
20 110
20 111
20 113
20 115
20 117
20 119
20 120
20 126
20 128
21 24
21 32
21 33
21 35
21 65
21 68
21 76
21 77
21 80
21 81
21 88
21 93
21 97
21 106
21 109
21 113
21 114
21 116
21 122
21 124
21 128
22 23
22 27
22 38
22 41
22 42
22 51
22 52
22 57
22 61
22 65
22 69
22 72
22 80
22 86
22 87
22 89
22 91
22 92
22 97
22 103
22 107
22 112
22 113
22 114
22 123
23 27
23 34
23 40
23 43
23 44
23 48
23 52
23 53
23 54
23 55
23 57
23 72
23 79
23 83
23 85
23 87
23 90
23 95
23 96
23 100
23 102
23 103
23 106
23 108
23 113
23 114
23 116
23 120
23 121
23 123
23 127
24 27
24 28
24 32
24 35
24 36
24 37
24 38
24 44
24 55
24 65
24 91
24 98
24 102
24 106
24 108
24 112
24 114
24 122
24 124
25 27
25 30
25 34
25 36
25 44
25 51
25 53
25 54
25 61
25 69
25 70
25 71
25 72
25 80
25 82
25 96
25 97
25 105
25 111
25 116
25 125
25 127
26 34
26 38
26 49
26 50
26 53
26 59
26 64
26 89
26 101
26 103
26 110
26 111
26 113
26 114
26 118
26 120
26 121
27 29
27 35
27 38
27 47
27 48
27 58
27 61
27 64
27 69
27 75
27 76
27 80
27 86
27 91
27 93
27 98
27 100
27 107
27 115
27 117
27 120
27 123
27 128
28 30
28 33
28 39
28 41
28 45
28 51
28 55
28 64
28 67
28 84
28 91
28 93
28 102
28 108
28 117
28 119
29 36
29 39
29 42
29 44
29 48
29 53
29 69
29 70
29 72
29 74
29 75
29 79
29 82
29 85
29 87
29 98
29 105
29 108
29 110
29 113
29 115
29 117
29 118
29 119
29 120
29 121
29 123
29 124
29 125
30 33
30 36
30 39
30 40
30 42
30 47
30 51
30 53
30 58
30 73
30 75
30 79
30 85
30 86
30 88
30 89
30 91
30 97
30 98
30 100
30 102
30 104
30 105
30 111
30 115
30 117
30 119
30 121
30 123
30 124
30 126
31 32
31 40
31 42
31 44
31 50
31 51
31 53
31 60
31 68
31 69
31 79
31 83
31 84
31 86
31 93
31 96
31 97
31 98
31 100
31 101
31 107
31 110
31 111
31 115
31 116
31 121
31 126
31 127
32 38
32 39
32 45
32 53
32 62
32 79
32 80
32 81
32 82
32 84
32 87
32 89
32 92
32 93
32 108
32 111
32 113
32 114
32 117
32 118
32 126
32 127
33 35
33 36
33 42
33 43
33 48
33 51
33 56
33 58
33 64
33 70
33 72
33 73
33 80
33 88
33 94
33 109
33 116
33 117
33 119
33 123
33 127
34 50
34 54
34 61
34 62
34 65
34 66
34 68
34 69
34 70
34 72
34 75
34 76
34 85
34 87
34 92
34 98
34 100
34 101
34 103
34 106
34 109
34 110
34 114
34 122
34 125
35 37
35 38
35 53
35 60
35 63
35 64
35 66
35 71
35 76
35 80
35 81
35 84
35 91
35 96
35 97
35 119
35 120
35 125
35 128
36 37
36 39
36 43
36 45
36 46
36 56
36 57
36 63
36 74
36 94
36 97
36 98
36 99
36 100
36 103
36 104
36 110
36 118
36 128
37 42
37 49
37 52
37 61
37 62
37 64
37 73
37 76
37 77
37 78
37 87
37 105
37 108
37 115
37 119
37 125
38 40
38 46
38 48
38 49
38 52
38 55
38 66
38 71
38 75
38 81
38 90
38 93
38 95
38 98
38 99
38 105
38 107
38 109
38 117
38 126
38 128
39 43
39 45
39 52
39 60
39 68
39 69
39 73
39 81
39 82
39 83
39 84
39 96
39 101
39 106
40 48
40 49
40 54
40 60
40 77
40 78
40 79
40 85
40 91
40 93
40 96
40 100
40 102
40 117
40 121
40 122
41 55
41 58
41 65
41 70
41 73
41 76
41 84
41 91
41 93
41 95
41 101
41 102
41 104
41 106
41 108
41 109
41 111
41 115
41 121
42 46
42 51
42 56
42 63
42 68
42 74
42 84
42 99
42 100
42 105
42 113
42 123
42 125
43 44
43 49
43 51
43 52
43 53
43 54
43 56
43 58
43 60
43 61
43 68
43 70
43 80
43 83
43 92
43 93
43 97
43 109
43 114
43 115
43 118
43 120
43 127
43 128
44 48
44 52
44 55
44 60
44 70
44 72
44 76
44 77
44 80
44 84
44 85
44 98
44 103
44 105
44 106
44 109
44 114
44 115
44 119
44 125
44 127
45 50
45 58
45 59
45 66
45 68
45 74
45 76
45 83
45 86
45 87
45 91
45 95
45 99
45 102
45 109
45 114
45 119
45 122
45 123
45 125
46 47
46 49
46 60
46 62
46 65
46 80
46 83
46 84
46 91
46 95
46 98
46 103
46 107
46 118
46 120
46 122
47 48
47 51
47 53
47 60
47 74
47 80
47 81
47 88
47 89
47 94
47 96
47 101
47 108
47 109
47 114
47 116
47 117
47 118
47 121
47 123
47 126
48 49
48 50
48 51
48 54
48 57
48 69
48 70
48 74
48 86
48 91
48 93
48 100
48 103
48 108
48 110
48 111
48 116
48 119
48 123
48 126
49 55
49 57
49 58
49 61
49 71
49 84
49 85
49 98
49 100
49 101
49 102
49 114
49 115
49 118
49 122
49 125
49 126
49 127
50 54
50 60
50 63
50 65
50 68
50 69
50 72
50 73
50 83
50 84
50 88
50 90
50 91
50 92
50 94
50 100
50 101
50 103
50 105
50 107
50 109
50 111
50 119
51 52
51 55
51 70
51 75
51 79
51 101
51 103
51 105
51 106
51 111
51 117
51 118
51 122
51 126
52 53
52 56
52 58
52 61
52 71
52 72
52 73
52 79
52 83
52 84
52 86
52 91
52 95
52 100
52 112
52 114
52 115
52 116
52 117
52 123
52 126
53 66
53 73
53 76
53 79
53 80
53 81
53 83
53 84
53 85
53 90
53 95
53 98
53 99
53 108
53 109
53 115
53 117
53 120
53 123
53 127
54 69
54 72
54 84
54 85
54 88
54 93
54 97
54 98
54 109
54 115
54 117
54 118
54 127
55 57
55 71
55 76
55 77
55 78
55 82
55 83
55 94
55 98
55 99
55 100
55 103
55 113
55 118
55 119
55 121
55 125
56 64
56 65
56 67
56 68
56 69
56 74
56 77
56 80
56 81
56 86
56 87
56 88
56 100
56 120
56 123
56 127
56 128
57 62
57 63
57 78
57 83
57 87
57 88
57 103
57 106
57 109
57 111
57 113
57 119
57 126
57 127
58 66
58 67
58 74
58 77
58 78
58 90
58 92
58 95
58 98
58 101
58 107
58 120
58 121
59 60
59 64
59 70
59 76
59 93
59 97
59 108
59 113
59 116
59 118
59 119
60 61
60 64
60 69
60 71
60 72
60 73
60 74
60 75
60 78
60 81
60 87
60 90
60 99
60 107
60 110
60 120
60 124
61 78
61 80
61 83
61 89
61 92
61 98
61 103
61 109
61 110
61 111
61 112
61 115
61 118
61 122
61 123
61 128
62 82
62 84
62 86
62 89
62 93
62 95
62 97
62 103
62 106
62 117
62 120
63 66
63 70
63 74
63 81
63 95
63 100
63 101
63 111
63 113
63 118
63 121
63 122
63 123
63 126
64 65
64 70
64 86
64 88
64 93
64 96
64 104
64 108
64 111
64 112
64 114
64 115
64 116
64 117
64 121
64 123
65 70
65 80
65 82
65 83
65 86
65 87
65 90
65 92
65 93
65 95
65 100
65 102
65 104
65 107
65 116
65 119
65 121
65 123
65 124
65 128
66 68
66 76
66 82
66 84
66 90
66 97
66 98
66 99
66 102
66 104
66 106
66 110
66 123
66 124
67 69
67 71
67 79
67 83
67 85
67 95
67 96
67 97
67 113
67 114
67 122
67 125
67 126
68 75
68 77
68 86
68 88
68 92
68 93
68 94
68 99
68 100
68 110
68 111
68 121
69 70
69 81
69 82
69 85
69 92
69 95
69 100
69 101
69 102
69 108
69 109
69 113
69 116
69 120
69 124
70 71
70 72
70 76
70 77
70 88
70 91
70 95
70 99
70 103
70 105
70 106
70 118
70 123
71 74
71 75
71 78
71 85
71 87
71 91
71 93
71 94
71 105
71 106
71 107
71 110
71 115
71 118
71 123
72 73
72 74
72 79
72 80
72 84
72 89
72 90
72 91
72 92
72 93
72 95
72 98
72 99
72 106
72 107
72 108
72 111
72 123
72 127
73 74
73 76
73 83
73 87
73 89
73 101
73 103
73 105
73 109
73 111
73 113
73 116
73 126
74 75
74 76
74 80
74 84
74 89
74 97
74 99
74 103
74 106
74 108
74 109
74 115
74 124
75 76
75 77
75 79
75 81
75 82
75 84
75 86
75 87
75 89
75 92
75 94
75 98
75 99
75 109
75 118
75 123
75 128
76 77
76 86
76 94
76 101
76 104
76 106
76 107
76 109
76 110
76 112
76 113
76 116
76 121
76 123
76 124
77 83
77 84
77 85
77 90
77 94
77 96
77 98
77 109
77 110
77 115
77 116
77 120
77 123
77 125
77 127
78 82
78 91
78 97
78 98
78 101
78 105
78 107
78 111
78 120
78 127
79 80
79 85
79 87
79 90
79 92
79 94
79 98
79 103
79 104
79 106
79 118
79 125
79 128
80 81
80 86
80 87
80 90
80 93
80 98
80 106
80 114
80 115
80 118
80 122
80 124
80 125
80 127
80 128
81 85
81 87
81 89
81 96
81 97
81 99
81 101
81 102
81 103
81 104
81 108
81 112
81 113
81 116
81 120
81 121
81 125
82 83
82 87
82 90
82 100
82 103
82 104
82 105
82 115
82 118
82 119
82 123
82 124
83 86
83 94
83 98
83 101
83 103
83 106
83 110
83 112
83 115
83 117
84 85
84 86
84 92
84 93
84 94
84 102
84 104
84 121
84 128
85 88
85 91
85 103
85 106
85 122
85 124
85 125
86 91
86 99
86 102
86 104
86 106
86 111
86 114
86 119
86 120
86 126
87 90
87 97
87 99
87 101
87 104
87 106
87 124
88 90
88 92
88 103
88 105
88 106
88 120
88 123
88 124
88 127
88 128
89 91
89 94
89 96
89 99
89 101
89 102
89 114
89 122
89 124
89 127
90 94
90 95
90 105
90 108
90 113
90 116
90 124
90 127
91 100
91 105
91 113
91 122
92 108
92 110
92 113
92 114
92 116
92 119
92 123
93 99
93 109
93 116
93 120
93 121
93 123
93 125
93 126
94 98
94 100
94 101
94 102
94 106
94 107
94 108
94 109
94 110
94 114
94 116
94 122
94 123
94 125
94 127
95 97
95 98
95 107
95 109
95 127
96 106
96 108
96 112
96 115
96 118
96 123
96 124
96 128
97 100
97 104
97 107
97 112
97 116
97 128
98 100
98 105
98 107
98 114
98 120
99 105
99 107
99 112
99 114
99 126
100 101
100 103
100 105
100 112
100 117
100 118
100 128
101 103
101 112
101 116
101 119
102 106
102 113
102 115
102 117
102 122
102 123
103 114
103 116
103 126
104 110
104 117
105 111
105 120
105 122
105 127
106 126
107 110
107 111
108 112
108 116
108 117
108 119
108 120
108 121
108 126
108 128
109 112
109 124
109 127
109 128
110 116
110 118
110 121
110 125
111 113
111 114
111 117
111 126
112 113
112 114
112 115
112 117
112 118
112 122
113 114
113 115
113 116
113 117
114 116
114 121
114 122
114 126
114 127
115 117
115 118
115 119
115 121
115 122
115 123
116 117
116 119
116 120
116 125
116 126
116 127
117 119
117 125
119 123
120 121
121 123
123 124
123 125
124 126
124 128
125 127
