128 4366
1
2
3
4
5
6
7
8
9
10
11
12
13
14
15
16
17
18
19
20
21
22
23
24
25
26
27
28
29
30
31
32
33
34
35
36
37
38
39
40
41
42
43
44
45
46
47
48
49
50
51
52
53
54
55
56
57
58
59
60
61
62
63
64
65
66
67
68
69
70
71
72
73
74
75
76
77
78
79
80
81
82
83
84
85
86
87
88
89
90
91
92
93
94
95
96
97
98
99
100
101
102
103
104
105
106
107
108
109
110
111
112
113
114
115
116
117
118
119
120
121
122
123
124
125
126
127
128
1 2 
1 5 
1 6 
1 8 
1 9 
1 12 
1 19 
1 20 
1 22 
1 25 
1 26 
1 27 
1 30 
1 32 
1 33 
1 35 
1 36 
1 38 
1 39 
1 40 
1 41 
1 42 
1 43 
1 48 
1 50 
1 51 
1 53 
1 55 
1 56 
1 59 
1 61 
1 63 
1 65 
1 67 
1 68 
1 71 
1 72 
1 74 
1 76 
1 78 
1 85 
1 86 
1 90 
1 91 
1 92 
1 93 
1 94 
1 95 
1 99 
1 100 
1 102 
1 104 
1 105 
1 107 
1 111 
1 113 
1 114 
1 116 
1 117 
1 118 
1 122 
1 123 
1 125 
1 127 
2 3 
2 6 
2 7 
2 9 
2 10 
2 11 
2 13 
2 18 
2 19 
2 22 
2 25 
2 26 
2 27 
2 28 
2 31 
2 35 
2 36 
2 44 
2 45 
2 49 
2 53 
2 54 
2 56 
2 57 
2 58 
2 60 
2 61 
2 62 
2 63 
2 65 
2 66 
2 72 
2 74 
2 81 
2 83 
2 85 
2 87 
2 88 
2 90 
2 91 
2 94 
2 97 
2 100 
2 104 
2 105 
2 106 
2 111 
2 112 
2 113 
2 115 
2 119 
2 120 
2 121 
2 123 
2 126 
2 127 
2 128 
3 4 
3 5 
3 6 
3 8 
3 13 
3 15 
3 23 
3 25 
3 26 
3 27 
3 29 
3 31 
3 33 
3 35 
3 36 
3 37 
3 38 
3 40 
3 41 
3 42 
3 47 
3 50 
3 53 
3 55 
3 56 
3 58 
3 67 
3 68 
3 70 
3 72 
3 75 
3 76 
3 77 
3 79 
3 80 
3 81 
3 83 
3 84 
3 85 
3 87 
3 88 
3 89 
3 92 
3 93 
3 95 
3 96 
3 100 
3 101 
3 103 
3 110 
3 111 
3 113 
3 114 
3 115 
3 116 
3 118 
3 121 
3 123 
3 124 
3 126 
3 127 
4 6 
4 7 
4 8 
4 9 
4 11 
4 13 
4 16 
4 19 
4 20 
4 22 
4 28 
4 29 
4 31 
4 32 
4 37 
4 39 
4 42 
4 43 
4 46 
4 48 
4 49 
4 51 
4 55 
4 56 
4 58 
4 59 
4 61 
4 64 
4 66 
4 67 
4 71 
4 79 
4 80 
4 81 
4 83 
4 85 
4 86 
4 90 
4 91 
4 92 
4 93 
4 94 
4 96 
4 101 
4 105 
4 106 
4 109 
4 110 
4 111 
4 119 
4 121 
4 123 
4 124 
4 125 
5 9 
5 10 
5 12 
5 13 
5 14 
5 15 
5 17 
5 18 
5 19 
5 20 
5 22 
5 23 
5 25 
5 27 
5 30 
5 31 
5 32 
5 35 
5 36 
5 37 
5 38 
5 39 
5 42 
5 43 
5 46 
5 48 
5 49 
5 51 
5 52 
5 53 
5 54 
5 55 
5 56 
5 58 
5 61 
5 63 
5 64 
5 69 
5 73 
5 74 
5 75 
5 76 
5 77 
5 78 
5 80 
5 82 
5 84 
5 86 
5 88 
5 89 
5 90 
5 92 
5 93 
5 97 
5 98 
5 99 
5 102 
5 106 
5 108 
5 113 
5 115 
5 117 
5 118 
5 119 
5 120 
5 121 
5 122 
5 123 
5 128 
6 7 
6 9 
6 10 
6 16 
6 17 
6 19 
6 20 
6 21 
6 23 
6 24 
6 26 
6 27 
6 30 
6 31 
6 32 
6 33 
6 35 
6 36 
6 37 
6 38 
6 39 
6 40 
6 41 
6 47 
6 49 
6 50 
6 52 
6 57 
6 59 
6 60 
6 64 
6 65 
6 66 
6 67 
6 70 
6 71 
6 74 
6 76 
6 79 
6 80 
6 82 
6 84 
6 85 
6 86 
6 89 
6 90 
6 91 
6 92 
6 94 
6 96 
6 97 
6 98 
6 99 
6 100 
6 101 
6 102 
6 103 
6 107 
6 113 
6 114 
6 115 
6 117 
6 119 
6 122 
6 125 
6 126 
6 128 
7 8 
7 10 
7 11 
7 13 
7 20 
7 22 
7 27 
7 28 
7 29 
7 30 
7 31 
7 32 
7 33 
7 35 
7 38 
7 40 
7 41 
7 42 
7 43 
7 44 
7 45 
7 49 
7 50 
7 55 
7 57 
7 59 
7 60 
7 62 
7 64 
7 71 
7 72 
7 73 
7 74 
7 77 
7 78 
7 79 
7 80 
7 82 
7 83 
7 85 
7 87 
7 90 
7 91 
7 93 
7 94 
7 97 
7 98 
7 101 
7 103 
7 104 
7 109 
7 111 
7 112 
7 114 
7 115 
7 117 
7 119 
7 121 
7 123 
7 124 
7 125 
7 127 
7 128 
8 12 
8 13 
8 14 
8 16 
8 17 
8 19 
8 20 
8 23 
8 27 
8 30 
8 31 
8 32 
8 33 
8 34 
8 36 
8 38 
8 40 
8 44 
8 46 
8 47 
8 49 
8 50 
8 51 
8 52 
8 53 
8 54 
8 56 
8 57 
8 60 
8 71 
8 72 
8 73 
8 74 
8 75 
8 76 
8 77 
8 78 
8 79 
8 80 
8 81 
8 82 
8 83 
8 84 
8 86 
8 88 
8 89 
8 90 
8 92 
8 93 
8 94 
8 96 
8 97 
8 99 
8 100 
8 102 
8 103 
8 104 
8 105 
8 106 
8 108 
8 112 
8 114 
8 115 
8 116 
8 119 
8 121 
8 123 
8 124 
8 125 
8 126 
8 128 
9 14 
9 15 
9 17 
9 20 
9 21 
9 22 
9 23 
9 24 
9 28 
9 30 
9 31 
9 33 
9 37 
9 38 
9 42 
9 46 
9 48 
9 49 
9 51 
9 54 
9 56 
9 57 
9 59 
9 63 
9 64 
9 67 
9 73 
9 74 
9 75 
9 76 
9 77 
9 79 
9 80 
9 83 
9 84 
9 85 
9 86 
9 87 
9 88 
9 91 
9 94 
9 95 
9 98 
9 99 
9 102 
9 104 
9 105 
9 109 
9 110 
9 111 
9 113 
9 114 
9 115 
9 116 
9 119 
9 120 
9 121 
9 122 
9 123 
9 126 
10 11 
10 13 
10 14 
10 16 
10 17 
10 19 
10 21 
10 25 
10 28 
10 30 
10 32 
10 34 
10 36 
10 37 
10 39 
10 40 
10 41 
10 43 
10 44 
10 45 
10 46 
10 47 
10 48 
10 49 
10 52 
10 54 
10 59 
10 60 
10 64 
10 66 
10 67 
10 69 
10 70 
10 71 
10 72 
10 76 
10 79 
10 80 
10 82 
10 85 
10 88 
10 92 
10 94 
10 95 
10 96 
10 97 
10 98 
10 101 
10 102 
10 106 
10 108 
10 109 
10 112 
10 114 
10 115 
10 116 
10 117 
10 118 
10 120 
10 121 
10 124 
10 125 
10 127 
10 128 
11 12 
11 13 
11 14 
11 15 
11 17 
11 18 
11 20 
11 21 
11 24 
11 26 
11 27 
11 29 
11 31 
11 32 
11 36 
11 40 
11 41 
11 44 
11 45 
11 46 
11 48 
11 51 
11 52 
11 55 
11 56 
11 57 
11 59 
11 60 
11 62 
11 63 
11 64 
11 65 
11 66 
11 67 
11 68 
11 70 
11 71 
11 72 
11 73 
11 74 
11 75 
11 77 
11 80 
11 82 
11 84 
11 85 
11 86 
11 87 
11 89 
11 92 
11 93 
11 94 
11 95 
11 96 
11 98 
11 99 
11 101 
11 105 
11 108 
11 109 
11 116 
11 117 
11 118 
11 124 
11 126 
11 127 
11 128 
12 13 
12 14 
12 15 
12 17 
12 18 
12 20 
12 21 
12 22 
12 23 
12 25 
12 27 
12 28 
12 29 
12 30 
12 31 
12 32 
12 40 
12 41 
12 42 
12 43 
12 44 
12 46 
12 48 
12 50 
12 51 
12 54 
12 59 
12 60 
12 62 
12 63 
12 64 
12 65 
12 66 
12 70 
12 71 
12 72 
12 73 
12 74 
12 82 
12 83 
12 84 
12 86 
12 88 
12 89 
12 90 
12 91 
12 93 
12 94 
12 96 
12 98 
12 99 
12 100 
12 101 
12 103 
12 104 
12 105 
12 106 
12 109 
12 110 
12 111 
12 113 
12 115 
12 121 
12 122 
12 123 
12 124 
12 127 
12 128 
13 14 
13 18 
13 19 
13 20 
13 22 
13 23 
13 24 
13 25 
13 28 
13 30 
13 34 
13 37 
13 38 
13 39 
13 42 
13 43 
13 44 
13 45 
13 46 
13 49 
13 51 
13 53 
13 55 
13 56 
13 61 
13 62 
13 63 
13 65 
13 67 
13 70 
13 72 
13 75 
13 83 
13 86 
13 88 
13 89 
13 90 
13 91 
13 92 
13 93 
13 94 
13 95 
13 96 
13 97 
13 98 
13 99 
13 101 
13 103 
13 106 
13 107 
13 108 
13 109 
13 110 
13 115 
13 118 
13 122 
13 127 
13 128 
14 15 
14 17 
14 19 
14 20 
14 24 
14 27 
14 28 
14 31 
14 32 
14 33 
14 35 
14 36 
14 37 
14 38 
14 40 
14 42 
14 44 
14 46 
14 48 
14 49 
14 50 
14 51 
14 54 
14 56 
14 57 
14 58 
14 59 
14 60 
14 61 
14 62 
14 67 
14 68 
14 70 
14 72 
14 74 
14 75 
14 77 
14 78 
14 79 
14 81 
14 83 
14 86 
14 88 
14 89 
14 92 
14 93 
14 94 
14 95 
14 96 
14 97 
14 101 
14 104 
14 105 
14 107 
14 108 
14 109 
14 112 
14 113 
14 114 
14 117 
14 120 
14 121 
14 122 
14 124 
14 125 
14 126 
14 127 
14 128 
15 16 
15 20 
15 21 
15 22 
15 23 
15 24 
15 26 
15 28 
15 31 
15 32 
15 36 
15 37 
15 38 
15 39 
15 41 
15 43 
15 45 
15 49 
15 50 
15 51 
15 53 
15 56 
15 59 
15 62 
15 65 
15 71 
15 74 
15 75 
15 78 
15 79 
15 85 
15 86 
15 87 
15 88 
15 94 
15 96 
15 102 
15 103 
15 105 
15 107 
15 108 
15 110 
15 111 
15 112 
15 116 
15 119 
15 120 
15 121 
15 122 
15 124 
15 127 
15 128 
16 17 
16 19 
16 22 
16 23 
16 27 
16 28 
16 29 
16 31 
16 32 
16 33 
16 34 
16 35 
16 40 
16 42 
16 47 
16 52 
16 53 
16 54 
16 56 
16 57 
16 58 
16 60 
16 62 
16 63 
16 65 
16 68 
16 69 
16 70 
16 71 
16 73 
16 74 
16 76 
16 77 
16 79 
16 80 
16 82 
16 85 
16 88 
16 90 
16 92 
16 93 
16 94 
16 96 
16 98 
16 100 
16 102 
16 103 
16 106 
16 108 
16 109 
16 111 
16 113 
16 114 
16 116 
16 117 
16 120 
16 121 
16 122 
16 123 
16 124 
16 125 
16 127 
16 128 
17 21 
17 24 
17 25 
17 26 
17 27 
17 28 
17 29 
17 30 
17 31 
17 38 
17 39 
17 41 
17 45 
17 46 
17 49 
17 50 
17 51 
17 52 
17 53 
17 54 
17 58 
17 59 
17 62 
17 63 
17 65 
17 66 
17 68 
17 69 
17 70 
17 71 
17 72 
17 73 
17 74 
17 75 
17 76 
17 78 
17 80 
17 84 
17 88 
17 91 
17 92 
17 94 
17 95 
17 96 
17 97 
17 98 
17 99 
17 100 
17 101 
17 102 
17 105 
17 107 
17 108 
17 109 
17 111 
17 112 
17 116 
17 117 
17 118 
17 120 
17 123 
17 125 
17 126 
17 127 
18 22 
18 23 
18 27 
18 29 
18 30 
18 31 
18 34 
18 35 
18 36 
18 37 
18 39 
18 41 
18 44 
18 45 
18 47 
18 48 
18 49 
18 50 
18 52 
18 54 
18 55 
18 56 
18 57 
18 58 
18 59 
18 65 
18 66 
18 67 
18 70 
18 72 
18 77 
18 78 
18 79 
18 82 
18 83 
18 84 
18 85 
18 87 
18 90 
18 91 
18 92 
18 93 
18 94 
18 97 
18 98 
18 100 
18 102 
18 107 
18 109 
18 113 
18 118 
18 122 
18 124 
18 125 
18 127 
18 128 
19 20 
19 22 
19 23 
19 24 
19 26 
19 30 
19 32 
19 33 
19 36 
19 37 
19 40 
19 41 
19 44 
19 48 
19 50 
19 51 
19 52 
19 56 
19 63 
19 64 
19 66 
19 67 
19 68 
19 71 
19 72 
19 73 
19 74 
19 78 
19 82 
19 83 
19 89 
19 92 
19 93 
19 94 
19 96 
19 98 
19 99 
19 102 
19 103 
19 104 
19 108 
19 111 
19 114 
19 121 
19 122 
19 123 
19 124 
19 125 
19 126 
19 128 
20 21 
20 23 
20 24 
20 26 
20 28 
20 30 
20 33 
20 37 
20 38 
20 40 
20 42 
20 43 
20 44 
20 45 
20 47 
20 48 
20 50 
20 55 
20 60 
20 61 
20 63 
20 67 
20 70 
20 72 
20 74 
20 77 
20 80 
20 83 
20 84 
20 85 
20 86 
20 87 
20 89 
20 90 
20 91 
20 93 
20 94 
20 95 
20 97 
20 98 
20 99 
20 100 
20 101 
20 102 
20 103 
20 104 
20 105 
20 107 
20 108 
20 110 
20 112 
20 114 
20 115 
20 117 
20 118 
20 119 
20 120 
20 123 
20 124 
21 22 
21 23 
21 26 
21 27 
21 31 
21 33 
21 36 
21 38 
21 40 
21 41 
21 42 
21 45 
21 46 
21 47 
21 52 
21 53 
21 55 
21 57 
21 59 
21 61 
21 62 
21 66 
21 67 
21 68 
21 69 
21 70 
21 73 
21 79 
21 81 
21 83 
21 84 
21 85 
21 88 
21 89 
21 90 
21 91 
21 92 
21 93 
21 94 
21 95 
21 100 
21 101 
21 103 
21 104 
21 105 
21 106 
21 108 
21 109 
21 110 
21 111 
21 113 
21 115 
21 116 
21 117 
21 119 
21 121 
21 122 
21 123 
21 125 
21 126 
21 128 
22 23 
22 24 
22 25 
22 26 
22 29 
22 32 
22 34 
22 37 
22 40 
22 41 
22 42 
22 43 
22 45 
22 46 
22 48 
22 49 
22 52 
22 56 
22 59 
22 60 
22 61 
22 62 
22 63 
22 64 
22 66 
22 68 
22 69 
22 70 
22 71 
22 72 
22 73 
22 76 
22 78 
22 79 
22 80 
22 81 
22 82 
22 84 
22 86 
22 87 
22 89 
22 90 
22 93 
22 94 
22 96 
22 98 
22 99 
22 100 
22 102 
22 103 
22 106 
22 110 
22 111 
22 114 
22 116 
22 117 
22 118 
22 120 
22 122 
22 123 
22 124 
22 125 
23 26 
23 27 
23 30 
23 32 
23 33 
23 34 
23 35 
23 36 
23 37 
23 40 
23 41 
23 42 
23 43 
23 46 
23 47 
23 48 
23 51 
23 52 
23 53 
23 54 
23 57 
23 58 
23 59 
23 60 
23 61 
23 62 
23 63 
23 64 
23 66 
23 67 
23 68 
23 71 
23 72 
23 73 
23 75 
23 76 
23 77 
23 80 
23 81 
23 82 
23 84 
23 87 
23 88 
23 90 
23 91 
23 94 
23 96 
23 97 
23 98 
23 101 
23 103 
23 106 
23 109 
23 110 
23 111 
23 113 
23 114 
23 115 
23 116 
23 119 
23 120 
23 121 
23 122 
23 124 
23 128 
24 28 
24 29 
24 31 
24 34 
24 36 
24 38 
24 40 
24 42 
24 45 
24 46 
24 47 
24 48 
24 51 
24 52 
24 54 
24 57 
24 58 
24 59 
24 60 
24 64 
24 65 
24 66 
24 70 
24 74 
24 75 
24 77 
24 79 
24 81 
24 82 
24 83 
24 85 
24 86 
24 87 
24 91 
24 93 
24 95 
24 97 
24 98 
24 100 
24 103 
24 104 
24 105 
24 107 
24 108 
24 109 
24 110 
24 115 
24 116 
24 117 
24 118 
24 119 
24 120 
24 121 
24 123 
24 125 
24 127 
24 128 
25 28 
25 29 
25 30 
25 33 
25 34 
25 35 
25 36 
25 38 
25 39 
25 40 
25 41 
25 45 
25 46 
25 47 
25 48 
25 49 
25 50 
25 53 
25 55 
25 56 
25 57 
25 58 
25 59 
25 60 
25 61 
25 66 
25 67 
25 70 
25 77 
25 78 
25 79 
25 80 
25 82 
25 83 
25 84 
25 85 
25 86 
25 89 
25 91 
25 93 
25 94 
25 96 
25 97 
25 99 
25 101 
25 103 
25 104 
25 105 
25 108 
25 109 
25 110 
25 112 
25 117 
25 118 
25 119 
25 125 
25 126 
25 127 
25 128 
26 27 
26 28 
26 29 
26 30 
26 33 
26 34 
26 36 
26 40 
26 41 
26 42 
26 43 
26 44 
26 45 
26 47 
26 48 
26 51 
26 53 
26 55 
26 57 
26 58 
26 61 
26 65 
26 68 
26 71 
26 73 
26 74 
26 75 
26 76 
26 77 
26 80 
26 81 
26 89 
26 91 
26 93 
26 97 
26 98 
26 100 
26 101 
26 102 
26 105 
26 107 
26 109 
26 110 
26 111 
26 112 
26 114 
26 116 
26 118 
26 119 
26 121 
26 122 
26 123 
26 127 
27 29 
27 32 
27 33 
27 34 
27 35 
27 37 
27 39 
27 43 
27 45 
27 46 
27 47 
27 48 
27 49 
27 50 
27 52 
27 53 
27 54 
27 55 
27 57 
27 58 
27 59 
27 60 
27 61 
27 62 
27 63 
27 67 
27 69 
27 71 
27 72 
27 74 
27 75 
27 76 
27 79 
27 80 
27 85 
27 86 
27 87 
27 88 
27 89 
27 91 
27 92 
27 94 
27 95 
27 103 
27 104 
27 105 
27 106 
27 107 
27 109 
27 110 
27 111 
27 113 
27 116 
27 118 
27 119 
27 123 
27 126 
27 128 
28 32 
28 33 
28 35 
28 37 
28 40 
28 41 
28 44 
28 46 
28 47 
28 48 
28 52 
28 53 
28 55 
28 56 
28 57 
28 64 
28 65 
28 67 
28 69 
28 70 
28 72 
28 73 
28 78 
28 79 
28 81 
28 83 
28 84 
28 86 
28 88 
28 90 
28 93 
28 95 
28 97 
28 98 
28 101 
28 102 
28 103 
28 104 
28 106 
28 108 
28 109 
28 110 
28 111 
28 112 
28 113 
28 118 
28 120 
28 121 
28 122 
28 123 
28 124 
28 125 
28 126 
28 127 
29 30 
29 31 
29 34 
29 35 
29 36 
29 37 
29 38 
29 39 
29 40 
29 45 
29 48 
29 49 
29 50 
29 51 
29 52 
29 54 
29 55 
29 57 
29 64 
29 71 
29 72 
29 76 
29 78 
29 80 
29 82 
29 84 
29 87 
29 88 
29 90 
29 91 
29 92 
29 93 
29 94 
29 96 
29 97 
29 99 
29 100 
29 101 
29 102 
29 103 
29 104 
29 107 
29 110 
29 112 
29 114 
29 115 
29 116 
29 117 
29 120 
29 123 
29 125 
29 127 
30 31 
30 36 
30 40 
30 41 
30 42 
30 44 
30 46 
30 47 
30 48 
30 49 
30 50 
30 53 
30 54 
30 55 
30 56 
30 58 
30 60 
30 61 
30 66 
30 68 
30 69 
30 70 
30 73 
30 75 
30 76 
30 77 
30 78 
30 79 
30 81 
30 82 
30 85 
30 87 
30 88 
30 92 
30 93 
30 94 
30 96 
30 100 
30 102 
30 105 
30 106 
30 107 
30 112 
30 113 
30 114 
30 115 
30 117 
30 119 
30 120 
30 121 
30 122 
30 123 
30 128 
31 32 
31 34 
31 36 
31 37 
31 38 
31 39 
31 41 
31 42 
31 43 
31 44 
31 47 
31 49 
31 50 
31 51 
31 54 
31 55 
31 56 
31 57 
31 58 
31 61 
31 62 
31 63 
31 64 
31 71 
31 74 
31 76 
31 79 
31 80 
31 82 
31 84 
31 86 
31 87 
31 89 
31 90 
31 95 
31 99 
31 100 
31 104 
31 105 
31 106 
31 107 
31 110 
31 111 
31 112 
31 113 
31 114 
31 116 
31 118 
31 119 
31 122 
31 124 
31 127 
31 128 
32 34 
32 35 
32 36 
32 37 
32 38 
32 40 
32 41 
32 42 
32 43 
32 44 
32 45 
32 46 
32 47 
32 49 
32 53 
32 54 
32 56 
32 57 
32 59 
32 60 
32 63 
32 64 
32 66 
32 68 
32 70 
32 79 
32 81 
32 83 
32 84 
32 89 
32 90 
32 91 
32 92 
32 93 
32 94 
32 96 
32 99 
32 103 
32 104 
32 107 
32 108 
32 110 
32 111 
32 115 
32 117 
32 119 
32 121 
32 125 
32 126 
32 128 
33 35 
33 36 
33 37 
33 40 
33 42 
33 43 
33 47 
33 48 
33 49 
33 52 
33 53 
33 54 
33 55 
33 56 
33 60 
33 68 
33 70 
33 71 
33 72 
33 73 
33 75 
33 77 
33 80 
33 83 
33 84 
33 85 
33 89 
33 92 
33 95 
33 96 
33 98 
33 101 
33 102 
33 105 
33 106 
33 108 
33 109 
33 111 
33 116 
33 117 
33 118 
33 120 
33 123 
33 126 
33 127 
34 36 
34 38 
34 39 
34 40 
34 42 
34 44 
34 45 
34 46 
34 47 
34 49 
34 52 
34 53 
34 54 
34 60 
34 61 
34 63 
34 64 
34 65 
34 66 
34 69 
34 70 
34 71 
34 74 
34 75 
34 78 
34 80 
34 82 
34 83 
34 84 
34 87 
34 91 
34 92 
34 94 
34 96 
34 98 
34 99 
34 102 
34 103 
34 108 
34 109 
34 110 
34 111 
34 113 
34 114 
34 117 
34 118 
34 119 
34 121 
34 122 
34 128 
35 38 
35 39 
35 40 
35 41 
35 43 
35 44 
35 45 
35 49 
35 50 
35 51 
35 52 
35 53 
35 54 
35 56 
35 58 
35 59 
35 62 
35 66 
35 67 
35 70 
35 71 
35 73 
35 74 
35 75 
35 76 
35 82 
35 83 
35 84 
35 85 
35 89 
35 93 
35 94 
35 95 
35 98 
35 100 
35 101 
35 103 
35 104 
35 105 
35 108 
35 112 
35 113 
35 117 
35 118 
35 120 
35 121 
35 125 
35 126 
35 128 
36 37 
36 41 
36 42 
36 43 
36 44 
36 45 
36 46 
36 47 
36 49 
36 50 
36 51 
36 59 
36 60 
36 62 
36 65 
36 67 
36 69 
36 70 
36 72 
36 74 
36 75 
36 77 
36 81 
36 82 
36 84 
36 86 
36 87 
36 89 
36 90 
36 91 
36 93 
36 94 
36 96 
36 99 
36 102 
36 105 
36 106 
36 108 
36 111 
36 113 
36 115 
36 117 
36 122 
36 123 
36 125 
36 126 
37 41 
37 42 
37 43 
37 45 
37 47 
37 50 
37 52 
37 54 
37 57 
37 58 
37 59 
37 60 
37 61 
37 69 
37 70 
37 73 
37 74 
37 75 
37 77 
37 80 
37 82 
37 84 
37 85 
37 86 
37 87 
37 89 
37 92 
37 94 
37 95 
37 96 
37 97 
37 98 
37 100 
37 101 
37 102 
37 105 
37 107 
37 108 
37 110 
37 111 
37 112 
37 113 
37 115 
37 116 
37 117 
37 118 
37 119 
37 121 
37 122 
37 123 
37 125 
37 126 
37 127 
38 39 
38 43 
38 44 
38 45 
38 47 
38 48 
38 52 
38 59 
38 61 
38 63 
38 65 
38 67 
38 69 
38 71 
38 72 
38 73 
38 76 
38 77 
38 78 
38 79 
38 81 
38 82 
38 84 
38 92 
38 94 
38 97 
38 100 
38 101 
38 102 
38 103 
38 105 
38 106 
38 108 
38 111 
38 112 
38 113 
38 114 
38 117 
38 119 
38 120 
38 121 
38 122 
38 123 
38 125 
38 126 
39 47 
39 48 
39 49 
39 50 
39 51 
39 52 
39 53 
39 54 
39 55 
39 56 
39 57 
39 59 
39 64 
39 65 
39 72 
39 74 
39 79 
39 82 
39 85 
39 86 
39 87 
39 88 
39 89 
39 90 
39 93 
39 96 
39 97 
39 98 
39 102 
39 105 
39 108 
39 109 
39 111 
39 115 
39 116 
39 120 
39 122 
39 123 
39 124 
39 126 
39 128 
40 42 
40 48 
40 50 
40 51 
40 52 
40 57 
40 58 
40 66 
40 68 
40 69 
40 71 
40 73 
40 74 
40 77 
40 78 
40 81 
40 87 
40 89 
40 91 
40 92 
40 96 
40 97 
40 100 
40 102 
40 105 
40 107 
40 110 
40 114 
40 116 
40 118 
40 122 
40 123 
40 124 
40 125 
40 126 
40 127 
40 128 
41 44 
41 47 
41 51 
41 53 
41 54 
41 55 
41 56 
41 57 
41 58 
41 61 
41 62 
41 63 
41 64 
41 65 
41 66 
41 68 
41 73 
41 74 
41 75 
41 76 
41 77 
41 80 
41 82 
41 83 
41 85 
41 88 
41 89 
41 90 
41 91 
41 96 
41 97 
41 98 
41 101 
41 102 
41 103 
41 108 
41 110 
41 111 
41 113 
41 115 
41 118 
41 119 
41 121 
41 124 
41 125 
41 128 
42 44 
42 45 
42 49 
42 53 
42 54 
42 57 
42 58 
42 59 
42 60 
42 62 
42 64 
42 67 
42 68 
42 70 
42 71 
42 72 
42 73 
42 74 
42 76 
42 80 
42 81 
42 82 
42 83 
42 84 
42 85 
42 89 
42 91 
42 92 
42 93 
42 94 
42 97 
42 98 
42 99 
42 101 
42 103 
42 104 
42 106 
42 107 
42 108 
42 109 
42 111 
42 112 
42 115 
42 117 
42 119 
42 122 
42 124 
42 125 
42 127 
42 128 
43 44 
43 46 
43 48 
43 49 
43 51 
43 52 
43 54 
43 55 
43 56 
43 57 
43 58 
43 61 
43 62 
43 64 
43 66 
43 67 
43 68 
43 69 
43 70 
43 72 
43 75 
43 78 
43 80 
43 82 
43 83 
43 84 
43 86 
43 88 
43 89 
43 90 
43 100 
43 101 
43 102 
43 103 
43 104 
43 106 
43 107 
43 110 
43 111 
43 113 
43 114 
43 115 
43 116 
43 117 
43 118 
43 122 
43 125 
43 127 
43 128 
44 46 
44 48 
44 51 
44 54 
44 55 
44 56 
44 57 
44 59 
44 60 
44 61 
44 63 
44 64 
44 65 
44 66 
44 68 
44 69 
44 71 
44 72 
44 80 
44 81 
44 85 
44 87 
44 88 
44 89 
44 90 
44 91 
44 96 
44 97 
44 104 
44 106 
44 110 
44 111 
44 112 
44 113 
44 114 
44 115 
44 118 
44 119 
44 120 
44 123 
44 127 
45 46 
45 47 
45 48 
45 52 
45 54 
45 58 
45 59 
45 60 
45 61 
45 62 
45 63 
45 64 
45 66 
45 67 
45 68 
45 75 
45 76 
45 78 
45 79 
45 81 
45 82 
45 84 
45 85 
45 86 
45 87 
45 88 
45 89 
45 93 
45 95 
45 98 
45 99 
45 103 
45 104 
45 111 
45 113 
45 115 
45 117 
45 119 
45 122 
45 123 
45 125 
45 126 
45 128 
46 50 
46 52 
46 56 
46 57 
46 59 
46 61 
46 62 
46 64 
46 65 
46 66 
46 68 
46 71 
46 74 
46 75 
46 76 
46 85 
46 86 
46 88 
46 92 
46 93 
46 97 
46 98 
46 100 
46 101 
46 103 
46 105 
46 109 
46 110 
46 111 
46 112 
46 113 
46 114 
46 115 
46 116 
46 117 
46 118 
46 119 
46 123 
46 124 
46 125 
46 126 
47 48 
47 50 
47 52 
47 53 
47 54 
47 55 
47 56 
47 57 
47 60 
47 63 
47 64 
47 65 
47 67 
47 68 
47 70 
47 72 
47 73 
47 74 
47 76 
47 77 
47 79 
47 81 
47 83 
47 84 
47 86 
47 89 
47 90 
47 94 
47 95 
47 97 
47 98 
47 99 
47 101 
47 102 
47 103 
47 106 
47 107 
47 108 
47 109 
47 111 
47 112 
47 114 
47 115 
47 119 
47 122 
47 125 
47 126 
47 127 
48 49 
48 50 
48 51 
48 53 
48 55 
48 56 
48 59 
48 60 
48 62 
48 63 
48 64 
48 65 
48 66 
48 67 
48 69 
48 70 
48 71 
48 73 
48 76 
48 77 
48 78 
48 79 
48 80 
48 85 
48 87 
48 89 
48 91 
48 95 
48 98 
48 99 
48 101 
48 102 
48 104 
48 107 
48 108 
48 109 
48 110 
48 111 
48 112 
48 113 
48 115 
48 116 
48 118 
48 120 
48 123 
49 50 
49 51 
49 52 
49 54 
49 55 
49 57 
49 58 
49 60 
49 61 
49 62 
49 64 
49 67 
49 69 
49 70 
49 72 
49 73 
49 74 
49 75 
49 76 
49 77 
49 79 
49 80 
49 82 
49 83 
49 87 
49 88 
49 89 
49 92 
49 93 
49 95 
49 96 
49 97 
49 98 
49 99 
49 100 
49 101 
49 103 
49 104 
49 105 
49 106 
49 107 
49 109 
49 110 
49 111 
49 113 
49 114 
49 115 
49 116 
49 119 
49 120 
49 125 
49 127 
49 128 
50 52 
50 56 
50 59 
50 61 
50 65 
50 68 
50 69 
50 70 
50 72 
50 73 
50 77 
50 78 
50 80 
50 81 
50 82 
50 84 
50 85 
50 87 
50 88 
50 90 
50 91 
50 92 
50 94 
50 97 
50 99 
50 101 
50 102 
50 103 
50 104 
50 105 
50 106 
50 107 
50 113 
50 115 
50 116 
50 118 
50 119 
50 120 
50 121 
50 123 
50 124 
50 126 
50 127 
50 128 
51 52 
51 53 
51 55 
51 56 
51 57 
51 61 
51 62 
51 63 
51 64 
51 66 
51 69 
51 70 
51 71 
51 72 
51 73 
51 76 
51 77 
51 79 
51 80 
51 83 
51 84 
51 87 
51 89 
51 96 
51 97 
51 98 
51 100 
51 101 
51 104 
51 105 
51 106 
51 110 
51 111 
51 112 
51 115 
51 117 
51 119 
51 120 
51 121 
51 123 
51 124 
51 125 
51 126 
51 128 
52 53 
52 54 
52 56 
52 60 
52 61 
52 62 
52 64 
52 69 
52 70 
52 73 
52 79 
52 80 
52 81 
52 83 
52 84 
52 85 
52 92 
52 93 
52 94 
52 96 
52 97 
52 99 
52 101 
52 102 
52 104 
52 105 
52 107 
52 108 
52 109 
52 111 
52 113 
52 119 
52 120 
52 121 
52 124 
52 126 
52 127 
52 128 
53 56 
53 57 
53 58 
53 59 
53 60 
53 61 
53 62 
53 63 
53 66 
53 71 
53 74 
53 75 
53 76 
53 77 
53 79 
53 80 
53 83 
53 85 
53 87 
53 88 
53 90 
53 91 
53 92 
53 96 
53 98 
53 100 
53 102 
53 106 
53 110 
53 112 
53 115 
53 119 
53 122 
53 124 
53 126 
53 127 
54 55 
54 57 
54 58 
54 59 
54 61 
54 62 
54 65 
54 69 
54 70 
54 71 
54 72 
54 74 
54 75 
54 76 
54 77 
54 78 
54 80 
54 81 
54 84 
54 85 
54 88 
54 89 
54 90 
54 91 
54 93 
54 96 
54 100 
54 101 
54 102 
54 104 
54 105 
54 107 
54 108 
54 109 
54 112 
54 114 
54 115 
54 120 
54 121 
54 128 
55 57 
55 58 
55 60 
55 61 
55 63 
55 65 
55 66 
55 68 
55 69 
55 72 
55 75 
55 76 
55 77 
55 78 
55 79 
55 80 
55 81 
55 83 
55 84 
55 85 
55 89 
55 91 
55 92 
55 94 
55 95 
55 103 
55 104 
55 108 
55 109 
55 111 
55 114 
55 119 
55 120 
55 121 
55 122 
55 123 
55 124 
55 127 
56 57 
56 59 
56 60 
56 61 
56 64 
56 65 
56 67 
56 68 
56 69 
56 72 
56 73 
56 79 
56 80 
56 83 
56 84 
56 94 
56 95 
56 96 
56 97 
56 98 
56 100 
56 101 
56 103 
56 104 
56 106 
56 107 
56 108 
56 110 
56 111 
56 113 
56 121 
56 123 
56 125 
56 126 
57 60 
57 61 
57 62 
57 68 
57 70 
57 71 
57 72 
57 73 
57 77 
57 79 
57 82 
57 86 
57 87 
57 88 
57 91 
57 92 
57 97 
57 102 
57 103 
57 104 
57 105 
57 106 
57 107 
57 110 
57 111 
57 112 
57 114 
57 116 
57 120 
57 123 
57 124 
57 125 
57 126 
57 127 
57 128 
58 64 
58 66 
58 67 
58 69 
58 72 
58 73 
58 75 
58 77 
58 78 
58 79 
58 80 
58 82 
58 83 
58 85 
58 86 
58 87 
58 90 
58 91 
58 92 
58 94 
58 96 
58 97 
58 102 
58 103 
58 104 
58 105 
58 106 
58 108 
58 109 
58 112 
58 114 
58 118 
58 119 
58 120 
58 125 
58 126 
59 61 
59 62 
59 63 
59 65 
59 67 
59 68 
59 69 
59 70 
59 73 
59 75 
59 79 
59 81 
59 86 
59 87 
59 88 
59 90 
59 92 
59 93 
59 94 
59 96 
59 97 
59 98 
59 101 
59 102 
59 103 
59 104 
59 105 
59 108 
59 115 
59 122 
59 123 
59 126 
59 128 
60 61 
60 62 
60 65 
60 66 
60 68 
60 70 
60 72 
60 73 
60 74 
60 76 
60 77 
60 79 
60 80 
60 82 
60 84 
60 86 
60 88 
60 89 
60 90 
60 91 
60 92 
60 94 
60 103 
60 106 
60 109 
60 110 
60 111 
60 112 
60 113 
60 117 
60 118 
60 120 
60 121 
60 123 
60 124 
60 128 
61 64 
61 65 
61 68 
61 69 
61 70 
61 71 
61 73 
61 75 
61 76 
61 77 
61 79 
61 83 
61 85 
61 86 
61 88 
61 90 
61 91 
61 92 
61 95 
61 96 
61 97 
61 98 
61 99 
61 102 
61 104 
61 109 
61 110 
61 111 
61 112 
61 113 
61 115 
61 116 
61 117 
61 120 
61 121 
61 123 
61 124 
61 125 
61 126 
61 128 
62 63 
62 64 
62 66 
62 69 
62 70 
62 71 
62 74 
62 76 
62 77 
62 78 
62 81 
62 82 
62 86 
62 87 
62 88 
62 89 
62 90 
62 92 
62 93 
62 95 
62 96 
62 97 
62 99 
62 101 
62 102 
62 103 
62 105 
62 106 
62 107 
62 110 
62 111 
62 112 
62 113 
62 115 
62 116 
62 117 
62 119 
62 120 
62 122 
62 124 
62 125 
62 128 
63 66 
63 67 
63 69 
63 70 
63 71 
63 72 
63 73 
63 74 
63 75 
63 76 
63 77 
63 81 
63 82 
63 84 
63 86 
63 87 
63 88 
63 90 
63 91 
63 92 
63 95 
63 96 
63 97 
63 98 
63 100 
63 104 
63 107 
63 108 
63 109 
63 110 
63 111 
63 113 
63 114 
63 119 
63 122 
63 123 
63 124 
63 125 
63 126 
63 127 
64 65 
64 67 
64 70 
64 71 
64 72 
64 73 
64 74 
64 75 
64 78 
64 79 
64 80 
64 82 
64 85 
64 88 
64 91 
64 92 
64 93 
64 97 
64 98 
64 100 
64 101 
64 103 
64 104 
64 105 
64 106 
64 107 
64 109 
64 110 
64 112 
64 113 
64 115 
64 118 
64 120 
64 121 
64 122 
64 123 
64 126 
65 69 
65 71 
65 72 
65 74 
65 75 
65 76 
65 77 
65 78 
65 80 
65 81 
65 83 
65 84 
65 85 
65 86 
65 87 
65 89 
65 90 
65 91 
65 92 
65 93 
65 94 
65 95 
65 96 
65 99 
65 100 
65 104 
65 106 
65 108 
65 111 
65 112 
65 113 
65 114 
65 117 
65 118 
65 119 
65 120 
65 121 
65 122 
65 124 
65 128 
66 67 
66 68 
66 69 
66 71 
66 72 
66 73 
66 74 
66 76 
66 79 
66 80 
66 81 
66 83 
66 84 
66 85 
66 87 
66 88 
66 90 
66 91 
66 93 
66 98 
66 101 
66 105 
66 106 
66 107 
66 112 
66 115 
66 116 
66 122 
66 124 
66 125 
66 126 
66 128 
67 68 
67 70 
67 73 
67 75 
67 76 
67 79 
67 86 
67 87 
67 88 
67 92 
67 94 
67 97 
67 99 
67 102 
67 103 
67 104 
67 105 
67 107 
67 110 
67 111 
67 113 
67 114 
67 115 
67 118 
67 120 
67 121 
67 122 
67 123 
67 124 
67 125 
67 126 
67 128 
68 69 
68 71 
68 72 
68 74 
68 76 
68 77 
68 83 
68 85 
68 86 
68 87 
68 88 
68 89 
68 92 
68 93 
68 94 
68 95 
68 96 
68 97 
68 100 
68 102 
68 103 
68 104 
68 105 
68 106 
68 107 
68 109 
68 111 
68 112 
68 116 
68 117 
68 118 
68 119 
68 121 
68 123 
68 128 
69 70 
69 72 
69 73 
69 74 
69 76 
69 77 
69 78 
69 79 
69 80 
69 81 
69 88 
69 89 
69 90 
69 92 
69 94 
69 95 
69 96 
69 97 
69 98 
69 99 
69 104 
69 106 
69 107 
69 108 
69 110 
69 112 
69 114 
69 115 
69 118 
69 120 
69 123 
69 125 
69 126 
69 128 
70 71 
70 72 
70 73 
70 75 
70 76 
70 77 
70 80 
70 81 
70 82 
70 84 
70 85 
70 86 
70 87 
70 88 
70 90 
70 91 
70 93 
70 94 
70 95 
70 96 
70 97 
70 98 
70 99 
70 100 
70 101 
70 103 
70 104 
70 105 
70 106 
70 107 
70 109 
70 110 
70 111 
70 112 
70 114 
70 116 
70 120 
70 121 
70 122 
70 126 
71 73 
71 74 
71 75 
71 76 
71 77 
71 78 
71 79 
71 80 
71 82 
71 83 
71 84 
71 86 
71 88 
71 90 
71 93 
71 94 
71 95 
71 99 
71 101 
71 102 
71 105 
71 106 
71 108 
71 109 
71 111 
71 112 
71 116 
71 117 
71 118 
71 121 
71 122 
71 123 
71 125 
71 126 
71 127 
71 128 
72 74 
72 75 
72 78 
72 79 
72 80 
72 82 
72 84 
72 85 
72 87 
72 88 
72 89 
72 92 
72 93 
72 95 
72 96 
72 97 
72 98 
72 100 
72 103 
72 104 
72 105 
72 106 
72 107 
72 108 
72 110 
72 111 
72 113 
72 114 
72 117 
72 119 
72 121 
72 122 
72 123 
72 125 
72 128 
73 77 
73 80 
73 81 
73 82 
73 83 
73 84 
73 85 
73 86 
73 88 
73 90 
73 91 
73 92 
73 94 
73 95 
73 98 
73 100 
73 101 
73 102 
73 103 
73 105 
73 106 
73 107 
73 108 
73 109 
73 110 
73 111 
73 113 
73 114 
73 116 
73 117 
73 118 
73 119 
73 120 
73 121 
73 122 
73 124 
73 127 
73 128 
74 76 
74 83 
74 87 
74 88 
74 93 
74 94 
74 96 
74 97 
74 98 
74 101 
74 104 
74 106 
74 109 
74 110 
74 111 
74 112 
74 117 
74 118 
74 119 
74 121 
74 122 
74 124 
74 126 
74 127 
74 128 
75 76 
75 77 
75 81 
75 82 
75 85 
75 86 
75 88 
75 89 
75 90 
75 94 
75 99 
75 100 
75 102 
75 103 
75 104 
75 105 
75 106 
75 109 
75 113 
75 114 
75 116 
75 119 
75 120 
76 78 
76 81 
76 85 
76 87 
76 89 
76 91 
76 92 
76 93 
76 95 
76 97 
76 98 
76 99 
76 101 
76 104 
76 108 
76 110 
76 112 
76 113 
76 114 
76 116 
76 118 
76 121 
76 123 
76 124 
76 126 
77 78 
77 79 
77 84 
77 85 
77 86 
77 87 
77 91 
77 92 
77 94 
77 98 
77 102 
77 105 
77 107 
77 108 
77 110 
77 111 
77 113 
77 114 
77 115 
77 116 
77 117 
77 122 
77 123 
77 125 
77 126 
77 128 
78 79 
78 80 
78 81 
78 82 
78 83 
78 85 
78 88 
78 89 
78 90 
78 92 
78 93 
78 95 
78 96 
78 97 
78 98 
78 106 
78 108 
78 109 
78 110 
78 111 
78 112 
78 113 
78 114 
78 115 
78 116 
78 118 
78 119 
78 122 
78 125 
78 128 
79 80 
79 84 
79 85 
79 86 
79 88 
79 90 
79 91 
79 93 
79 96 
79 98 
79 99 
79 103 
79 104 
79 106 
79 108 
79 110 
79 112 
79 115 
79 116 
79 120 
79 121 
79 122 
79 124 
79 127 
79 128 
80 81 
80 82 
80 83 
80 85 
80 86 
80 87 
80 88 
80 90 
80 91 
80 92 
80 94 
80 96 
80 98 
80 100 
80 101 
80 105 
80 107 
80 108 
80 109 
80 110 
80 111 
80 112 
80 113 
80 117 
80 119 
80 120 
80 122 
80 123 
80 127 
81 85 
81 87 
81 88 
81 95 
81 96 
81 97 
81 99 
81 102 
81 105 
81 106 
81 107 
81 108 
81 111 
81 112 
81 115 
81 117 
81 118 
81 119 
81 120 
81 122 
81 123 
81 124 
81 126 
81 127 
82 83 
82 86 
82 87 
82 88 
82 91 
82 92 
82 93 
82 99 
82 101 
82 103 
82 104 
82 105 
82 108 
82 111 
82 113 
82 118 
82 119 
82 120 
82 121 
82 122 
82 125 
82 127 
82 128 
83 85 
83 86 
83 88 
83 89 
83 94 
83 95 
83 96 
83 97 
83 98 
83 102 
83 104 
83 105 
83 106 
83 107 
83 109 
83 110 
83 117 
83 118 
83 119 
83 120 
83 122 
83 123 
83 124 
83 126 
83 128 
84 86 
84 87 
84 89 
84 91 
84 92 
84 93 
84 95 
84 96 
84 97 
84 98 
84 101 
84 102 
84 103 
84 105 
84 107 
84 110 
84 111 
84 115 
84 117 
84 118 
84 120 
84 121 
84 122 
84 123 
84 124 
84 125 
84 128 
85 86 
85 90 
85 92 
85 93 
85 95 
85 97 
85 99 
85 105 
85 106 
85 107 
85 108 
85 111 
85 112 
85 116 
85 119 
85 123 
85 124 
85 125 
85 127 
85 128 
86 87 
86 88 
86 89 
86 90 
86 91 
86 93 
86 94 
86 95 
86 96 
86 98 
86 100 
86 103 
86 105 
86 107 
86 109 
86 111 
86 112 
86 115 
86 117 
86 118 
86 121 
86 126 
87 88 
87 89 
87 90 
87 93 
87 94 
87 95 
87 96 
87 97 
87 100 
87 101 
87 102 
87 105 
87 106 
87 107 
87 109 
87 110 
87 112 
87 114 
87 116 
87 118 
87 121 
87 122 
87 123 
87 124 
87 125 
87 128 
88 93 
88 95 
88 97 
88 98 
88 100 
88 102 
88 108 
88 110 
88 113 
88 115 
88 117 
88 124 
88 126 
88 127 
88 128 
89 93 
89 94 
89 95 
89 96 
89 98 
89 99 
89 101 
89 103 
89 106 
89 107 
89 108 
89 109 
89 110 
89 112 
89 113 
89 114 
89 116 
89 118 
89 119 
89 122 
89 124 
89 125 
89 126 
90 93 
90 96 
90 100 
90 103 
90 105 
90 106 
90 109 
90 110 
90 111 
90 112 
90 113 
90 114 
90 115 
90 116 
90 118 
90 120 
90 122 
90 125 
90 126 
90 128 
91 92 
91 96 
91 98 
91 99 
91 100 
91 102 
91 106 
91 107 
91 108 
91 110 
91 112 
91 113 
91 114 
91 115 
91 116 
91 117 
91 120 
91 122 
91 124 
91 125 
91 126 
91 127 
92 94 
92 96 
92 97 
92 98 
92 99 
92 104 
92 105 
92 107 
92 108 
92 110 
92 111 
92 112 
92 113 
92 116 
92 117 
92 119 
92 120 
92 121 
92 123 
92 125 
92 128 
93 95 
93 96 
93 97 
93 98 
93 103 
93 104 
93 105 
93 109 
93 110 
93 111 
93 114 
93 116 
93 117 
93 119 
93 123 
93 124 
93 125 
93 127 
94 96 
94 101 
94 102 
94 103 
94 104 
94 105 
94 106 
94 110 
94 111 
94 113 
94 116 
94 121 
94 123 
94 125 
94 126 
94 127 
94 128 
95 96 
95 97 
95 98 
95 104 
95 106 
95 107 
95 109 
95 114 
95 115 
95 117 
95 118 
95 121 
95 123 
95 128 
96 98 
96 103 
96 104 
96 105 
96 107 
96 110 
96 118 
96 122 
96 123 
96 125 
96 126 
96 127 
97 98 
97 101 
97 102 
97 103 
97 105 
97 107 
97 108 
97 109 
97 110 
97 112 
97 113 
97 114 
97 116 
97 117 
97 119 
97 121 
97 122 
97 123 
97 126 
97 128 
98 99 
98 100 
98 101 
98 104 
98 106 
98 107 
98 111 
98 112 
98 113 
98 114 
98 116 
98 118 
98 119 
98 120 
98 122 
98 124 
98 125 
98 126 
98 127 
99 100 
99 101 
99 104 
99 105 
99 109 
99 110 
99 111 
99 112 
99 113 
99 114 
99 116 
99 117 
99 119 
99 121 
99 122 
99 126 
100 101 
100 102 
100 107 
100 112 
100 113 
100 114 
100 116 
100 117 
100 118 
100 119 
100 120 
100 123 
100 124 
100 127 
101 102 
101 104 
101 105 
101 109 
101 112 
101 113 
101 114 
101 116 
101 118 
101 121 
101 122 
101 126 
101 128 
102 104 
102 105 
102 107 
102 108 
102 112 
102 113 
102 115 
102 116 
102 120 
102 123 
102 125 
102 126 
102 128 
103 105 
103 108 
103 109 
103 110 
103 112 
103 113 
103 114 
103 116 
103 117 
103 121 
103 122 
103 123 
103 124 
103 125 
103 128 
104 107 
104 109 
104 111 
104 116 
104 119 
104 122 
104 125 
104 127 
105 109 
105 111 
105 113 
105 114 
105 115 
105 117 
105 119 
105 121 
105 123 
105 125 
105 126 
106 107 
106 108 
106 111 
106 112 
106 115 
106 118 
106 119 
106 123 
106 125 
106 126 
106 128 
107 108 
107 111 
107 113 
107 116 
107 117 
107 119 
107 125 
108 111 
108 112 
108 113 
108 114 
108 115 
108 116 
108 118 
108 119 
108 120 
108 121 
108 123 
108 126 
108 127 
108 128 
109 110 
109 111 
109 112 
109 113 
109 114 
109 116 
109 117 
109 118 
109 119 
109 120 
109 121 
109 124 
109 125 
109 127 
109 128 
110 111 
110 112 
110 116 
110 117 
110 119 
110 120 
110 121 
110 128 
111 113 
111 114 
111 116 
111 118 
111 120 
111 121 
111 122 
111 127 
112 114 
112 115 
112 117 
112 118 
112 120 
112 123 
112 124 
112 125 
112 126 
113 114 
113 116 
113 119 
113 122 
113 125 
113 126 
114 115 
114 116 
114 117 
114 121 
114 122 
114 124 
114 125 
114 127 
115 123 
115 124 
115 125 
115 126 
116 118 
116 119 
116 120 
116 123 
116 128 
117 119 
117 120 
117 121 
117 123 
117 124 
117 125 
117 127 
117 128 
118 119 
118 120 
118 124 
118 125 
118 126 
118 128 
119 121 
119 123 
119 125 
119 126 
120 121 
120 122 
120 123 
120 124 
120 126 
120 127 
120 128 
121 122 
121 123 
121 124 
121 125 
121 126 
121 127 
122 123 
122 124 
122 125 
122 126 
123 124 
123 127 
123 128 
124 125 
125 128 
126 128 
