128 5243
1
2
3
4
5
6
7
8
9
10
11
12
13
14
15
16
17
18
19
20
21
22
23
24
25
26
27
28
29
30
31
32
33
34
35
36
37
38
39
40
41
42
43
44
45
46
47
48
49
50
51
52
53
54
55
56
57
58
59
60
61
62
63
64
65
66
67
68
69
70
71
72
73
74
75
76
77
78
79
80
81
82
83
84
85
86
87
88
89
90
91
92
93
94
95
96
97
98
99
100
101
102
103
104
105
106
107
108
109
110
111
112
113
114
115
116
117
118
119
120
121
122
123
124
125
126
127
128
1 2 
1 3 
1 6 
1 9 
1 10 
1 11 
1 13 
1 14 
1 16 
1 17 
1 18 
1 19 
1 20 
1 22 
1 24 
1 27 
1 30 
1 31 
1 32 
1 33 
1 35 
1 36 
1 37 
1 40 
1 41 
1 42 
1 43 
1 45 
1 46 
1 47 
1 48 
1 50 
1 53 
1 55 
1 56 
1 57 
1 59 
1 60 
1 61 
1 62 
1 63 
1 64 
1 66 
1 67 
1 68 
1 69 
1 71 
1 72 
1 74 
1 76 
1 77 
1 78 
1 79 
1 80 
1 81 
1 82 
1 84 
1 85 
1 86 
1 88 
1 89 
1 95 
1 97 
1 100 
1 101 
1 103 
1 104 
1 105 
1 108 
1 111 
1 113 
1 114 
1 115 
1 118 
1 121 
1 122 
1 124 
1 126 
1 127 
2 3 
2 4 
2 5 
2 6 
2 7 
2 9 
2 10 
2 11 
2 12 
2 13 
2 16 
2 17 
2 18 
2 22 
2 23 
2 25 
2 26 
2 27 
2 28 
2 29 
2 30 
2 32 
2 33 
2 35 
2 36 
2 41 
2 42 
2 44 
2 45 
2 51 
2 53 
2 54 
2 55 
2 56 
2 57 
2 58 
2 59 
2 60 
2 62 
2 66 
2 70 
2 71 
2 72 
2 73 
2 75 
2 76 
2 78 
2 79 
2 82 
2 83 
2 85 
2 86 
2 88 
2 89 
2 91 
2 92 
2 93 
2 95 
2 98 
2 99 
2 100 
2 101 
2 102 
2 103 
2 104 
2 105 
2 107 
2 108 
2 109 
2 110 
2 111 
2 112 
2 114 
2 116 
2 117 
2 118 
2 119 
2 120 
2 121 
2 122 
2 123 
2 124 
2 125 
2 126 
2 128 
3 7 
3 9 
3 11 
3 12 
3 13 
3 15 
3 19 
3 21 
3 22 
3 23 
3 24 
3 27 
3 28 
3 29 
3 31 
3 32 
3 33 
3 34 
3 35 
3 37 
3 38 
3 40 
3 41 
3 43 
3 44 
3 45 
3 47 
3 48 
3 49 
3 50 
3 53 
3 54 
3 55 
3 56 
3 57 
3 58 
3 59 
3 60 
3 61 
3 63 
3 64 
3 66 
3 67 
3 68 
3 69 
3 71 
3 72 
3 73 
3 74 
3 75 
3 76 
3 77 
3 78 
3 79 
3 80 
3 82 
3 83 
3 85 
3 86 
3 88 
3 89 
3 90 
3 91 
3 92 
3 93 
3 95 
3 96 
3 97 
3 98 
3 99 
3 101 
3 102 
3 103 
3 105 
3 106 
3 107 
3 109 
3 110 
3 113 
3 114 
3 115 
3 118 
3 119 
3 121 
3 123 
3 124 
3 125 
3 126 
3 127 
3 128 
4 5 
4 6 
4 7 
4 8 
4 9 
4 10 
4 11 
4 12 
4 15 
4 16 
4 18 
4 23 
4 26 
4 27 
4 28 
4 29 
4 31 
4 34 
4 37 
4 38 
4 40 
4 44 
4 46 
4 48 
4 50 
4 51 
4 53 
4 54 
4 55 
4 58 
4 59 
4 62 
4 63 
4 64 
4 65 
4 69 
4 71 
4 76 
4 77 
4 79 
4 82 
4 83 
4 85 
4 86 
4 87 
4 89 
4 91 
4 93 
4 95 
4 96 
4 97 
4 99 
4 100 
4 101 
4 102 
4 103 
4 104 
4 106 
4 107 
4 108 
4 109 
4 110 
4 112 
4 113 
4 114 
4 116 
4 117 
4 118 
4 119 
4 121 
4 122 
4 123 
4 124 
4 126 
4 128 
5 6 
5 7 
5 8 
5 9 
5 12 
5 13 
5 14 
5 15 
5 16 
5 18 
5 19 
5 20 
5 24 
5 26 
5 27 
5 29 
5 32 
5 33 
5 34 
5 35 
5 36 
5 38 
5 39 
5 40 
5 41 
5 42 
5 43 
5 45 
5 49 
5 50 
5 52 
5 53 
5 54 
5 55 
5 57 
5 58 
5 59 
5 61 
5 62 
5 64 
5 65 
5 67 
5 68 
5 70 
5 71 
5 72 
5 73 
5 74 
5 75 
5 76 
5 79 
5 81 
5 82 
5 84 
5 86 
5 88 
5 89 
5 90 
5 95 
5 96 
5 97 
5 98 
5 99 
5 100 
5 101 
5 105 
5 106 
5 110 
5 113 
5 115 
5 116 
5 118 
5 119 
5 120 
5 122 
5 123 
5 124 
5 126 
5 128 
6 8 
6 9 
6 10 
6 12 
6 13 
6 16 
6 17 
6 18 
6 19 
6 22 
6 23 
6 24 
6 27 
6 29 
6 32 
6 35 
6 38 
6 40 
6 41 
6 42 
6 43 
6 46 
6 48 
6 50 
6 52 
6 56 
6 57 
6 63 
6 64 
6 68 
6 69 
6 73 
6 74 
6 77 
6 80 
6 82 
6 85 
6 87 
6 88 
6 90 
6 92 
6 93 
6 95 
6 96 
6 97 
6 98 
6 99 
6 100 
6 101 
6 102 
6 104 
6 105 
6 106 
6 107 
6 110 
6 111 
6 113 
6 114 
6 118 
6 119 
6 121 
6 122 
6 124 
6 125 
6 126 
6 128 
7 10 
7 11 
7 14 
7 15 
7 16 
7 22 
7 23 
7 24 
7 25 
7 26 
7 28 
7 30 
7 31 
7 33 
7 35 
7 36 
7 39 
7 40 
7 42 
7 44 
7 45 
7 49 
7 50 
7 52 
7 55 
7 56 
7 57 
7 58 
7 59 
7 61 
7 62 
7 63 
7 68 
7 69 
7 70 
7 72 
7 74 
7 75 
7 76 
7 78 
7 79 
7 80 
7 81 
7 82 
7 83 
7 85 
7 86 
7 87 
7 88 
7 90 
7 91 
7 92 
7 95 
7 96 
7 97 
7 99 
7 100 
7 102 
7 104 
7 105 
7 109 
7 110 
7 111 
7 112 
7 115 
7 116 
7 117 
7 118 
7 119 
7 120 
7 122 
7 124 
7 125 
7 127 
7 128 
8 9 
8 10 
8 11 
8 14 
8 15 
8 16 
8 19 
8 20 
8 21 
8 22 
8 24 
8 25 
8 26 
8 27 
8 29 
8 31 
8 32 
8 33 
8 34 
8 38 
8 39 
8 42 
8 43 
8 44 
8 47 
8 48 
8 49 
8 51 
8 53 
8 56 
8 58 
8 60 
8 62 
8 63 
8 64 
8 65 
8 66 
8 67 
8 68 
8 69 
8 71 
8 76 
8 77 
8 78 
8 79 
8 81 
8 82 
8 83 
8 84 
8 85 
8 87 
8 88 
8 89 
8 90 
8 91 
8 92 
8 95 
8 96 
8 97 
8 99 
8 103 
8 106 
8 107 
8 109 
8 110 
8 111 
8 112 
8 113 
8 114 
8 115 
8 116 
8 119 
8 120 
8 121 
8 122 
8 123 
9 10 
9 11 
9 13 
9 14 
9 15 
9 17 
9 20 
9 23 
9 24 
9 26 
9 27 
9 28 
9 30 
9 31 
9 33 
9 35 
9 38 
9 39 
9 40 
9 41 
9 45 
9 46 
9 47 
9 48 
9 49 
9 50 
9 51 
9 53 
9 56 
9 59 
9 60 
9 61 
9 65 
9 66 
9 67 
9 68 
9 69 
9 70 
9 72 
9 73 
9 74 
9 76 
9 77 
9 78 
9 79 
9 80 
9 81 
9 82 
9 83 
9 84 
9 85 
9 86 
9 88 
9 89 
9 91 
9 92 
9 94 
9 95 
9 97 
9 99 
9 100 
9 102 
9 103 
9 104 
9 105 
9 106 
9 107 
9 108 
9 109 
9 112 
9 113 
9 114 
9 117 
9 118 
9 119 
9 120 
9 121 
9 122 
9 123 
9 124 
9 126 
9 127 
9 128 
10 11 
10 12 
10 13 
10 15 
10 16 
10 17 
10 18 
10 19 
10 21 
10 23 
10 24 
10 25 
10 27 
10 28 
10 29 
10 31 
10 32 
10 33 
10 34 
10 36 
10 37 
10 38 
10 39 
10 40 
10 41 
10 42 
10 45 
10 48 
10 49 
10 50 
10 51 
10 53 
10 55 
10 56 
10 57 
10 58 
10 59 
10 62 
10 64 
10 66 
10 69 
10 70 
10 71 
10 72 
10 75 
10 77 
10 78 
10 79 
10 82 
10 83 
10 84 
10 85 
10 87 
10 90 
10 93 
10 94 
10 95 
10 97 
10 100 
10 101 
10 102 
10 103 
10 105 
10 108 
10 109 
10 110 
10 111 
10 112 
10 113 
10 114 
10 116 
10 118 
10 119 
10 120 
10 121 
10 122 
10 123 
10 124 
10 125 
10 126 
11 13 
11 15 
11 16 
11 19 
11 21 
11 22 
11 23 
11 24 
11 25 
11 27 
11 28 
11 29 
11 30 
11 32 
11 33 
11 34 
11 35 
11 38 
11 39 
11 41 
11 44 
11 45 
11 46 
11 47 
11 49 
11 50 
11 51 
11 52 
11 53 
11 55 
11 56 
11 57 
11 58 
11 59 
11 60 
11 61 
11 63 
11 64 
11 66 
11 67 
11 68 
11 71 
11 73 
11 74 
11 76 
11 78 
11 79 
11 80 
11 82 
11 83 
11 84 
11 85 
11 88 
11 90 
11 91 
11 92 
11 93 
11 94 
11 95 
11 97 
11 98 
11 99 
11 103 
11 104 
11 105 
11 106 
11 107 
11 110 
11 112 
11 117 
11 118 
11 119 
11 121 
11 122 
11 124 
11 125 
11 126 
11 127 
11 128 
12 13 
12 14 
12 15 
12 19 
12 21 
12 24 
12 25 
12 29 
12 32 
12 33 
12 34 
12 35 
12 36 
12 37 
12 38 
12 39 
12 40 
12 41 
12 43 
12 44 
12 46 
12 47 
12 52 
12 53 
12 54 
12 55 
12 56 
12 57 
12 60 
12 61 
12 62 
12 64 
12 66 
12 67 
12 68 
12 69 
12 71 
12 72 
12 75 
12 76 
12 78 
12 81 
12 82 
12 86 
12 87 
12 88 
12 89 
12 91 
12 94 
12 96 
12 97 
12 98 
12 99 
12 101 
12 102 
12 103 
12 105 
12 106 
12 107 
12 108 
12 109 
12 112 
12 113 
12 115 
12 117 
12 120 
12 121 
12 125 
12 126 
12 127 
13 14 
13 16 
13 17 
13 18 
13 23 
13 24 
13 25 
13 26 
13 29 
13 30 
13 31 
13 32 
13 34 
13 35 
13 36 
13 37 
13 38 
13 40 
13 41 
13 42 
13 43 
13 44 
13 45 
13 47 
13 48 
13 49 
13 50 
13 51 
13 53 
13 54 
13 56 
13 58 
13 59 
13 60 
13 61 
13 62 
13 63 
13 65 
13 66 
13 68 
13 72 
13 74 
13 76 
13 78 
13 79 
13 82 
13 85 
13 86 
13 87 
13 88 
13 89 
13 90 
13 91 
13 92 
13 94 
13 95 
13 96 
13 97 
13 100 
13 102 
13 103 
13 105 
13 106 
13 107 
13 108 
13 109 
13 111 
13 112 
13 114 
13 116 
13 117 
13 118 
13 120 
13 122 
13 124 
13 126 
13 128 
14 17 
14 18 
14 19 
14 22 
14 23 
14 24 
14 25 
14 26 
14 27 
14 28 
14 30 
14 31 
14 32 
14 34 
14 36 
14 37 
14 38 
14 39 
14 43 
14 44 
14 45 
14 46 
14 48 
14 50 
14 54 
14 55 
14 57 
14 58 
14 60 
14 61 
14 63 
14 64 
14 65 
14 66 
14 68 
14 69 
14 71 
14 72 
14 73 
14 74 
14 75 
14 76 
14 77 
14 79 
14 80 
14 81 
14 82 
14 83 
14 84 
14 87 
14 88 
14 91 
14 92 
14 94 
14 96 
14 97 
14 98 
14 100 
14 104 
14 105 
14 107 
14 108 
14 110 
14 111 
14 112 
14 113 
14 114 
14 115 
14 116 
14 117 
14 119 
14 120 
14 121 
14 122 
14 124 
14 125 
14 126 
14 127 
14 128 
15 16 
15 18 
15 20 
15 21 
15 23 
15 25 
15 26 
15 27 
15 28 
15 30 
15 34 
15 35 
15 37 
15 38 
15 39 
15 40 
15 42 
15 44 
15 46 
15 50 
15 51 
15 52 
15 53 
15 54 
15 56 
15 57 
15 58 
15 59 
15 60 
15 61 
15 62 
15 64 
15 65 
15 66 
15 67 
15 68 
15 69 
15 71 
15 72 
15 73 
15 74 
15 76 
15 78 
15 79 
15 81 
15 82 
15 83 
15 85 
15 86 
15 87 
15 88 
15 90 
15 91 
15 92 
15 94 
15 96 
15 97 
15 98 
15 99 
15 100 
15 108 
15 110 
15 111 
15 114 
15 119 
15 122 
15 123 
15 124 
15 125 
15 127 
16 18 
16 19 
16 20 
16 21 
16 22 
16 24 
16 25 
16 27 
16 28 
16 30 
16 33 
16 34 
16 36 
16 37 
16 40 
16 41 
16 42 
16 45 
16 48 
16 49 
16 50 
16 51 
16 53 
16 54 
16 55 
16 56 
16 57 
16 61 
16 62 
16 64 
16 65 
16 66 
16 67 
16 69 
16 70 
16 71 
16 74 
16 78 
16 79 
16 80 
16 81 
16 82 
16 83 
16 84 
16 86 
16 88 
16 89 
16 90 
16 92 
16 93 
16 95 
16 97 
16 100 
16 101 
16 102 
16 103 
16 104 
16 105 
16 109 
16 111 
16 112 
16 115 
16 116 
16 117 
16 119 
16 120 
16 122 
16 124 
16 125 
16 126 
16 127 
17 20 
17 23 
17 25 
17 26 
17 28 
17 29 
17 30 
17 31 
17 32 
17 35 
17 37 
17 42 
17 45 
17 46 
17 47 
17 49 
17 51 
17 52 
17 53 
17 54 
17 55 
17 58 
17 59 
17 61 
17 64 
17 66 
17 67 
17 68 
17 70 
17 71 
17 72 
17 74 
17 75 
17 76 
17 78 
17 79 
17 82 
17 84 
17 85 
17 89 
17 90 
17 91 
17 92 
17 96 
17 97 
17 100 
17 101 
17 102 
17 103 
17 104 
17 106 
17 107 
17 109 
17 110 
17 111 
17 112 
17 115 
17 116 
17 117 
17 118 
17 119 
17 122 
17 123 
17 124 
17 126 
17 127 
17 128 
18 19 
18 20 
18 22 
18 23 
18 25 
18 26 
18 27 
18 30 
18 31 
18 33 
18 34 
18 36 
18 37 
18 39 
18 45 
18 47 
18 48 
18 51 
18 52 
18 53 
18 54 
18 57 
18 59 
18 61 
18 62 
18 63 
18 66 
18 68 
18 70 
18 71 
18 73 
18 74 
18 75 
18 76 
18 77 
18 78 
18 79 
18 80 
18 81 
18 83 
18 86 
18 87 
18 88 
18 91 
18 92 
18 93 
18 94 
18 95 
18 96 
18 97 
18 98 
18 99 
18 102 
18 104 
18 105 
18 106 
18 108 
18 109 
18 110 
18 111 
18 112 
18 113 
18 114 
18 115 
18 117 
18 118 
18 119 
18 120 
18 121 
18 122 
18 123 
18 125 
18 127 
18 128 
19 21 
19 22 
19 23 
19 25 
19 27 
19 28 
19 30 
19 32 
19 33 
19 34 
19 35 
19 38 
19 39 
19 40 
19 41 
19 42 
19 43 
19 45 
19 46 
19 47 
19 49 
19 51 
19 52 
19 54 
19 55 
19 56 
19 58 
19 59 
19 60 
19 61 
19 64 
19 65 
19 69 
19 70 
19 71 
19 73 
19 74 
19 75 
19 76 
19 77 
19 78 
19 79 
19 81 
19 82 
19 84 
19 85 
19 89 
19 90 
19 91 
19 92 
19 94 
19 95 
19 99 
19 100 
19 101 
19 103 
19 104 
19 105 
19 107 
19 111 
19 112 
19 114 
19 115 
19 116 
19 117 
19 118 
19 119 
19 120 
19 124 
19 125 
19 126 
19 127 
20 21 
20 23 
20 24 
20 25 
20 26 
20 27 
20 28 
20 29 
20 31 
20 33 
20 34 
20 37 
20 38 
20 40 
20 44 
20 46 
20 47 
20 48 
20 49 
20 51 
20 55 
20 56 
20 58 
20 59 
20 60 
20 62 
20 63 
20 65 
20 66 
20 67 
20 69 
20 71 
20 72 
20 73 
20 76 
20 78 
20 79 
20 80 
20 81 
20 82 
20 83 
20 86 
20 87 
20 89 
20 90 
20 92 
20 93 
20 94 
20 95 
20 97 
20 98 
20 101 
20 103 
20 104 
20 105 
20 107 
20 108 
20 109 
20 110 
20 111 
20 114 
20 115 
20 116 
20 117 
20 118 
20 121 
20 122 
20 123 
20 124 
20 126 
20 128 
21 23 
21 27 
21 29 
21 31 
21 34 
21 36 
21 38 
21 41 
21 42 
21 43 
21 44 
21 45 
21 46 
21 47 
21 50 
21 51 
21 52 
21 54 
21 55 
21 57 
21 58 
21 60 
21 61 
21 62 
21 64 
21 67 
21 68 
21 70 
21 72 
21 73 
21 74 
21 75 
21 76 
21 77 
21 79 
21 80 
21 81 
21 82 
21 84 
21 86 
21 89 
21 93 
21 94 
21 95 
21 96 
21 99 
21 100 
21 101 
21 104 
21 109 
21 110 
21 111 
21 112 
21 117 
21 118 
21 120 
21 121 
21 122 
21 124 
21 125 
21 127 
22 25 
22 30 
22 31 
22 32 
22 33 
22 36 
22 37 
22 38 
22 39 
22 41 
22 43 
22 44 
22 46 
22 50 
22 51 
22 52 
22 55 
22 58 
22 60 
22 64 
22 65 
22 67 
22 70 
22 71 
22 72 
22 73 
22 76 
22 77 
22 79 
22 80 
22 81 
22 82 
22 83 
22 84 
22 85 
22 86 
22 87 
22 88 
22 89 
22 90 
22 91 
22 97 
22 98 
22 99 
22 100 
22 105 
22 106 
22 107 
22 108 
22 109 
22 112 
22 114 
22 115 
22 116 
22 119 
22 120 
22 121 
22 122 
22 123 
22 124 
22 126 
22 127 
23 24 
23 25 
23 29 
23 30 
23 31 
23 32 
23 33 
23 34 
23 35 
23 36 
23 38 
23 40 
23 41 
23 42 
23 43 
23 44 
23 46 
23 47 
23 48 
23 49 
23 50 
23 51 
23 54 
23 55 
23 58 
23 60 
23 61 
23 67 
23 69 
23 72 
23 74 
23 76 
23 77 
23 78 
23 79 
23 83 
23 84 
23 85 
23 86 
23 87 
23 92 
23 93 
23 94 
23 95 
23 97 
23 98 
23 101 
23 102 
23 104 
23 105 
23 107 
23 108 
23 110 
23 111 
23 116 
23 118 
23 120 
23 121 
23 122 
23 123 
23 124 
23 125 
23 126 
23 127 
23 128 
24 25 
24 26 
24 27 
24 29 
24 30 
24 31 
24 32 
24 34 
24 35 
24 37 
24 39 
24 41 
24 43 
24 45 
24 46 
24 47 
24 50 
24 54 
24 55 
24 56 
24 57 
24 59 
24 60 
24 62 
24 63 
24 64 
24 67 
24 68 
24 69 
24 72 
24 75 
24 78 
24 79 
24 83 
24 85 
24 86 
24 87 
24 90 
24 91 
24 94 
24 95 
24 96 
24 99 
24 100 
24 103 
24 104 
24 105 
24 107 
24 109 
24 110 
24 111 
24 112 
24 114 
24 117 
24 119 
24 123 
24 127 
24 128 
25 26 
25 27 
25 28 
25 29 
25 30 
25 32 
25 33 
25 36 
25 38 
25 42 
25 43 
25 44 
25 45 
25 48 
25 50 
25 51 
25 55 
25 56 
25 57 
25 58 
25 60 
25 61 
25 62 
25 63 
25 65 
25 69 
25 70 
25 71 
25 72 
25 74 
25 75 
25 76 
25 77 
25 79 
25 81 
25 82 
25 83 
25 84 
25 85 
25 86 
25 87 
25 89 
25 90 
25 92 
25 93 
25 95 
25 96 
25 99 
25 100 
25 104 
25 105 
25 106 
25 107 
25 110 
25 115 
25 117 
25 118 
25 121 
25 122 
25 124 
25 125 
25 126 
25 127 
26 28 
26 29 
26 31 
26 32 
26 34 
26 35 
26 36 
26 37 
26 38 
26 39 
26 42 
26 43 
26 45 
26 46 
26 47 
26 52 
26 53 
26 55 
26 56 
26 60 
26 62 
26 63 
26 64 
26 65 
26 66 
26 68 
26 69 
26 70 
26 71 
26 72 
26 73 
26 74 
26 77 
26 78 
26 79 
26 80 
26 81 
26 82 
26 85 
26 86 
26 87 
26 90 
26 91 
26 92 
26 95 
26 98 
26 99 
26 101 
26 102 
26 104 
26 105 
26 107 
26 108 
26 109 
26 113 
26 116 
26 118 
26 120 
26 121 
26 122 
26 123 
26 125 
26 126 
26 128 
27 28 
27 29 
27 31 
27 32 
27 33 
27 34 
27 35 
27 36 
27 37 
27 39 
27 43 
27 44 
27 45 
27 46 
27 47 
27 48 
27 49 
27 51 
27 52 
27 54 
27 56 
27 57 
27 58 
27 61 
27 62 
27 63 
27 64 
27 65 
27 68 
27 69 
27 72 
27 73 
27 75 
27 76 
27 78 
27 79 
27 80 
27 82 
27 83 
27 84 
27 86 
27 88 
27 90 
27 91 
27 92 
27 93 
27 94 
27 95 
27 97 
27 98 
27 100 
27 101 
27 104 
27 105 
27 106 
27 107 
27 109 
27 110 
27 114 
27 115 
27 116 
27 118 
27 121 
27 122 
27 123 
27 125 
27 127 
27 128 
28 30 
28 33 
28 34 
28 35 
28 36 
28 37 
28 38 
28 39 
28 41 
28 42 
28 43 
28 45 
28 46 
28 47 
28 48 
28 52 
28 53 
28 54 
28 56 
28 58 
28 59 
28 60 
28 61 
28 62 
28 63 
28 65 
28 66 
28 69 
28 70 
28 71 
28 73 
28 74 
28 75 
28 76 
28 77 
28 79 
28 80 
28 82 
28 83 
28 84 
28 85 
28 86 
28 87 
28 88 
28 89 
28 90 
28 92 
28 94 
28 95 
28 96 
28 98 
28 101 
28 102 
28 104 
28 108 
28 110 
28 111 
28 113 
28 115 
28 116 
28 117 
28 118 
28 119 
28 120 
28 121 
28 122 
28 126 
28 127 
29 30 
29 31 
29 32 
29 35 
29 36 
29 38 
29 39 
29 41 
29 42 
29 44 
29 46 
29 47 
29 48 
29 49 
29 50 
29 52 
29 53 
29 56 
29 57 
29 62 
29 64 
29 66 
29 67 
29 69 
29 70 
29 71 
29 72 
29 74 
29 75 
29 76 
29 77 
29 78 
29 79 
29 81 
29 82 
29 83 
29 84 
29 87 
29 88 
29 89 
29 90 
29 91 
29 92 
29 95 
29 97 
29 98 
29 99 
29 100 
29 101 
29 102 
29 103 
29 106 
29 107 
29 109 
29 110 
29 111 
29 112 
29 113 
29 115 
29 116 
29 117 
29 118 
29 119 
29 121 
29 123 
29 125 
29 126 
29 127 
30 32 
30 33 
30 34 
30 36 
30 38 
30 39 
30 40 
30 43 
30 44 
30 45 
30 46 
30 48 
30 49 
30 50 
30 52 
30 54 
30 55 
30 57 
30 59 
30 60 
30 62 
30 63 
30 66 
30 69 
30 70 
30 71 
30 73 
30 77 
30 79 
30 80 
30 81 
30 82 
30 83 
30 86 
30 89 
30 91 
30 92 
30 93 
30 95 
30 97 
30 100 
30 101 
30 102 
30 103 
30 106 
30 107 
30 109 
30 115 
30 116 
30 117 
30 118 
30 119 
30 120 
30 122 
30 123 
30 125 
30 126 
30 127 
30 128 
31 32 
31 34 
31 35 
31 36 
31 37 
31 38 
31 39 
31 40 
31 42 
31 44 
31 46 
31 47 
31 48 
31 49 
31 51 
31 52 
31 55 
31 56 
31 58 
31 59 
31 60 
31 61 
31 62 
31 63 
31 64 
31 65 
31 68 
31 69 
31 71 
31 72 
31 73 
31 74 
31 75 
31 78 
31 79 
31 80 
31 81 
31 82 
31 83 
31 84 
31 85 
31 86 
31 87 
31 88 
31 90 
31 91 
31 92 
31 93 
31 94 
31 95 
31 98 
31 101 
31 102 
31 103 
31 104 
31 105 
31 106 
31 107 
31 108 
31 110 
31 111 
31 113 
31 115 
31 116 
31 117 
31 118 
31 119 
31 122 
31 123 
31 124 
31 126 
31 127 
32 33 
32 36 
32 37 
32 38 
32 39 
32 40 
32 46 
32 47 
32 48 
32 49 
32 50 
32 52 
32 54 
32 55 
32 57 
32 58 
32 59 
32 60 
32 63 
32 66 
32 67 
32 68 
32 69 
32 70 
32 72 
32 73 
32 74 
32 75 
32 77 
32 78 
32 79 
32 80 
32 81 
32 82 
32 83 
32 84 
32 85 
32 87 
32 89 
32 91 
32 92 
32 94 
32 96 
32 98 
32 99 
32 100 
32 101 
32 102 
32 104 
32 105 
32 106 
32 107 
32 108 
32 109 
32 111 
32 112 
32 113 
32 114 
32 117 
32 118 
32 119 
32 120 
32 121 
32 122 
32 124 
32 125 
32 127 
33 36 
33 37 
33 39 
33 40 
33 41 
33 42 
33 43 
33 45 
33 49 
33 50 
33 51 
33 52 
33 53 
33 54 
33 56 
33 58 
33 59 
33 62 
33 63 
33 66 
33 71 
33 73 
33 74 
33 75 
33 76 
33 77 
33 78 
33 79 
33 83 
33 84 
33 87 
33 88 
33 89 
33 90 
33 91 
33 94 
33 95 
33 97 
33 98 
33 100 
33 101 
33 103 
33 104 
33 105 
33 106 
33 109 
33 111 
33 112 
33 113 
33 114 
33 116 
33 117 
33 119 
33 120 
33 121 
33 122 
33 123 
33 127 
33 128 
34 35 
34 36 
34 37 
34 39 
34 43 
34 45 
34 46 
34 47 
34 48 
34 49 
34 50 
34 51 
34 53 
34 54 
34 55 
34 57 
34 59 
34 60 
34 63 
34 64 
34 66 
34 67 
34 68 
34 69 
34 71 
34 72 
34 74 
34 75 
34 76 
34 78 
34 79 
34 81 
34 82 
34 83 
34 84 
34 85 
34 86 
34 87 
34 88 
34 89 
34 90 
34 94 
34 95 
34 96 
34 97 
34 99 
34 104 
34 105 
34 106 
34 108 
34 111 
34 112 
34 116 
34 117 
34 118 
34 120 
34 121 
34 123 
34 124 
34 125 
34 126 
34 127 
35 38 
35 39 
35 40 
35 41 
35 42 
35 43 
35 45 
35 46 
35 47 
35 48 
35 49 
35 51 
35 53 
35 54 
35 55 
35 56 
35 57 
35 59 
35 62 
35 65 
35 66 
35 67 
35 69 
35 70 
35 73 
35 74 
35 76 
35 79 
35 80 
35 81 
35 82 
35 83 
35 85 
35 86 
35 87 
35 88 
35 91 
35 92 
35 94 
35 99 
35 103 
35 104 
35 109 
35 110 
35 111 
35 112 
35 113 
35 114 
35 115 
35 117 
35 119 
35 120 
35 121 
35 123 
35 124 
35 125 
36 40 
36 41 
36 42 
36 43 
36 44 
36 45 
36 47 
36 48 
36 50 
36 53 
36 55 
36 56 
36 59 
36 60 
36 62 
36 63 
36 64 
36 65 
36 66 
36 67 
36 70 
36 72 
36 73 
36 75 
36 77 
36 82 
36 84 
36 85 
36 86 
36 89 
36 91 
36 92 
36 96 
36 97 
36 102 
36 104 
36 109 
36 112 
36 113 
36 115 
36 117 
36 118 
36 119 
36 120 
36 121 
36 122 
36 123 
36 124 
36 126 
37 38 
37 40 
37 42 
37 43 
37 44 
37 45 
37 46 
37 47 
37 48 
37 49 
37 51 
37 54 
37 55 
37 56 
37 61 
37 65 
37 68 
37 69 
37 71 
37 72 
37 73 
37 76 
37 77 
37 79 
37 81 
37 82 
37 83 
37 84 
37 85 
37 87 
37 89 
37 90 
37 91 
37 95 
37 96 
37 97 
37 98 
37 99 
37 100 
37 101 
37 103 
37 104 
37 106 
37 107 
37 110 
37 111 
37 112 
37 113 
37 114 
37 116 
37 117 
37 120 
37 122 
37 123 
37 125 
38 39 
38 40 
38 41 
38 42 
38 43 
38 44 
38 45 
38 47 
38 48 
38 49 
38 50 
38 52 
38 55 
38 56 
38 59 
38 60 
38 61 
38 63 
38 64 
38 65 
38 66 
38 67 
38 68 
38 69 
38 70 
38 71 
38 72 
38 73 
38 74 
38 75 
38 76 
38 77 
38 81 
38 82 
38 83 
38 84 
38 85 
38 86 
38 88 
38 89 
38 90 
38 91 
38 92 
38 93 
38 94 
38 96 
38 98 
38 100 
38 101 
38 103 
38 104 
38 109 
38 110 
38 111 
38 112 
38 113 
38 114 
38 116 
38 118 
38 119 
38 120 
38 122 
38 123 
38 125 
38 126 
38 128 
39 40 
39 41 
39 42 
39 43 
39 44 
39 45 
39 46 
39 47 
39 49 
39 50 
39 51 
39 52 
39 56 
39 57 
39 58 
39 60 
39 63 
39 65 
39 67 
39 68 
39 69 
39 70 
39 71 
39 72 
39 75 
39 76 
39 78 
39 79 
39 80 
39 81 
39 82 
39 83 
39 84 
39 86 
39 87 
39 88 
39 90 
39 93 
39 94 
39 95 
39 96 
39 100 
39 101 
39 102 
39 103 
39 104 
39 105 
39 106 
39 107 
39 108 
39 109 
39 110 
39 112 
39 113 
39 114 
39 116 
39 117 
39 118 
39 119 
39 120 
39 123 
39 124 
39 127 
39 128 
40 41 
40 42 
40 43 
40 44 
40 45 
40 46 
40 47 
40 48 
40 52 
40 53 
40 55 
40 56 
40 58 
40 61 
40 62 
40 63 
40 65 
40 66 
40 68 
40 69 
40 70 
40 72 
40 73 
40 75 
40 77 
40 79 
40 80 
40 81 
40 82 
40 84 
40 85 
40 87 
40 88 
40 89 
40 90 
40 92 
40 93 
40 95 
40 96 
40 97 
40 98 
40 102 
40 104 
40 105 
40 106 
40 107 
40 108 
40 109 
40 110 
40 114 
40 115 
40 116 
40 119 
40 122 
40 123 
40 124 
40 126 
40 127 
41 42 
41 43 
41 45 
41 48 
41 49 
41 50 
41 51 
41 52 
41 54 
41 56 
41 57 
41 58 
41 61 
41 62 
41 63 
41 64 
41 65 
41 66 
41 67 
41 69 
41 70 
41 72 
41 73 
41 74 
41 75 
41 76 
41 77 
41 78 
41 82 
41 84 
41 85 
41 86 
41 87 
41 89 
41 90 
41 91 
41 93 
41 94 
41 96 
41 98 
41 99 
41 101 
41 102 
41 103 
41 104 
41 106 
41 110 
41 111 
41 112 
41 113 
41 114 
41 115 
41 116 
41 117 
41 119 
41 120 
41 121 
41 123 
41 124 
41 125 
41 126 
41 127 
41 128 
42 43 
42 44 
42 45 
42 46 
42 47 
42 48 
42 50 
42 51 
42 53 
42 54 
42 55 
42 58 
42 60 
42 64 
42 65 
42 66 
42 67 
42 68 
42 73 
42 74 
42 75 
42 77 
42 78 
42 79 
42 80 
42 81 
42 84 
42 87 
42 89 
42 90 
42 92 
42 94 
42 98 
42 99 
42 101 
42 102 
42 103 
42 104 
42 105 
42 106 
42 108 
42 109 
42 110 
42 113 
42 115 
42 117 
42 118 
42 122 
42 124 
42 125 
42 126 
42 127 
42 128 
43 45 
43 49 
43 51 
43 52 
43 53 
43 55 
43 58 
43 59 
43 60 
43 61 
43 63 
43 64 
43 65 
43 66 
43 67 
43 69 
43 71 
43 73 
43 76 
43 77 
43 78 
43 80 
43 82 
43 83 
43 84 
43 86 
43 87 
43 88 
43 89 
43 93 
43 96 
43 97 
43 98 
43 99 
43 104 
43 105 
43 106 
43 107 
43 110 
43 111 
43 112 
43 113 
43 114 
43 115 
43 117 
43 118 
43 120 
43 123 
43 124 
43 126 
43 127 
43 128 
44 47 
44 48 
44 50 
44 53 
44 54 
44 56 
44 57 
44 58 
44 62 
44 65 
44 69 
44 71 
44 72 
44 73 
44 74 
44 75 
44 78 
44 80 
44 82 
44 83 
44 88 
44 89 
44 91 
44 92 
44 94 
44 96 
44 97 
44 99 
44 100 
44 102 
44 103 
44 104 
44 105 
44 107 
44 108 
44 110 
44 111 
44 112 
44 113 
44 115 
44 117 
44 118 
44 119 
44 120 
44 121 
44 122 
44 124 
44 126 
44 127 
44 128 
45 46 
45 47 
45 48 
45 49 
45 52 
45 53 
45 57 
45 58 
45 59 
45 60 
45 61 
45 62 
45 63 
45 64 
45 66 
45 67 
45 68 
45 70 
45 72 
45 73 
45 79 
45 80 
45 82 
45 85 
45 86 
45 87 
45 88 
45 89 
45 91 
45 92 
45 93 
45 95 
45 96 
45 98 
45 100 
45 101 
45 103 
45 104 
45 107 
45 108 
45 111 
45 113 
45 115 
45 117 
45 119 
45 121 
45 122 
45 123 
45 124 
45 125 
45 126 
45 127 
46 47 
46 48 
46 49 
46 50 
46 51 
46 52 
46 53 
46 54 
46 59 
46 60 
46 61 
46 62 
46 63 
46 64 
46 65 
46 67 
46 68 
46 69 
46 70 
46 71 
46 75 
46 77 
46 78 
46 79 
46 80 
46 84 
46 85 
46 86 
46 88 
46 89 
46 90 
46 91 
46 93 
46 95 
46 96 
46 97 
46 98 
46 99 
46 101 
46 103 
46 104 
46 105 
46 109 
46 111 
46 112 
46 113 
46 114 
46 115 
46 118 
46 119 
46 121 
46 123 
46 124 
46 125 
46 127 
47 48 
47 49 
47 50 
47 51 
47 52 
47 53 
47 54 
47 55 
47 56 
47 57 
47 58 
47 60 
47 61 
47 62 
47 63 
47 64 
47 67 
47 68 
47 70 
47 71 
47 73 
47 74 
47 75 
47 77 
47 78 
47 81 
47 82 
47 83 
47 85 
47 89 
47 90 
47 94 
47 96 
47 97 
47 98 
47 101 
47 102 
47 103 
47 104 
47 105 
47 106 
47 107 
47 109 
47 111 
47 112 
47 113 
47 115 
47 116 
47 117 
47 119 
47 120 
47 122 
47 123 
47 124 
47 125 
47 127 
47 128 
48 49 
48 50 
48 51 
48 52 
48 53 
48 54 
48 58 
48 60 
48 61 
48 62 
48 66 
48 67 
48 68 
48 70 
48 72 
48 73 
48 75 
48 76 
48 77 
48 78 
48 79 
48 81 
48 82 
48 83 
48 84 
48 85 
48 87 
48 88 
48 89 
48 90 
48 92 
48 93 
48 95 
48 96 
48 97 
48 98 
48 99 
48 100 
48 101 
48 102 
48 104 
48 105 
48 106 
48 107 
48 108 
48 111 
48 112 
48 113 
48 114 
48 115 
48 116 
48 117 
48 118 
48 119 
48 122 
48 123 
48 124 
48 125 
48 126 
48 127 
48 128 
49 50 
49 51 
49 52 
49 57 
49 59 
49 60 
49 61 
49 62 
49 63 
49 64 
49 66 
49 67 
49 68 
49 69 
49 71 
49 72 
49 73 
49 74 
49 75 
49 76 
49 77 
49 78 
49 80 
49 81 
49 82 
49 83 
49 84 
49 85 
49 86 
49 88 
49 89 
49 90 
49 91 
49 92 
49 93 
49 94 
49 95 
49 97 
49 98 
49 99 
49 100 
49 101 
49 104 
49 105 
49 107 
49 108 
49 109 
49 111 
49 112 
49 113 
49 114 
49 115 
49 117 
49 120 
49 121 
49 122 
49 124 
49 125 
49 126 
49 127 
49 128 
50 52 
50 53 
50 54 
50 55 
50 56 
50 59 
50 61 
50 62 
50 63 
50 65 
50 67 
50 68 
50 71 
50 72 
50 73 
50 74 
50 76 
50 79 
50 80 
50 81 
50 82 
50 83 
50 84 
50 85 
50 86 
50 88 
50 90 
50 93 
50 94 
50 95 
50 98 
50 99 
50 102 
50 104 
50 105 
50 108 
50 109 
50 110 
50 113 
50 115 
50 116 
50 121 
50 122 
50 125 
50 128 
51 52 
51 55 
51 56 
51 57 
51 58 
51 59 
51 60 
51 61 
51 62 
51 63 
51 66 
51 67 
51 69 
51 71 
51 72 
51 74 
51 75 
51 76 
51 77 
51 78 
51 80 
51 82 
51 84 
51 85 
51 90 
51 91 
51 92 
51 93 
51 94 
51 95 
51 96 
51 97 
51 98 
51 99 
51 100 
51 102 
51 103 
51 104 
51 105 
51 106 
51 111 
51 112 
51 115 
51 116 
51 117 
51 123 
51 124 
51 125 
51 126 
51 128 
52 53 
52 55 
52 56 
52 59 
52 60 
52 61 
52 62 
52 65 
52 68 
52 69 
52 73 
52 74 
52 76 
52 78 
52 80 
52 81 
52 82 
52 83 
52 85 
52 86 
52 87 
52 89 
52 90 
52 91 
52 92 
52 94 
52 95 
52 96 
52 97 
52 98 
52 100 
52 101 
52 103 
52 104 
52 105 
52 106 
52 109 
52 111 
52 112 
52 113 
52 115 
52 118 
52 119 
52 120 
52 122 
52 123 
52 124 
52 126 
52 128 
53 54 
53 55 
53 56 
53 57 
53 59 
53 60 
53 62 
53 63 
53 64 
53 66 
53 67 
53 69 
53 70 
53 72 
53 73 
53 74 
53 75 
53 76 
53 77 
53 82 
53 84 
53 85 
53 86 
53 87 
53 88 
53 89 
53 90 
53 91 
53 93 
53 94 
53 96 
53 98 
53 99 
53 102 
53 104 
53 107 
53 108 
53 109 
53 110 
53 111 
53 112 
53 115 
53 117 
53 118 
53 120 
53 121 
53 122 
53 123 
53 125 
53 127 
54 55 
54 56 
54 57 
54 58 
54 60 
54 61 
54 62 
54 64 
54 69 
54 70 
54 72 
54 76 
54 78 
54 81 
54 83 
54 84 
54 85 
54 86 
54 87 
54 88 
54 90 
54 92 
54 93 
54 96 
54 97 
54 98 
54 99 
54 100 
54 101 
54 103 
54 104 
54 105 
54 107 
54 108 
54 109 
54 110 
54 111 
54 112 
54 113 
54 115 
54 116 
54 118 
54 120 
54 121 
54 122 
54 125 
54 128 
55 56 
55 57 
55 58 
55 59 
55 61 
55 63 
55 64 
55 65 
55 66 
55 67 
55 71 
55 72 
55 75 
55 76 
55 80 
55 81 
55 83 
55 84 
55 85 
55 86 
55 89 
55 90 
55 91 
55 94 
55 95 
55 100 
55 102 
55 103 
55 106 
55 107 
55 108 
55 109 
55 111 
55 112 
55 114 
55 115 
55 116 
55 117 
55 119 
55 120 
55 123 
55 124 
55 125 
55 127 
56 57 
56 60 
56 61 
56 62 
56 64 
56 65 
56 66 
56 68 
56 69 
56 70 
56 72 
56 74 
56 75 
56 76 
56 77 
56 78 
56 79 
56 80 
56 81 
56 83 
56 85 
56 88 
56 89 
56 90 
56 91 
56 92 
56 93 
56 95 
56 97 
56 98 
56 100 
56 101 
56 104 
56 107 
56 108 
56 110 
56 114 
56 116 
56 118 
56 121 
56 122 
56 123 
56 124 
56 125 
56 126 
56 127 
57 59 
57 60 
57 61 
57 62 
57 64 
57 66 
57 67 
57 68 
57 70 
57 73 
57 77 
57 78 
57 79 
57 80 
57 81 
57 83 
57 84 
57 85 
57 86 
57 87 
57 88 
57 89 
57 91 
57 92 
57 93 
57 94 
57 95 
57 96 
57 97 
57 98 
57 99 
57 100 
57 101 
57 102 
57 103 
57 104 
57 105 
57 106 
57 110 
57 111 
57 112 
57 113 
57 116 
57 117 
57 119 
57 121 
57 122 
57 123 
57 124 
57 125 
57 126 
58 59 
58 60 
58 62 
58 63 
58 64 
58 66 
58 68 
58 69 
58 70 
58 71 
58 72 
58 74 
58 75 
58 76 
58 77 
58 78 
58 79 
58 80 
58 82 
58 84 
58 86 
58 88 
58 91 
58 92 
58 94 
58 95 
58 96 
58 97 
58 99 
58 100 
58 101 
58 108 
58 109 
58 112 
58 114 
58 117 
58 118 
58 120 
58 121 
58 122 
58 123 
58 124 
58 125 
58 126 
58 127 
58 128 
59 60 
59 61 
59 66 
59 67 
59 68 
59 69 
59 70 
59 72 
59 75 
59 76 
59 77 
59 78 
59 79 
59 80 
59 81 
59 83 
59 84 
59 85 
59 89 
59 90 
59 93 
59 94 
59 95 
59 96 
59 97 
59 99 
59 100 
59 101 
59 106 
59 107 
59 108 
59 110 
59 113 
59 114 
59 115 
59 117 
59 118 
59 119 
59 120 
59 121 
59 123 
59 125 
59 127 
59 128 
60 61 
60 62 
60 64 
60 65 
60 66 
60 68 
60 69 
60 70 
60 71 
60 73 
60 76 
60 77 
60 78 
60 80 
60 81 
60 82 
60 85 
60 86 
60 88 
60 91 
60 94 
60 95 
60 97 
60 98 
60 99 
60 100 
60 101 
60 102 
60 104 
60 105 
60 107 
60 108 
60 110 
60 111 
60 112 
60 115 
60 116 
60 118 
60 119 
60 120 
60 123 
60 126 
61 63 
61 64 
61 66 
61 68 
61 70 
61 73 
61 74 
61 75 
61 77 
61 78 
61 80 
61 81 
61 82 
61 83 
61 85 
61 88 
61 89 
61 93 
61 95 
61 96 
61 97 
61 99 
61 100 
61 102 
61 103 
61 104 
61 105 
61 109 
61 111 
61 112 
61 113 
61 114 
61 115 
61 116 
61 117 
61 119 
61 123 
61 124 
61 125 
61 126 
61 127 
61 128 
62 63 
62 66 
62 71 
62 72 
62 73 
62 75 
62 77 
62 78 
62 79 
62 80 
62 84 
62 85 
62 86 
62 87 
62 88 
62 89 
62 90 
62 91 
62 92 
62 93 
62 94 
62 96 
62 99 
62 101 
62 103 
62 104 
62 105 
62 106 
62 107 
62 108 
62 109 
62 111 
62 112 
62 116 
62 117 
62 119 
62 122 
62 123 
62 124 
62 127 
62 128 
63 65 
63 68 
63 69 
63 71 
63 72 
63 73 
63 74 
63 75 
63 76 
63 79 
63 81 
63 83 
63 84 
63 87 
63 88 
63 89 
63 90 
63 94 
63 95 
63 96 
63 97 
63 99 
63 101 
63 103 
63 104 
63 105 
63 113 
63 114 
63 116 
63 119 
63 121 
63 123 
63 124 
63 125 
63 126 
63 127 
64 65 
64 66 
64 67 
64 68 
64 69 
64 70 
64 73 
64 75 
64 77 
64 78 
64 81 
64 82 
64 83 
64 84 
64 86 
64 88 
64 89 
64 90 
64 93 
64 94 
64 97 
64 98 
64 99 
64 101 
64 105 
64 107 
64 109 
64 110 
64 111 
64 113 
64 114 
64 119 
64 120 
64 122 
64 123 
64 124 
64 125 
64 126 
64 127 
64 128 
65 67 
65 68 
65 69 
65 70 
65 71 
65 74 
65 76 
65 77 
65 78 
65 79 
65 83 
65 85 
65 87 
65 88 
65 90 
65 91 
65 92 
65 93 
65 95 
65 96 
65 98 
65 99 
65 100 
65 101 
65 103 
65 106 
65 109 
65 110 
65 112 
65 114 
65 115 
65 116 
65 117 
65 119 
65 120 
65 124 
65 125 
65 126 
65 127 
65 128 
66 69 
66 70 
66 71 
66 72 
66 73 
66 75 
66 76 
66 77 
66 78 
66 79 
66 82 
66 84 
66 85 
66 86 
66 87 
66 88 
66 89 
66 90 
66 93 
66 94 
66 95 
66 97 
66 98 
66 99 
66 101 
66 104 
66 106 
66 107 
66 108 
66 110 
66 111 
66 112 
66 113 
66 116 
66 117 
66 118 
66 123 
66 124 
66 125 
66 126 
66 127 
67 68 
67 69 
67 70 
67 71 
67 72 
67 73 
67 74 
67 75 
67 76 
67 77 
67 78 
67 79 
67 81 
67 83 
67 84 
67 86 
67 87 
67 88 
67 89 
67 91 
67 94 
67 95 
67 98 
67 100 
67 101 
67 103 
67 104 
67 105 
67 106 
67 109 
67 110 
67 112 
67 113 
67 115 
67 116 
67 119 
67 120 
67 121 
67 125 
67 126 
67 127 
68 72 
68 73 
68 79 
68 80 
68 81 
68 82 
68 83 
68 85 
68 86 
68 87 
68 88 
68 90 
68 91 
68 92 
68 94 
68 95 
68 99 
68 100 
68 101 
68 102 
68 103 
68 104 
68 105 
68 106 
68 109 
68 113 
68 115 
68 116 
68 117 
68 118 
68 119 
68 120 
68 121 
68 122 
68 123 
68 124 
68 126 
68 127 
69 70 
69 71 
69 72 
69 73 
69 77 
69 78 
69 79 
69 80 
69 82 
69 84 
69 85 
69 89 
69 92 
69 93 
69 94 
69 95 
69 96 
69 99 
69 101 
69 102 
69 105 
69 106 
69 107 
69 109 
69 112 
69 113 
69 114 
69 115 
69 116 
69 117 
69 119 
69 120 
69 121 
69 124 
69 128 
70 71 
70 73 
70 74 
70 75 
70 77 
70 79 
70 80 
70 81 
70 84 
70 86 
70 87 
70 88 
70 89 
70 90 
70 94 
70 95 
70 97 
70 98 
70 100 
70 101 
70 102 
70 103 
70 104 
70 106 
70 107 
70 109 
70 110 
70 112 
70 113 
70 115 
70 116 
70 118 
70 119 
70 121 
70 122 
70 123 
70 124 
70 125 
70 127 
70 128 
71 73 
71 74 
71 75 
71 76 
71 79 
71 80 
71 81 
71 82 
71 84 
71 85 
71 86 
71 87 
71 89 
71 90 
71 91 
71 94 
71 96 
71 97 
71 98 
71 102 
71 104 
71 105 
71 106 
71 110 
71 111 
71 112 
71 113 
71 114 
71 115 
71 116 
71 117 
71 118 
71 119 
71 120 
71 122 
71 126 
71 128 
72 73 
72 74 
72 75 
72 76 
72 77 
72 81 
72 82 
72 84 
72 86 
72 87 
72 88 
72 89 
72 90 
72 92 
72 93 
72 94 
72 96 
72 99 
72 100 
72 101 
72 102 
72 103 
72 105 
72 106 
72 107 
72 108 
72 109 
72 110 
72 111 
72 112 
72 113 
72 114 
72 116 
72 117 
72 118 
72 120 
72 121 
72 122 
72 124 
72 126 
72 127 
72 128 
73 74 
73 75 
73 79 
73 81 
73 82 
73 84 
73 88 
73 91 
73 93 
73 95 
73 96 
73 97 
73 98 
73 99 
73 100 
73 101 
73 102 
73 103 
73 104 
73 106 
73 107 
73 108 
73 109 
73 110 
73 113 
73 114 
73 115 
73 116 
73 117 
73 118 
73 119 
73 121 
73 122 
73 123 
73 124 
73 126 
74 75 
74 76 
74 77 
74 80 
74 84 
74 85 
74 86 
74 88 
74 90 
74 91 
74 92 
74 94 
74 95 
74 96 
74 97 
74 100 
74 101 
74 103 
74 104 
74 105 
74 106 
74 107 
74 108 
74 111 
74 112 
74 113 
74 116 
74 118 
74 120 
74 123 
74 125 
74 127 
74 128 
75 76 
75 82 
75 83 
75 84 
75 85 
75 86 
75 87 
75 88 
75 92 
75 95 
75 99 
75 101 
75 102 
75 103 
75 104 
75 105 
75 106 
75 107 
75 108 
75 109 
75 110 
75 113 
75 117 
75 118 
75 119 
75 120 
75 122 
75 123 
75 124 
75 125 
75 126 
75 128 
76 77 
76 78 
76 79 
76 80 
76 81 
76 85 
76 88 
76 89 
76 92 
76 93 
76 94 
76 95 
76 96 
76 97 
76 98 
76 99 
76 102 
76 103 
76 104 
76 107 
76 110 
76 112 
76 113 
76 114 
76 115 
76 119 
76 121 
76 122 
76 125 
77 78 
77 79 
77 80 
77 81 
77 83 
77 85 
77 86 
77 87 
77 88 
77 90 
77 91 
77 93 
77 94 
77 95 
77 96 
77 99 
77 103 
77 104 
77 105 
77 106 
77 108 
77 109 
77 110 
77 112 
77 113 
77 114 
77 115 
77 116 
77 118 
77 122 
77 123 
77 124 
77 125 
77 127 
77 128 
78 79 
78 80 
78 81 
78 83 
78 84 
78 86 
78 87 
78 89 
78 90 
78 91 
78 92 
78 95 
78 96 
78 97 
78 99 
78 100 
78 101 
78 102 
78 103 
78 105 
78 106 
78 107 
78 108 
78 110 
78 111 
78 112 
78 113 
78 115 
78 116 
78 117 
78 121 
78 122 
78 123 
78 124 
78 125 
78 126 
79 80 
79 81 
79 82 
79 84 
79 85 
79 88 
79 90 
79 92 
79 94 
79 95 
79 97 
79 100 
79 101 
79 102 
79 103 
79 104 
79 105 
79 106 
79 107 
79 111 
79 112 
79 113 
79 114 
79 115 
79 116 
79 120 
79 122 
79 124 
79 125 
79 126 
79 128 
80 82 
80 84 
80 88 
80 90 
80 91 
80 94 
80 96 
80 97 
80 100 
80 103 
80 104 
80 107 
80 108 
80 109 
80 111 
80 113 
80 115 
80 119 
80 120 
80 121 
80 122 
80 124 
80 125 
80 126 
80 128 
81 83 
81 84 
81 85 
81 86 
81 87 
81 89 
81 92 
81 94 
81 96 
81 97 
81 99 
81 101 
81 102 
81 103 
81 104 
81 105 
81 106 
81 108 
81 110 
81 111 
81 112 
81 113 
81 114 
81 115 
81 116 
81 119 
81 121 
81 122 
81 124 
81 125 
81 126 
81 127 
81 128 
82 84 
82 85 
82 86 
82 87 
82 88 
82 89 
82 90 
82 91 
82 92 
82 94 
82 97 
82 98 
82 99 
82 100 
82 101 
82 102 
82 103 
82 104 
82 105 
82 106 
82 108 
82 110 
82 111 
82 112 
82 113 
82 114 
82 115 
82 118 
82 121 
82 123 
82 124 
82 125 
82 128 
83 85 
83 86 
83 87 
83 89 
83 90 
83 91 
83 92 
83 93 
83 95 
83 96 
83 97 
83 98 
83 100 
83 101 
83 102 
83 103 
83 104 
83 106 
83 107 
83 108 
83 109 
83 110 
83 112 
83 114 
83 115 
83 116 
83 117 
83 118 
83 119 
83 121 
83 122 
83 123 
83 125 
83 126 
83 127 
84 85 
84 86 
84 88 
84 89 
84 90 
84 96 
84 98 
84 102 
84 103 
84 104 
84 105 
84 106 
84 109 
84 110 
84 112 
84 114 
84 115 
84 116 
84 119 
84 120 
84 122 
84 123 
84 124 
84 125 
84 128 
85 86 
85 87 
85 88 
85 89 
85 91 
85 92 
85 93 
85 95 
85 96 
85 101 
85 102 
85 103 
85 104 
85 105 
85 106 
85 107 
85 108 
85 110 
85 111 
85 112 
85 113 
85 114 
85 118 
85 119 
85 120 
85 121 
85 123 
85 124 
85 125 
85 126 
86 87 
86 88 
86 89 
86 90 
86 91 
86 92 
86 93 
86 94 
86 95 
86 96 
86 97 
86 99 
86 102 
86 103 
86 106 
86 107 
86 114 
86 116 
86 117 
86 119 
86 121 
86 122 
86 124 
86 125 
86 126 
86 128 
87 91 
87 92 
87 93 
87 94 
87 95 
87 97 
87 98 
87 99 
87 100 
87 101 
87 102 
87 103 
87 107 
87 108 
87 109 
87 110 
87 111 
87 112 
87 113 
87 114 
87 118 
87 120 
87 122 
87 123 
87 124 
87 127 
87 128 
88 89 
88 90 
88 91 
88 92 
88 94 
88 95 
88 97 
88 99 
88 100 
88 101 
88 102 
88 103 
88 108 
88 109 
88 110 
88 111 
88 112 
88 114 
88 116 
88 117 
88 118 
88 119 
88 121 
88 122 
88 123 
88 124 
88 125 
88 126 
89 90 
89 91 
89 92 
89 94 
89 95 
89 97 
89 98 
89 99 
89 100 
89 102 
89 104 
89 108 
89 111 
89 113 
89 114 
89 115 
89 116 
89 117 
89 119 
89 122 
89 124 
89 125 
89 128 
90 92 
90 93 
90 94 
90 95 
90 96 
90 99 
90 100 
90 102 
90 103 
90 104 
90 106 
90 107 
90 110 
90 111 
90 112 
90 113 
90 116 
90 120 
90 121 
90 123 
90 125 
91 92 
91 93 
91 95 
91 96 
91 98 
91 99 
91 102 
91 103 
91 106 
91 108 
91 110 
91 112 
91 113 
91 114 
91 116 
91 118 
91 119 
91 120 
91 121 
91 122 
91 123 
91 124 
91 125 
91 127 
92 94 
92 95 
92 96 
92 97 
92 100 
92 101 
92 102 
92 104 
92 107 
92 110 
92 111 
92 113 
92 114 
92 115 
92 116 
92 119 
92 120 
92 121 
92 124 
92 125 
92 126 
93 94 
93 95 
93 96 
93 98 
93 100 
93 101 
93 103 
93 105 
93 106 
93 107 
93 109 
93 110 
93 114 
93 116 
93 117 
93 121 
93 122 
93 124 
93 125 
93 126 
93 128 
94 95 
94 96 
94 99 
94 101 
94 102 
94 104 
94 108 
94 109 
94 111 
94 112 
94 115 
94 116 
94 118 
94 122 
94 123 
94 124 
94 126 
94 127 
94 128 
95 96 
95 98 
95 102 
95 103 
95 106 
95 107 
95 109 
95 110 
95 111 
95 112 
95 118 
95 119 
95 121 
95 122 
95 123 
95 125 
95 126 
95 127 
96 101 
96 102 
96 103 
96 105 
96 106 
96 107 
96 108 
96 109 
96 110 
96 111 
96 112 
96 113 
96 115 
96 116 
96 119 
96 120 
96 121 
96 122 
96 123 
96 125 
96 126 
96 128 
97 98 
97 99 
97 100 
97 103 
97 105 
97 106 
97 109 
97 110 
97 112 
97 114 
97 115 
97 116 
97 117 
97 118 
97 119 
97 120 
97 122 
97 123 
97 124 
97 126 
98 100 
98 102 
98 103 
98 105 
98 106 
98 107 
98 108 
98 109 
98 111 
98 112 
98 113 
98 115 
98 116 
98 117 
98 118 
98 119 
98 120 
98 121 
98 122 
98 123 
98 124 
98 125 
98 126 
98 128 
99 100 
99 101 
99 102 
99 103 
99 105 
99 106 
99 107 
99 108 
99 109 
99 111 
99 112 
99 114 
99 115 
99 117 
99 118 
99 119 
99 120 
99 121 
99 124 
99 125 
99 126 
99 128 
100 101 
100 104 
100 107 
100 108 
100 110 
100 112 
100 113 
100 114 
100 115 
100 116 
100 117 
100 119 
100 121 
100 122 
100 124 
100 126 
100 127 
101 102 
101 105 
101 106 
101 107 
101 108 
101 109 
101 110 
101 112 
101 113 
101 114 
101 115 
101 116 
101 118 
101 119 
101 121 
101 122 
101 123 
101 124 
101 125 
101 126 
102 103 
102 104 
102 106 
102 109 
102 110 
102 112 
102 114 
102 115 
102 116 
102 118 
102 119 
102 122 
102 123 
102 124 
102 126 
102 128 
103 104 
103 105 
103 106 
103 107 
103 108 
103 110 
103 111 
103 112 
103 113 
103 114 
103 115 
103 116 
103 119 
103 120 
103 121 
103 125 
103 126 
103 127 
103 128 
104 105 
104 106 
104 107 
104 108 
104 110 
104 111 
104 112 
104 114 
104 116 
104 118 
104 121 
104 123 
104 124 
104 127 
104 128 
105 106 
105 107 
105 109 
105 110 
105 113 
105 115 
105 117 
105 119 
105 121 
105 122 
105 123 
105 124 
105 125 
105 127 
105 128 
106 108 
106 111 
106 112 
106 113 
106 114 
106 115 
106 119 
106 120 
106 122 
106 123 
106 124 
106 125 
106 127 
106 128 
107 108 
107 110 
107 112 
107 113 
107 115 
107 116 
107 117 
107 120 
107 122 
107 123 
107 124 
107 125 
107 127 
108 110 
108 111 
108 113 
108 114 
108 115 
108 116 
108 117 
108 118 
108 119 
108 121 
108 126 
108 127 
108 128 
109 110 
109 111 
109 112 
109 115 
109 117 
109 119 
109 121 
109 125 
109 126 
110 112 
110 113 
110 117 
110 119 
110 120 
110 121 
110 122 
110 124 
110 125 
110 126 
110 127 
111 112 
111 114 
111 115 
111 117 
111 119 
111 121 
111 122 
111 128 
112 113 
112 114 
112 115 
112 117 
112 119 
112 120 
112 122 
112 123 
112 126 
112 128 
113 114 
113 115 
113 118 
113 119 
113 121 
113 122 
113 123 
113 124 
113 126 
113 127 
113 128 
114 115 
114 116 
114 119 
114 120 
114 121 
114 122 
114 125 
114 127 
114 128 
115 117 
115 118 
115 120 
115 121 
115 122 
115 124 
115 125 
115 126 
115 127 
115 128 
116 117 
116 118 
116 119 
116 123 
116 124 
116 125 
116 126 
116 128 
117 120 
117 121 
117 122 
117 123 
117 124 
117 126 
117 128 
118 119 
118 120 
118 122 
118 123 
118 124 
118 126 
118 127 
118 128 
119 120 
119 122 
119 123 
119 124 
119 125 
119 126 
119 127 
119 128 
120 121 
120 123 
120 125 
120 127 
120 128 
121 122 
121 126 
122 123 
122 124 
122 125 
122 126 
122 128 
123 124 
123 128 
124 125 
124 128 
125 126 
126 127 
126 128 
127 128 
