Using bound 8441
Instance with 1150 vertices and 579824 edges
No edges = 80851
Tried aggregator 1 time.
Presolve has eliminated 1267962 rows and 0 columns...
MIP Presolve eliminated 1267962 rows and 0 columns.
MIP Presolve modified 55688 coefficients.
Reduced MIP has 54540 rows, 2300 columns, and 1009601 nonzeros.
Reduced MIP has 2300 binaries, 0 generals, 0 SOSs, and 0 indicators.
Presolve time = 89.61 sec. (34898.61 ticks)
Probing time = 0.12 sec. (6.53 ticks)
Tried aggregator 1 time.
Reduced MIP has 54540 rows, 2300 columns, and 1009601 nonzeros.
Reduced MIP has 2300 binaries, 0 generals, 0 SOSs, and 0 indicators.
Presolve time = 5.33 sec. (1363.22 ticks)
Probing time = 0.05 sec. (6.55 ticks)
Clique table members: 54538.
MIP emphasis: balance optimality and feasibility.
MIP search method: dynamic search.
Parallel mode: deterministic, using up to 8 threads.
Root relaxation solution time = 43.40 sec. (9551.89 ticks)

        Nodes                                         Cuts/
   Node  Left     Objective  IInf  Best Integer    Best Bound    ItCnt     Gap

      0     0     9083.8424   989                   9083.8424       31
*     0+    0                         8441.0000     9083.8424             7.62%
      0     0     8598.4438  1062     8441.0000    Cuts: 1128     7792    1.87%
      0     0        cutoff           8441.0000                  11943     ---
Elapsed time = 429.17 sec. (154650.48 ticks, tree = 0.01 MB, solutions = 1)

Clique cuts applied:  772

Root node processing (before b&c):
  Real time             =  429.18 sec. (154653.59 ticks)
Parallel b&c, 8 threads:
  Real time             =    0.00 sec. (0.00 ticks)
  Sync time (average)   =    0.00 sec.
  Wait time (average)   =    0.00 sec.
                          ------------
Total (root+branch&cut) =  429.18 sec. (154653.59 ticks)
MaximumVertices: 8441
x: 78 79 90 92 103 106 108 109 110 111 117 118 120 121 122 123 125 127 128 129 131 132 133 134 135 136 137 138 140 141 142 144 145 148 149 150 151 153 154 155 156 157 159 160 161 162 163 164 165 166 167 168 169 170 171 172 173 174 175 176 177 178 179 180 181 182 183 184 185 189 190 191 192 193 194 195 196 197 198 199 200 269 287 289 294 295 297 299 301 305 306 308 311 312 314 315 318 319 322 323 324 325 326 327 328 329 330 332 335 336 338 339 342 344 345 348 351 352 353 354 355 357 358 359 360 363 365 369 370 371 372 373 374 375 376 377 378 379 380 381 382 383 384 385 386 387 388 389 390 391 392 393 394 395 396 397 398 399 400 469 473 474 475 477 480 485 486 489 493 495 496 501 504 505 508 510 511 512 514 516 517 518 519 520 521 522 523 526 528 529 530 531 532 533 535 536 537 538 539 540 541 542 544 545 546 547 548 549 550 551 552 553 554 555 556 557 558 561 562 563 564 565 566 567 568 571 572 573 574 575 578 579 588 595 598 599 600 684 691 693 694 695 696 700 702 704 705 706 709 711 713 720 724 728 730 731 733 735 737 738 739 741 742 743 744 745 746 747 748 749 750 751 752 753 754 755 756 757 758 759 760 761 762 763 764 766 768 769 771 772 773 774 776 777 779 780 781 782 783 784 785 786 787 788 789 790 791 792 793 794 795 796 797 798 799 800 874 877 879 886 887 890 891 892 896 897 902 903 906 907 911 915 917 919 920 924 925 926 928 931 932 933 934 935 939 940 941 944 945 946 947 948 949 951 954 956 958 959 961 962 964 966 967 968 971 974 976 977 978 979 980 981 982 983 984 985 987 988 990 991 992 993 994 995 996 997 999 1000 1066 1071 1077 1082 1092 1094 1095 1096 1099 1100 1103 1104 1105 1109 1110 1111 1112 1113 1114 1117 1118 1120 1121 1124 1125 1126 1127 1129 1130 1131 1134 1135 1137 1139 1140 1141 1142 1143 1144 1146 1147 1148 1149 1150
y: 5 105 107 113 120 131 137 145 146 159 177 183 184 185 188 195 200 279 314 324 325 326 329 330 355 356 358 361 366 380 385 387 399 469 470 471 496 500 509 511 520 522 527 547 569 576 577 578 579 580 581 582 583 584 585 586 587 588 589 590 591 592 593 594 595 596 597 598 638 645 647 652 654 655 656 660 662 688 691 692 697 703 704 705 708 709 712 724 745 756 760 768 774 775 779 781 783 791 792 793 795 796 798 857 864 878 881 898 900 911 914 918 926 932 948 949 950 959 961 965 970 971 973 997 999 1000 1066 1116 1117 1128 1130 1132 1133 1134 1139 1140 1141 1144 1145 1147