Using bound 8441
Instance with 1150 vertices and 580603 edges
No edges = 80072
Tried aggregator 1 time.
Presolve has eliminated 1269484 rows and 0 columns...
MIP Presolve eliminated 1269484 rows and 0 columns.
MIP Presolve modified 54166 coefficients.
Reduced MIP has 53018 rows, 2300 columns, and 969212 nonzeros.
Reduced MIP has 2300 binaries, 0 generals, 0 SOSs, and 0 indicators.
Presolve time = 82.69 sec. (34310.67 ticks)
Probing time = 0.12 sec. (6.48 ticks)
Tried aggregator 1 time.
Reduced MIP has 53018 rows, 2300 columns, and 969212 nonzeros.
Reduced MIP has 2300 binaries, 0 generals, 0 SOSs, and 0 indicators.
Presolve time = 3.52 sec. (1310.55 ticks)
Probing time = 0.03 sec. (6.50 ticks)
Clique table members: 53016.
MIP emphasis: balance optimality and feasibility.
MIP search method: dynamic search.
Parallel mode: deterministic, using up to 8 threads.
Root relaxation solution time = 31.31 sec. (7385.05 ticks)

        Nodes                                         Cuts/
   Node  Left     Objective  IInf  Best Integer    Best Bound    ItCnt     Gap

      0     0     8765.8578  1039                   8765.8578       20
*     0+    0                         8441.0000     8765.8578             3.85%
      0     0     8465.1358  1004     8441.0000    Cuts: 1139     7146    0.29%
      0     0        cutoff           8441.0000                   7813     ---
Elapsed time = 378.71 sec. (132316.25 ticks, tree = 0.01 MB, solutions = 1)

Clique cuts applied:  590

Root node processing (before b&c):
  Real time             =  378.73 sec. (132319.21 ticks)
Parallel b&c, 8 threads:
  Real time             =    0.00 sec. (0.00 ticks)
  Sync time (average)   =    0.00 sec.
  Wait time (average)   =    0.00 sec.
                          ------------
Total (root+branch&cut) =  378.73 sec. (132319.21 ticks)
MaximumVertices: 8441
x: 51 96 97 104 105 126 127 132 136 137 138 139 141 142 145 146 147 148 149 151 152 155 156 157 158 159 160 161 162 163 170 174 176 179 180 185 186 188 189 191 192 194 195 197 198 199 200 265 272 275 296 302 303 308 310 312 313 316 319 320 322 323 324 326 330 332 334 339 340 342 344 345 346 347 349 351 352 353 355 356 358 359 361 362 363 365 367 369 370 371 372 373 374 375 376 377 378 379 380 381 382 383 384 385 386 387 388 389 390 391 392 393 395 396 398 399 483 485 487 488 495 497 498 500 501 506 508 509 515 522 523 524 531 532 533 534 537 539 540 545 548 549 551 552 554 556 557 558 560 561 562 563 564 566 568 569 570 571 572 573 574 575 590 600 670 680 683 690 691 694 696 713 714 717 719 720 724 729 730 731 733 735 736 737 739 740 742 745 749 750 752 753 756 757 760 761 763 764 765 770 771 772 775 776 777 778 779 781 782 787 790 792 795 800 884 885 889 894 898 899 905 908 917 918 923 925 926 927 929 932 933 934 935 936 939 940 941 942 943 945 946 948 949 951 952 954 955 958 960 961 963 966 967 968 970 971 972 973 975 976 977 979 980 981 982 983 984 985 986 987 989 990 991 993 995 997 998 1000 1102 1113 1117 1119 1121 1123 1128 1129 1131 1133 1134 1136 1137 1139 1142 1143 1144 1146 1147 1148 1149 1150
y: 37 42 78 92 119 129 134 136 142 145 146 147 148 150 154 155 158 162 167 170 174 175 177 180 192 193 213 215 218 224 300 302 312 319 325 331 336 337 339 341 342 343 351 352 364 374 382 383 387 390 394 395 430 482 483 487 510 512 513 516 520 521 522 525 535 536 540 546 548 555 558 561 563 564 566 568 575 576 577 578 579 580 581 582 583 584 585 586 587 588 589 590 591 592 593 594 595 596 597 598 650 675 680 691 694 706 717 718 731 733 737 744 747 750 751 757 761 762 767 770 777 782 783 788 790 792 797 805 839 841 843 848 878 885 891 897 899 900 905 909 911 920 921 925 927 929 944 946 948 957 963 964 969 970 977 979 980 981 986 990 991 992 993 997 1065 1070 1072 1073 1082 1083 1085 1087 1088 1094 1103 1112 1113 1117 1119 1129 1141 1144 1148 1150