128 84
1 27
1 103
2 6
2 89
4 14
4 42
4 95
4 107
5 67
6 38
7 125
8 9
8 69
9 11
10 93
12 100
13 106
14 50
15 78
15 112
18 57
18 83
19 41
19 68
19 70
19 100
20 37
21 28
21 125
25 91
26 112
27 47
28 54
28 60
29 115
31 39
31 62
31 97
31 123
32 122
36 107
36 116
37 43
37 89
38 118
39 49
39 123
40 81
41 58
41 127
42 122
43 49
43 91
44 45
44 51
47 83
48 71
50 51
54 77
57 72
57 106
62 109
62 115
63 77
66 99
71 98
71 105
72 86
72 105
72 126
73 93
73 119
76 91
79 96
81 112
85 116
90 105
92 122
96 103
100 114
101 115
101 120
111 115
122 128
