128 1048
1
2
3
4
5
6
7
8
9
10
11
12
13
14
15
16
17
18
19
20
21
22
23
24
25
26
27
28
29
30
31
32
33
34
35
36
37
38
39
40
41
42
43
44
45
46
47
48
49
50
51
52
53
54
55
56
57
58
59
60
61
62
63
64
65
66
67
68
69
70
71
72
73
74
75
76
77
78
79
80
81
82
83
84
85
86
87
88
89
90
91
92
93
94
95
96
97
98
99
100
101
102
103
104
105
106
107
108
109
110
111
112
113
114
115
116
117
118
119
120
121
122
123
124
125
126
127
128
1 2 
1 10 
1 26 
1 34 
1 43 
1 63 
1 70 
1 71 
1 72 
1 79 
1 82 
1 95 
1 98 
1 105 
1 111 
1 115 
1 117 
1 121 
2 7 
2 9 
2 13 
2 16 
2 18 
2 25 
2 34 
2 37 
2 39 
2 46 
2 48 
2 57 
2 58 
2 62 
2 67 
2 74 
2 79 
2 90 
2 91 
2 117 
3 39 
3 40 
3 45 
3 56 
3 61 
3 85 
3 95 
3 117 
4 13 
4 25 
4 39 
4 43 
4 46 
4 58 
4 70 
4 82 
4 87 
4 88 
4 104 
4 110 
4 113 
4 123 
5 6 
5 20 
5 25 
5 37 
5 52 
5 54 
5 60 
5 63 
5 66 
5 97 
5 103 
5 104 
5 112 
5 118 
6 8 
6 14 
6 25 
6 32 
6 36 
6 49 
6 58 
6 64 
6 78 
6 106 
6 107 
6 108 
6 109 
6 127 
7 12 
7 15 
7 24 
7 31 
7 40 
7 43 
7 45 
7 78 
7 84 
7 85 
7 101 
7 108 
7 116 
8 9 
8 46 
8 50 
8 58 
8 65 
8 71 
8 75 
8 76 
8 87 
8 89 
8 107 
8 123 
9 23 
9 24 
9 26 
9 33 
9 34 
9 42 
9 49 
9 53 
9 54 
9 59 
9 61 
9 64 
9 67 
9 77 
9 89 
9 95 
9 108 
9 122 
10 12 
10 13 
10 19 
10 31 
10 34 
10 38 
10 47 
10 52 
10 54 
10 60 
10 63 
10 65 
10 69 
10 84 
10 98 
10 116 
10 121 
11 43 
11 69 
11 77 
11 91 
11 103 
11 117 
11 120 
11 123 
11 127 
12 49 
12 50 
12 51 
12 53 
12 67 
12 68 
12 72 
12 82 
12 100 
12 101 
12 105 
12 110 
12 117 
13 19 
13 27 
13 30 
13 44 
13 45 
13 62 
13 68 
13 73 
13 82 
13 87 
13 93 
13 97 
13 100 
13 107 
13 117 
13 125 
13 126 
13 127 
14 30 
14 38 
14 46 
14 51 
14 57 
14 58 
14 62 
14 66 
14 69 
14 102 
14 104 
14 106 
14 109 
14 110 
14 111 
14 123 
15 23 
15 28 
15 43 
15 47 
15 49 
15 54 
15 59 
15 62 
15 78 
15 91 
15 97 
15 102 
15 114 
15 125 
16 29 
16 37 
16 48 
16 55 
16 58 
16 65 
16 78 
16 89 
16 106 
16 110 
16 119 
17 18 
17 21 
17 26 
17 29 
17 30 
17 34 
17 38 
17 39 
17 48 
17 53 
17 61 
17 63 
17 95 
17 98 
17 102 
17 104 
17 107 
18 20 
18 21 
18 25 
18 26 
18 32 
18 35 
18 44 
18 47 
18 60 
18 63 
18 67 
18 76 
18 77 
18 84 
18 85 
18 86 
18 88 
18 90 
18 92 
18 98 
18 107 
18 126 
19 35 
19 42 
19 50 
19 74 
19 76 
19 90 
19 91 
19 92 
19 97 
19 99 
19 101 
19 110 
19 111 
20 21 
20 27 
20 30 
20 36 
20 37 
20 51 
20 57 
20 62 
20 63 
20 65 
20 78 
20 80 
20 88 
20 96 
20 118 
20 119 
20 126 
20 128 
21 38 
21 42 
21 46 
21 50 
21 56 
21 58 
21 63 
21 65 
21 67 
21 76 
21 78 
21 85 
21 99 
21 106 
21 108 
21 111 
21 120 
21 123 
22 34 
22 39 
22 62 
22 73 
22 80 
22 83 
22 84 
22 90 
22 98 
22 99 
22 104 
22 108 
22 118 
22 123 
23 31 
23 50 
23 52 
23 58 
23 64 
23 70 
23 71 
23 73 
23 86 
23 95 
23 97 
23 124 
24 76 
24 78 
24 85 
24 91 
24 108 
24 109 
24 115 
25 37 
25 43 
25 47 
25 53 
25 65 
25 66 
25 70 
25 77 
25 82 
25 85 
25 104 
25 111 
25 114 
25 116 
25 123 
25 127 
25 128 
26 29 
26 31 
26 48 
26 51 
26 63 
26 77 
26 89 
26 94 
26 95 
26 97 
26 98 
26 102 
26 105 
26 109 
27 52 
27 60 
27 70 
27 97 
27 105 
27 108 
28 31 
28 35 
28 36 
28 37 
28 38 
28 57 
28 60 
28 68 
28 82 
28 85 
28 91 
28 96 
28 103 
28 117 
28 118 
29 33 
29 39 
29 43 
29 48 
29 50 
29 57 
29 68 
29 69 
29 72 
29 75 
29 90 
29 100 
29 109 
29 110 
29 118 
29 123 
29 125 
30 39 
30 65 
30 67 
30 68 
30 69 
30 84 
30 97 
30 98 
30 101 
30 108 
30 110 
30 111 
30 115 
31 41 
31 42 
31 48 
31 67 
31 81 
31 96 
31 99 
31 100 
31 106 
31 119 
31 126 
31 127 
32 33 
32 37 
32 46 
32 54 
32 55 
32 82 
32 88 
32 99 
32 107 
32 109 
32 110 
33 75 
33 83 
33 115 
34 35 
34 47 
34 60 
34 61 
34 72 
34 78 
34 93 
34 97 
34 98 
34 107 
35 40 
35 47 
35 75 
35 77 
35 78 
35 83 
35 84 
35 89 
35 94 
35 99 
35 106 
35 107 
35 111 
36 52 
36 56 
36 59 
36 60 
36 62 
36 85 
36 98 
36 103 
36 104 
36 117 
36 124 
37 42 
37 54 
37 60 
37 74 
37 100 
37 104 
37 106 
37 111 
37 117 
37 121 
37 122 
37 124 
38 52 
38 58 
38 73 
38 81 
38 89 
38 90 
38 97 
38 111 
38 113 
38 128 
39 43 
39 47 
39 50 
39 53 
39 57 
39 59 
39 65 
39 66 
39 77 
39 81 
39 96 
39 106 
39 107 
39 128 
40 42 
40 45 
40 59 
40 62 
40 64 
40 68 
40 71 
40 72 
40 75 
40 78 
40 82 
40 87 
40 88 
40 98 
40 106 
40 117 
41 51 
41 61 
41 62 
41 63 
41 71 
41 74 
41 75 
41 80 
41 102 
41 105 
41 109 
41 112 
41 113 
42 56 
42 58 
42 69 
42 71 
42 77 
42 83 
42 92 
42 94 
42 107 
42 112 
42 117 
42 119 
42 120 
43 46 
43 66 
43 69 
43 74 
43 80 
43 82 
43 86 
43 90 
43 93 
43 101 
43 117 
43 122 
43 127 
44 49 
44 57 
44 63 
44 70 
44 83 
44 88 
44 93 
44 94 
44 100 
44 101 
44 104 
44 108 
44 113 
44 125 
45 50 
45 63 
45 68 
45 89 
45 93 
45 97 
45 102 
45 104 
45 107 
45 124 
46 57 
46 73 
46 75 
46 76 
46 79 
46 81 
46 110 
46 113 
46 124 
46 125 
47 55 
47 66 
47 77 
47 83 
47 85 
47 93 
47 102 
47 113 
47 116 
48 54 
48 62 
48 70 
48 76 
48 79 
48 88 
48 90 
48 91 
48 92 
48 93 
48 101 
48 108 
49 62 
49 81 
49 83 
49 85 
49 90 
49 91 
49 111 
49 121 
49 123 
50 51 
50 56 
50 60 
50 70 
50 74 
50 75 
50 77 
50 82 
50 83 
50 95 
50 98 
50 101 
50 118 
50 127 
51 58 
51 61 
51 62 
51 68 
51 73 
51 86 
51 93 
51 108 
51 112 
51 118 
51 119 
52 56 
52 64 
52 70 
52 80 
52 95 
52 103 
52 116 
53 56 
53 81 
53 84 
53 90 
53 99 
53 101 
53 107 
53 114 
54 61 
54 66 
54 67 
54 79 
54 80 
54 87 
54 88 
54 97 
54 104 
54 126 
55 82 
55 112 
56 64 
56 69 
56 87 
56 88 
56 91 
56 121 
57 81 
57 104 
57 106 
57 108 
57 109 
58 64 
58 71 
58 74 
58 82 
58 90 
58 96 
58 98 
58 103 
58 105 
58 106 
58 122 
59 69 
59 76 
59 89 
59 94 
59 111 
59 113 
59 118 
60 64 
60 70 
60 72 
60 112 
60 117 
60 120 
60 126 
61 64 
61 68 
61 71 
61 91 
61 102 
61 118 
62 66 
62 80 
62 84 
62 91 
62 106 
62 109 
63 80 
63 97 
63 102 
63 104 
63 105 
63 109 
63 111 
63 124 
63 125 
63 127 
64 65 
64 66 
64 68 
64 95 
64 96 
64 105 
64 109 
64 119 
65 70 
65 75 
65 76 
65 78 
65 81 
65 83 
65 92 
65 93 
65 101 
65 121 
65 126 
66 81 
66 90 
66 94 
66 110 
66 113 
66 118 
66 126 
66 127 
67 73 
67 78 
67 80 
67 90 
67 91 
67 92 
67 103 
67 105 
67 117 
67 119 
67 122 
68 71 
68 93 
68 101 
68 102 
68 109 
68 110 
68 112 
69 72 
69 74 
69 78 
69 81 
69 100 
69 113 
69 115 
69 119 
69 123 
70 77 
70 81 
70 82 
70 83 
70 88 
70 98 
70 111 
70 120 
70 125 
71 73 
71 85 
71 91 
71 92 
71 101 
71 119 
71 122 
71 123 
72 76 
72 82 
72 85 
72 128 
73 74 
73 80 
73 116 
73 122 
73 127 
74 82 
74 109 
74 111 
74 115 
74 116 
74 121 
75 81 
75 88 
75 91 
75 93 
75 97 
75 103 
75 114 
75 118 
75 122 
76 99 
76 109 
76 123 
77 91 
77 96 
77 107 
77 117 
77 126 
77 127 
78 83 
78 86 
78 87 
78 90 
78 100 
78 102 
78 105 
78 117 
78 119 
78 125 
79 85 
79 97 
79 98 
79 101 
79 111 
79 118 
79 119 
79 120 
80 88 
80 100 
80 103 
80 105 
80 111 
81 82 
81 96 
81 97 
81 108 
81 117 
81 124 
82 84 
82 93 
82 94 
82 110 
82 114 
82 126 
82 128 
83 89 
83 96 
83 99 
83 113 
83 120 
83 121 
83 125 
84 89 
84 92 
84 97 
84 111 
84 115 
84 123 
84 125 
84 127 
85 89 
85 103 
85 116 
85 124 
86 90 
86 101 
86 113 
86 116 
86 117 
86 118 
86 127 
87 89 
87 92 
87 93 
87 96 
87 106 
87 107 
87 111 
88 98 
88 103 
88 104 
88 105 
88 112 
88 120 
88 127 
89 90 
89 91 
89 93 
89 94 
89 97 
89 106 
89 117 
90 91 
90 111 
90 122 
90 125 
91 94 
91 103 
91 104 
91 105 
91 116 
91 121 
91 122 
91 123 
92 96 
92 107 
92 112 
92 119 
93 96 
93 108 
93 112 
94 102 
94 103 
94 105 
94 107 
94 122 
94 123 
94 124 
95 96 
95 99 
95 103 
95 104 
95 107 
95 113 
95 121 
95 122 
96 105 
96 110 
96 119 
96 121 
96 125 
97 119 
97 122 
97 123 
98 100 
98 103 
98 104 
98 113 
98 117 
98 124 
99 100 
99 105 
99 112 
100 117 
100 118 
100 123 
100 126 
101 111 
101 115 
101 117 
101 125 
102 123 
103 105 
103 106 
103 107 
103 115 
103 117 
103 118 
103 128 
104 120 
105 106 
105 110 
105 111 
105 112 
106 112 
106 118 
106 124 
107 113 
107 123 
107 127 
108 109 
108 110 
108 117 
108 125 
108 126 
109 125 
110 126 
110 128 
111 112 
111 115 
111 116 
111 124 
112 114 
112 116 
112 125 
112 127 
113 125 
114 115 
115 124 
115 127 
116 119 
117 121 
118 124 
121 122 
124 128 
125 126 
