128 2163
1
2
3
4
5
6
7
8
9
10
11
12
13
14
15
16
17
18
19
20
21
22
23
24
25
26
27
28
29
30
31
32
33
34
35
36
37
38
39
40
41
42
43
44
45
46
47
48
49
50
51
52
53
54
55
56
57
58
59
60
61
62
63
64
65
66
67
68
69
70
71
72
73
74
75
76
77
78
79
80
81
82
83
84
85
86
87
88
89
90
91
92
93
94
95
96
97
98
99
100
101
102
103
104
105
106
107
108
109
110
111
112
113
114
115
116
117
118
119
120
121
122
123
124
125
126
127
128
1 2 
1 11 
1 15 
1 24 
1 29 
1 37 
1 38 
1 39 
1 44 
1 48 
1 54 
1 59 
1 66 
1 67 
1 71 
1 77 
1 79 
1 84 
1 87 
1 88 
1 89 
1 93 
1 99 
1 105 
1 112 
1 120 
1 124 
2 4 
2 6 
2 18 
2 21 
2 24 
2 25 
2 29 
2 36 
2 38 
2 46 
2 51 
2 55 
2 65 
2 70 
2 71 
2 77 
2 82 
2 85 
2 90 
2 93 
2 96 
2 103 
2 106 
2 112 
2 119 
2 125 
2 127 
3 14 
3 15 
3 16 
3 19 
3 21 
3 22 
3 23 
3 30 
3 38 
3 46 
3 49 
3 50 
3 53 
3 58 
3 60 
3 62 
3 72 
3 80 
3 81 
3 85 
3 87 
3 88 
3 91 
3 94 
3 105 
3 108 
3 125 
3 127 
3 128 
4 9 
4 14 
4 16 
4 27 
4 47 
4 52 
4 56 
4 59 
4 61 
4 64 
4 66 
4 70 
4 74 
4 76 
4 78 
4 80 
4 83 
4 84 
4 88 
4 89 
4 101 
4 102 
4 105 
4 106 
4 107 
4 108 
4 114 
4 117 
4 118 
4 119 
4 124 
5 8 
5 10 
5 15 
5 31 
5 36 
5 40 
5 47 
5 51 
5 53 
5 57 
5 58 
5 59 
5 67 
5 69 
5 73 
5 74 
5 82 
5 93 
5 102 
5 105 
5 106 
5 108 
5 113 
5 117 
5 120 
5 121 
5 123 
5 128 
6 10 
6 11 
6 12 
6 13 
6 16 
6 43 
6 46 
6 51 
6 52 
6 56 
6 61 
6 63 
6 70 
6 71 
6 73 
6 74 
6 80 
6 84 
6 86 
6 87 
6 89 
6 90 
6 94 
6 95 
6 102 
6 103 
6 104 
6 112 
6 119 
6 124 
6 127 
7 15 
7 21 
7 25 
7 27 
7 28 
7 31 
7 37 
7 43 
7 47 
7 52 
7 53 
7 55 
7 56 
7 57 
7 60 
7 62 
7 65 
7 66 
7 68 
7 71 
7 74 
7 75 
7 77 
7 80 
7 88 
7 98 
7 102 
7 106 
7 109 
7 111 
7 113 
7 115 
7 117 
7 121 
7 122 
7 125 
8 9 
8 16 
8 19 
8 22 
8 23 
8 26 
8 33 
8 37 
8 38 
8 42 
8 45 
8 46 
8 47 
8 50 
8 53 
8 55 
8 58 
8 59 
8 60 
8 67 
8 71 
8 74 
8 82 
8 83 
8 98 
8 104 
8 106 
8 107 
8 112 
8 113 
8 115 
8 121 
8 123 
8 126 
8 127 
9 12 
9 19 
9 25 
9 31 
9 34 
9 35 
9 37 
9 39 
9 43 
9 44 
9 51 
9 54 
9 58 
9 59 
9 60 
9 64 
9 67 
9 76 
9 78 
9 84 
9 94 
9 96 
9 97 
9 101 
9 103 
9 106 
9 115 
9 125 
9 127 
9 128 
10 13 
10 17 
10 24 
10 25 
10 34 
10 35 
10 36 
10 37 
10 38 
10 43 
10 45 
10 56 
10 57 
10 65 
10 66 
10 67 
10 68 
10 78 
10 80 
10 82 
10 88 
10 99 
10 100 
10 101 
10 103 
10 104 
10 106 
10 108 
10 110 
10 113 
10 114 
10 116 
10 117 
10 119 
10 125 
10 126 
11 14 
11 17 
11 18 
11 32 
11 42 
11 44 
11 47 
11 51 
11 52 
11 57 
11 63 
11 66 
11 73 
11 74 
11 79 
11 83 
11 85 
11 86 
11 91 
11 95 
11 101 
11 115 
12 13 
12 14 
12 20 
12 25 
12 28 
12 34 
12 35 
12 37 
12 41 
12 47 
12 50 
12 56 
12 60 
12 61 
12 62 
12 68 
12 74 
12 77 
12 83 
12 85 
12 89 
12 93 
12 97 
12 101 
12 102 
12 108 
12 113 
12 115 
12 125 
13 14 
13 15 
13 19 
13 28 
13 29 
13 32 
13 43 
13 44 
13 45 
13 47 
13 50 
13 51 
13 52 
13 58 
13 60 
13 61 
13 62 
13 63 
13 67 
13 70 
13 80 
13 82 
13 84 
13 88 
13 91 
13 95 
13 96 
13 98 
13 103 
13 112 
13 116 
13 117 
13 119 
13 124 
14 19 
14 20 
14 21 
14 23 
14 27 
14 32 
14 36 
14 40 
14 42 
14 44 
14 46 
14 51 
14 55 
14 56 
14 58 
14 64 
14 65 
14 66 
14 67 
14 70 
14 71 
14 75 
14 86 
14 87 
14 93 
14 97 
14 107 
14 108 
14 111 
14 112 
14 115 
14 119 
14 120 
14 122 
14 127 
15 21 
15 31 
15 38 
15 39 
15 46 
15 47 
15 48 
15 57 
15 58 
15 59 
15 63 
15 66 
15 71 
15 72 
15 75 
15 78 
15 84 
15 85 
15 86 
15 93 
15 94 
15 101 
15 112 
15 114 
16 23 
16 25 
16 26 
16 28 
16 32 
16 34 
16 35 
16 38 
16 39 
16 44 
16 51 
16 55 
16 70 
16 75 
16 78 
16 83 
16 85 
16 91 
16 92 
16 93 
16 98 
16 99 
16 101 
16 103 
16 115 
16 117 
16 119 
16 123 
17 22 
17 24 
17 25 
17 28 
17 29 
17 32 
17 38 
17 42 
17 44 
17 51 
17 52 
17 56 
17 60 
17 63 
17 67 
17 68 
17 74 
17 77 
17 81 
17 83 
17 84 
17 86 
17 87 
17 92 
17 94 
17 99 
17 100 
17 101 
17 102 
17 107 
17 109 
17 113 
17 114 
17 119 
17 120 
17 121 
17 122 
17 123 
18 20 
18 23 
18 27 
18 32 
18 41 
18 42 
18 43 
18 48 
18 61 
18 65 
18 66 
18 68 
18 69 
18 70 
18 79 
18 84 
18 92 
18 97 
18 101 
18 104 
18 115 
18 121 
18 122 
18 123 
18 124 
19 20 
19 29 
19 30 
19 32 
19 33 
19 39 
19 40 
19 44 
19 45 
19 49 
19 57 
19 58 
19 64 
19 67 
19 69 
19 70 
19 74 
19 81 
19 82 
19 83 
19 84 
19 85 
19 86 
19 88 
19 90 
19 92 
19 96 
19 97 
19 103 
19 107 
19 108 
19 113 
19 116 
19 118 
19 119 
19 122 
19 124 
19 126 
20 22 
20 31 
20 32 
20 33 
20 34 
20 35 
20 36 
20 39 
20 42 
20 43 
20 54 
20 62 
20 63 
20 66 
20 73 
20 79 
20 95 
20 96 
20 97 
20 100 
20 103 
20 108 
20 111 
20 113 
20 115 
20 116 
20 117 
20 120 
20 122 
20 124 
20 127 
21 38 
21 41 
21 43 
21 44 
21 45 
21 48 
21 49 
21 50 
21 51 
21 60 
21 62 
21 63 
21 64 
21 71 
21 72 
21 73 
21 74 
21 75 
21 79 
21 80 
21 83 
21 85 
21 88 
21 89 
21 90 
21 91 
21 97 
21 98 
21 102 
21 103 
21 104 
21 107 
21 110 
21 112 
21 116 
21 122 
21 123 
22 24 
22 28 
22 32 
22 33 
22 36 
22 39 
22 48 
22 49 
22 52 
22 56 
22 58 
22 71 
22 80 
22 82 
22 83 
22 86 
22 87 
22 89 
22 93 
22 94 
22 109 
22 111 
22 114 
22 115 
22 117 
22 119 
22 121 
22 122 
22 127 
22 128 
23 32 
23 41 
23 42 
23 48 
23 50 
23 51 
23 54 
23 58 
23 61 
23 62 
23 81 
23 82 
23 90 
23 91 
23 95 
23 96 
23 97 
23 98 
23 99 
23 101 
23 104 
23 105 
23 109 
23 111 
23 124 
23 125 
23 127 
24 27 
24 29 
24 33 
24 36 
24 40 
24 41 
24 42 
24 44 
24 45 
24 48 
24 50 
24 57 
24 59 
24 63 
24 67 
24 71 
24 74 
24 83 
24 88 
24 98 
24 102 
24 110 
24 114 
24 117 
24 126 
25 41 
25 42 
25 44 
25 48 
25 51 
25 54 
25 72 
25 76 
25 80 
25 92 
25 93 
25 96 
25 97 
25 106 
25 110 
25 111 
25 113 
25 114 
25 118 
25 120 
25 127 
26 30 
26 36 
26 37 
26 42 
26 55 
26 57 
26 60 
26 63 
26 76 
26 80 
26 81 
26 87 
26 89 
26 90 
26 92 
26 97 
26 99 
26 103 
26 105 
26 114 
26 121 
26 122 
26 123 
27 31 
27 33 
27 35 
27 49 
27 56 
27 73 
27 75 
27 77 
27 78 
27 80 
27 83 
27 84 
27 86 
27 87 
27 88 
27 92 
27 101 
27 106 
27 108 
27 112 
27 113 
27 118 
27 124 
27 127 
28 30 
28 31 
28 32 
28 33 
28 34 
28 35 
28 44 
28 45 
28 46 
28 47 
28 48 
28 52 
28 53 
28 56 
28 62 
28 64 
28 65 
28 74 
28 76 
28 82 
28 83 
28 85 
28 87 
28 90 
28 92 
28 96 
28 100 
28 103 
28 109 
28 113 
28 115 
28 116 
28 119 
28 121 
28 122 
28 127 
29 34 
29 36 
29 43 
29 45 
29 48 
29 50 
29 53 
29 61 
29 64 
29 73 
29 77 
29 79 
29 87 
29 88 
29 90 
29 92 
29 97 
29 98 
29 99 
29 101 
29 103 
29 104 
29 106 
29 109 
29 110 
29 111 
29 119 
29 120 
29 121 
29 127 
30 34 
30 37 
30 40 
30 41 
30 45 
30 47 
30 50 
30 53 
30 56 
30 57 
30 58 
30 62 
30 67 
30 68 
30 72 
30 74 
30 75 
30 78 
30 81 
30 84 
30 86 
30 88 
30 95 
30 97 
30 99 
30 104 
30 107 
30 114 
30 118 
30 126 
31 40 
31 44 
31 45 
31 48 
31 51 
31 54 
31 58 
31 59 
31 61 
31 62 
31 66 
31 67 
31 68 
31 69 
31 72 
31 75 
31 78 
31 79 
31 85 
31 95 
31 96 
31 98 
31 99 
31 115 
31 116 
31 120 
32 33 
32 34 
32 37 
32 47 
32 60 
32 61 
32 62 
32 66 
32 69 
32 71 
32 72 
32 75 
32 78 
32 80 
32 83 
32 87 
32 95 
32 100 
32 101 
32 102 
32 106 
32 110 
32 119 
32 121 
32 122 
32 128 
33 34 
33 36 
33 41 
33 43 
33 44 
33 45 
33 47 
33 49 
33 51 
33 66 
33 68 
33 74 
33 77 
33 78 
33 82 
33 85 
33 91 
33 96 
33 101 
33 107 
33 113 
33 117 
33 118 
34 38 
34 43 
34 48 
34 58 
34 66 
34 68 
34 70 
34 71 
34 77 
34 82 
34 89 
34 95 
34 96 
34 97 
34 98 
34 99 
34 103 
34 104 
34 108 
34 110 
34 117 
34 118 
34 119 
34 121 
34 126 
35 37 
35 40 
35 42 
35 43 
35 49 
35 51 
35 63 
35 67 
35 68 
35 84 
35 91 
35 95 
35 97 
35 99 
35 102 
35 103 
35 106 
35 108 
35 111 
35 112 
35 124 
36 39 
36 50 
36 56 
36 59 
36 61 
36 65 
36 68 
36 69 
36 72 
36 85 
36 86 
36 89 
36 91 
36 97 
36 107 
36 111 
36 113 
36 120 
36 124 
36 125 
37 39 
37 45 
37 47 
37 49 
37 51 
37 54 
37 55 
37 59 
37 61 
37 65 
37 67 
37 69 
37 72 
37 74 
37 79 
37 82 
37 86 
37 87 
37 104 
37 109 
37 113 
37 114 
37 118 
37 119 
37 124 
37 125 
37 127 
38 42 
38 49 
38 50 
38 55 
38 57 
38 59 
38 64 
38 67 
38 75 
38 77 
38 79 
38 82 
38 84 
38 87 
38 88 
38 89 
38 93 
38 96 
38 98 
38 100 
38 102 
38 106 
38 107 
38 108 
38 109 
38 110 
38 112 
38 121 
38 126 
38 128 
39 43 
39 46 
39 49 
39 50 
39 55 
39 57 
39 60 
39 61 
39 66 
39 72 
39 76 
39 85 
39 87 
39 89 
39 91 
39 93 
39 94 
39 112 
39 118 
39 121 
39 127 
40 43 
40 49 
40 56 
40 58 
40 71 
40 72 
40 73 
40 78 
40 79 
40 83 
40 85 
40 88 
40 95 
40 100 
40 106 
40 107 
40 108 
40 110 
40 113 
40 119 
40 122 
41 43 
41 45 
41 46 
41 47 
41 49 
41 50 
41 55 
41 56 
41 64 
41 67 
41 80 
41 81 
41 89 
41 104 
41 106 
41 108 
41 111 
41 118 
41 120 
41 126 
41 128 
42 46 
42 63 
42 64 
42 75 
42 81 
42 85 
42 86 
42 87 
42 88 
42 89 
42 91 
42 92 
42 93 
42 94 
42 99 
42 102 
42 109 
42 111 
42 112 
42 114 
42 115 
42 118 
42 119 
42 122 
43 45 
43 47 
43 49 
43 52 
43 57 
43 67 
43 68 
43 70 
43 73 
43 75 
43 77 
43 79 
43 84 
43 88 
43 90 
43 94 
43 96 
43 104 
43 111 
43 123 
43 126 
44 47 
44 55 
44 56 
44 57 
44 59 
44 61 
44 63 
44 65 
44 67 
44 72 
44 73 
44 76 
44 78 
44 79 
44 80 
44 86 
44 91 
44 95 
44 96 
44 98 
44 100 
44 104 
44 109 
44 110 
44 112 
44 114 
44 119 
44 121 
44 124 
45 46 
45 48 
45 57 
45 59 
45 70 
45 74 
45 75 
45 76 
45 77 
45 84 
45 93 
45 95 
45 97 
45 99 
45 102 
45 104 
45 105 
45 106 
45 111 
45 112 
45 113 
45 115 
45 117 
45 118 
45 120 
45 123 
45 124 
46 47 
46 50 
46 57 
46 60 
46 71 
46 73 
46 84 
46 94 
46 104 
46 105 
47 55 
47 57 
47 59 
47 65 
47 66 
47 84 
47 88 
47 90 
47 92 
47 97 
47 103 
47 105 
47 111 
47 118 
48 53 
48 59 
48 62 
48 63 
48 75 
48 78 
48 83 
48 85 
48 86 
48 92 
48 105 
48 106 
48 107 
48 109 
48 112 
48 114 
48 122 
48 123 
48 128 
49 50 
49 53 
49 57 
49 60 
49 62 
49 63 
49 65 
49 66 
49 68 
49 69 
49 71 
49 78 
49 85 
49 91 
49 97 
49 99 
49 100 
49 111 
49 112 
49 115 
49 119 
49 122 
49 123 
49 125 
50 57 
50 59 
50 62 
50 64 
50 73 
50 91 
50 94 
50 98 
50 99 
50 100 
50 109 
50 113 
50 117 
50 119 
50 126 
51 53 
51 54 
51 56 
51 57 
51 59 
51 60 
51 73 
51 81 
51 82 
51 84 
51 86 
51 93 
51 98 
51 100 
51 105 
51 106 
51 112 
51 114 
51 116 
51 123 
51 127 
51 128 
52 53 
52 58 
52 59 
52 60 
52 61 
52 63 
52 65 
52 67 
52 68 
52 70 
52 73 
52 76 
52 79 
52 84 
52 85 
52 90 
52 91 
52 93 
52 94 
52 96 
52 100 
52 108 
52 113 
52 118 
52 123 
52 127 
53 63 
53 69 
53 73 
53 96 
53 99 
53 103 
53 104 
53 110 
53 111 
53 115 
53 123 
54 59 
54 61 
54 65 
54 73 
54 74 
54 75 
54 78 
54 81 
54 90 
54 104 
54 106 
54 108 
54 111 
54 113 
54 116 
54 119 
54 121 
54 124 
54 127 
55 60 
55 63 
55 65 
55 66 
55 67 
55 68 
55 73 
55 80 
55 82 
55 83 
55 89 
55 93 
55 95 
55 96 
55 98 
55 102 
55 106 
55 121 
55 122 
56 58 
56 60 
56 69 
56 70 
56 71 
56 78 
56 87 
56 93 
56 94 
56 96 
56 99 
56 109 
56 110 
56 111 
56 113 
56 115 
56 122 
56 123 
57 59 
57 64 
57 66 
57 67 
57 70 
57 74 
57 78 
57 79 
57 84 
57 85 
57 88 
57 90 
57 91 
57 97 
57 102 
57 103 
57 104 
57 106 
57 107 
57 109 
57 123 
57 124 
57 126 
58 60 
58 62 
58 63 
58 69 
58 70 
58 87 
58 88 
58 89 
58 90 
58 91 
58 93 
58 95 
58 96 
58 97 
58 104 
58 108 
58 122 
58 127 
59 62 
59 64 
59 65 
59 68 
59 73 
59 98 
59 100 
59 104 
59 108 
59 110 
59 125 
59 127 
60 63 
60 69 
60 71 
60 75 
60 78 
60 80 
60 82 
60 92 
60 95 
60 97 
60 102 
60 112 
60 118 
60 120 
60 121 
60 123 
60 124 
60 126 
60 127 
61 68 
61 75 
61 76 
61 79 
61 80 
61 81 
61 84 
61 92 
61 96 
61 102 
61 106 
61 107 
61 109 
61 113 
61 117 
61 118 
61 128 
62 64 
62 66 
62 78 
62 79 
62 82 
62 83 
62 85 
62 91 
62 93 
62 97 
62 98 
62 99 
62 100 
62 106 
62 108 
62 112 
62 115 
62 123 
62 127 
63 65 
63 66 
63 70 
63 71 
63 75 
63 85 
63 87 
63 89 
63 97 
63 99 
63 105 
63 109 
63 111 
63 117 
63 118 
63 119 
63 123 
63 124 
63 125 
63 128 
64 69 
64 70 
64 71 
64 78 
64 86 
64 93 
64 97 
64 105 
64 108 
64 113 
64 118 
64 119 
64 120 
64 122 
64 123 
65 68 
65 71 
65 72 
65 73 
65 87 
65 92 
65 95 
65 96 
65 97 
65 98 
65 99 
65 102 
65 107 
65 112 
65 128 
66 80 
66 89 
66 101 
66 102 
66 110 
66 111 
66 116 
66 118 
67 68 
67 69 
67 74 
67 77 
67 81 
67 82 
67 92 
67 94 
67 95 
67 96 
67 97 
67 108 
67 112 
67 113 
67 126 
67 128 
68 69 
68 70 
68 74 
68 75 
68 76 
68 84 
68 85 
68 86 
68 88 
68 91 
68 92 
68 98 
68 107 
68 111 
68 113 
68 114 
68 119 
69 76 
69 77 
69 80 
69 89 
69 90 
69 94 
69 102 
69 103 
69 107 
69 108 
69 109 
69 111 
69 119 
70 71 
70 79 
70 81 
70 85 
70 86 
70 90 
70 94 
70 96 
70 104 
70 107 
70 110 
70 114 
70 119 
70 121 
70 125 
70 128 
71 75 
71 76 
71 77 
71 80 
71 84 
71 87 
71 90 
71 91 
71 93 
71 94 
71 96 
71 101 
71 102 
71 107 
71 114 
71 117 
71 119 
71 125 
71 128 
72 81 
72 84 
72 96 
72 98 
72 116 
72 119 
72 124 
73 74 
73 77 
73 83 
73 87 
73 95 
73 97 
73 110 
73 112 
73 114 
73 120 
73 124 
73 125 
73 127 
74 78 
74 82 
74 89 
74 91 
74 99 
74 102 
74 105 
74 111 
74 118 
74 120 
74 123 
74 126 
74 127 
75 78 
75 80 
75 83 
75 86 
75 87 
75 88 
75 97 
75 98 
75 99 
75 100 
75 101 
75 105 
75 108 
75 111 
75 116 
75 127 
75 128 
76 77 
76 79 
76 82 
76 83 
76 85 
76 90 
76 93 
76 94 
76 100 
76 107 
76 109 
76 112 
76 114 
76 123 
76 125 
76 126 
76 127 
77 78 
77 83 
77 86 
77 89 
77 91 
77 95 
77 97 
77 98 
77 99 
77 100 
77 102 
77 103 
77 104 
77 105 
77 110 
77 113 
77 116 
77 118 
77 126 
77 127 
77 128 
78 83 
78 84 
78 85 
78 89 
78 97 
78 99 
78 101 
78 103 
78 108 
78 114 
78 118 
78 119 
78 126 
78 128 
79 83 
79 85 
79 88 
79 89 
79 90 
79 91 
79 92 
79 96 
79 98 
79 102 
79 106 
79 109 
79 121 
79 123 
79 124 
79 126 
79 128 
80 81 
80 87 
80 88 
80 89 
80 90 
80 91 
80 104 
80 106 
80 107 
80 108 
80 113 
80 122 
80 128 
81 83 
81 92 
81 105 
81 108 
81 111 
81 112 
81 114 
81 115 
81 117 
81 119 
81 121 
81 122 
81 123 
81 125 
81 126 
81 127 
82 94 
82 96 
82 100 
82 106 
82 108 
82 109 
82 111 
82 116 
82 119 
82 121 
82 125 
82 128 
83 85 
83 97 
83 100 
83 101 
83 102 
83 104 
83 107 
83 113 
83 118 
83 124 
83 126 
83 128 
84 86 
84 88 
84 92 
84 95 
84 98 
84 100 
84 113 
84 115 
84 117 
84 121 
84 124 
84 128 
85 92 
85 93 
85 96 
85 97 
85 98 
85 100 
85 104 
85 114 
85 115 
85 116 
85 117 
85 118 
85 120 
85 123 
86 89 
86 91 
86 92 
86 95 
86 100 
86 104 
86 112 
86 114 
86 115 
86 123 
86 125 
87 89 
87 92 
87 97 
87 98 
87 99 
87 103 
87 110 
87 111 
87 112 
87 114 
87 116 
87 124 
88 89 
88 96 
88 97 
88 98 
88 105 
88 109 
88 113 
88 119 
89 91 
89 105 
89 120 
89 124 
90 94 
90 95 
90 99 
90 100 
90 107 
90 113 
90 116 
90 118 
91 92 
91 95 
91 98 
91 104 
91 111 
91 113 
91 114 
91 116 
91 123 
91 127 
92 96 
92 100 
92 102 
92 105 
92 110 
92 111 
92 114 
92 115 
92 118 
92 122 
92 123 
93 96 
93 97 
93 102 
93 105 
93 107 
93 113 
93 114 
93 119 
93 121 
93 123 
93 128 
94 96 
94 97 
94 98 
94 99 
94 100 
94 103 
94 105 
94 111 
94 115 
94 123 
94 124 
95 97 
95 101 
95 102 
95 110 
95 111 
95 112 
95 117 
95 118 
95 119 
95 122 
95 127 
95 128 
96 98 
96 101 
96 102 
96 113 
96 114 
96 116 
96 121 
96 125 
96 128 
97 98 
97 99 
97 101 
97 103 
97 105 
97 110 
97 113 
97 116 
97 117 
97 122 
97 123 
97 125 
97 127 
97 128 
98 101 
98 115 
98 116 
98 117 
98 119 
98 121 
99 102 
99 104 
99 107 
99 112 
99 114 
99 117 
99 123 
99 127 
99 128 
100 103 
100 104 
100 105 
100 112 
100 116 
100 119 
100 123 
101 104 
101 107 
101 114 
101 115 
101 116 
101 117 
101 118 
101 121 
101 123 
101 124 
101 128 
102 103 
102 107 
102 110 
102 115 
102 116 
102 124 
102 125 
102 127 
103 104 
103 105 
103 107 
103 111 
103 116 
103 128 
104 107 
104 112 
104 113 
104 121 
104 122 
105 107 
105 126 
105 128 
106 110 
106 111 
106 113 
106 116 
106 121 
106 123 
106 124 
106 127 
106 128 
107 113 
107 115 
107 116 
107 118 
107 120 
107 124 
107 125 
108 110 
108 111 
108 113 
108 117 
108 118 
108 120 
108 121 
108 128 
109 115 
109 116 
109 117 
109 125 
109 127 
109 128 
110 112 
110 115 
110 120 
110 124 
110 125 
111 116 
111 118 
111 125 
111 126 
112 115 
112 117 
112 120 
112 122 
112 123 
112 125 
112 128 
113 115 
113 123 
113 125 
113 127 
114 115 
114 118 
114 125 
114 126 
114 127 
115 124 
115 125 
115 126 
116 121 
116 122 
116 124 
116 127 
117 118 
117 120 
117 122 
117 124 
117 128 
118 119 
118 121 
118 122 
118 125 
118 126 
119 121 
120 122 
120 126 
120 128 
121 122 
121 123 
121 125 
121 128 
122 124 
122 125 
124 127 
126 127 
126 128 
127 128 
