128 1683
1 4
1 5
1 14
1 15
1 23
1 27
1 29
1 30
1 33
1 44
1 47
1 48
1 63
1 72
1 80
1 95
1 97
1 98
1 99
1 101
1 102
1 106
1 110
1 114
1 116
1 117
1 120
1 122
1 123
2 9
2 14
2 17
2 18
2 19
2 34
2 36
2 52
2 61
2 63
2 64
2 69
2 72
2 83
2 99
2 104
2 108
2 110
2 119
2 122
2 123
2 125
3 12
3 13
3 14
3 20
3 21
3 38
3 44
3 45
3 52
3 59
3 65
3 67
3 70
3 72
3 73
3 75
3 79
3 90
3 108
3 118
3 121
3 125
3 126
4 9
4 11
4 12
4 13
4 14
4 15
4 16
4 26
4 29
4 30
4 44
4 54
4 57
4 65
4 67
4 73
4 76
4 77
4 78
4 85
4 88
4 89
4 90
4 92
4 107
4 118
4 121
5 7
5 8
5 9
5 13
5 20
5 30
5 45
5 50
5 55
5 67
5 68
5 71
5 77
5 80
5 81
5 85
5 91
5 95
5 100
5 102
5 103
5 109
5 110
5 116
5 117
5 120
6 8
6 10
6 20
6 22
6 38
6 40
6 42
6 47
6 50
6 52
6 60
6 67
6 71
6 80
6 89
6 91
6 103
6 109
6 124
7 8
7 10
7 24
7 26
7 30
7 33
7 47
7 55
7 61
7 67
7 68
7 74
7 77
7 78
7 84
7 86
7 106
7 108
7 109
7 111
7 123
7 125
7 126
8 9
8 21
8 26
8 33
8 37
8 41
8 47
8 50
8 54
8 62
8 67
8 71
8 73
8 80
8 82
8 92
8 93
8 94
8 95
8 97
8 102
8 103
8 107
8 108
8 109
8 114
8 116
8 119
8 123
8 124
9 10
9 11
9 15
9 24
9 36
9 38
9 42
9 44
9 47
9 48
9 49
9 50
9 54
9 58
9 68
9 71
9 72
9 80
9 86
9 93
9 96
9 97
9 99
9 112
9 113
9 115
10 11
10 14
10 24
10 28
10 29
10 36
10 40
10 50
10 54
10 58
10 90
10 94
10 99
10 109
10 110
10 119
10 128
11 20
11 21
11 41
11 50
11 54
11 55
11 58
11 63
11 64
11 71
11 72
11 73
11 77
11 94
11 96
11 114
11 122
11 123
11 126
12 20
12 21
12 22
12 24
12 27
12 32
12 34
12 36
12 40
12 42
12 45
12 49
12 60
12 69
12 71
12 76
12 81
12 104
12 105
12 106
12 110
12 121
12 122
12 124
12 128
13 18
13 32
13 33
13 38
13 40
13 41
13 43
13 47
13 53
13 56
13 57
13 67
13 77
13 81
13 83
13 84
13 90
13 93
13 97
13 98
13 104
13 107
13 111
13 117
13 119
13 121
13 122
13 123
14 18
14 23
14 24
14 25
14 35
14 36
14 37
14 39
14 40
14 44
14 48
14 49
14 53
14 54
14 56
14 57
14 62
14 68
14 69
14 72
14 76
14 79
14 85
14 87
14 94
14 97
14 106
14 112
14 114
14 118
14 120
14 124
14 126
15 17
15 23
15 24
15 35
15 36
15 37
15 38
15 40
15 41
15 59
15 61
15 77
15 82
15 99
15 103
15 104
15 105
15 107
15 111
15 112
15 113
15 114
15 123
15 125
16 17
16 18
16 19
16 20
16 24
16 29
16 35
16 38
16 41
16 44
16 46
16 48
16 53
16 54
16 55
16 61
16 62
16 64
16 65
16 66
16 75
16 83
16 84
16 86
16 87
16 89
16 93
16 97
16 100
16 105
16 110
16 115
16 119
17 25
17 26
17 27
17 28
17 32
17 39
17 42
17 45
17 52
17 53
17 56
17 58
17 59
17 66
17 68
17 69
17 77
17 78
17 79
17 82
17 86
17 90
17 97
17 98
17 102
17 104
17 106
17 107
17 117
17 118
17 123
17 127
18 22
18 25
18 29
18 39
18 46
18 53
18 58
18 60
18 69
18 71
18 73
18 75
18 85
18 90
18 91
18 94
18 96
18 97
18 103
18 106
18 114
18 124
18 127
19 20
19 25
19 40
19 50
19 53
19 58
19 64
19 66
19 79
19 80
19 91
19 92
19 109
19 110
19 123
19 126
20 26
20 28
20 30
20 34
20 41
20 44
20 51
20 54
20 56
20 58
20 59
20 60
20 64
20 66
20 68
20 71
20 75
20 79
20 86
20 91
20 94
20 95
20 97
20 102
20 105
20 125
20 126
21 22
21 26
21 29
21 30
21 32
21 39
21 40
21 49
21 51
21 57
21 69
21 70
21 75
21 81
21 92
21 99
21 100
21 108
21 113
21 114
21 125
21 128
22 26
22 30
22 37
22 43
22 44
22 49
22 50
22 51
22 56
22 72
22 79
22 83
22 93
22 97
22 104
22 127
23 24
23 30
23 33
23 40
23 41
23 55
23 56
23 60
23 68
23 70
23 78
23 80
23 82
23 84
23 91
23 95
23 96
23 103
23 105
23 113
23 118
23 127
24 26
24 28
24 40
24 48
24 53
24 54
24 62
24 65
24 69
24 71
24 74
24 77
24 89
24 91
24 95
24 97
24 100
24 103
24 104
24 110
24 118
24 121
24 124
25 31
25 34
25 35
25 43
25 48
25 53
25 54
25 55
25 64
25 73
25 80
25 81
25 82
25 83
25 87
25 94
25 98
25 100
25 102
25 106
25 113
25 118
25 128
26 29
26 40
26 41
26 42
26 48
26 49
26 55
26 58
26 63
26 69
26 82
26 87
26 88
26 89
26 91
26 93
26 96
26 102
26 110
26 112
26 113
26 118
27 32
27 35
27 41
27 43
27 44
27 48
27 52
27 61
27 67
27 70
27 76
27 82
27 84
27 86
27 89
27 90
27 91
27 94
27 96
27 114
27 116
27 121
27 122
27 125
27 127
28 30
28 31
28 45
28 46
28 48
28 53
28 58
28 70
28 72
28 73
28 77
28 81
28 82
28 91
28 103
28 106
28 120
28 125
29 35
29 41
29 42
29 47
29 49
29 53
29 55
29 59
29 67
29 72
29 79
29 85
29 87
29 88
29 90
29 94
29 95
29 105
29 107
29 110
29 113
29 114
29 115
29 116
29 119
29 120
29 124
29 128
30 34
30 35
30 41
30 45
30 50
30 53
30 56
30 61
30 62
30 64
30 65
30 73
30 75
30 78
30 82
30 83
30 84
30 86
30 91
30 93
30 101
30 102
30 109
30 125
30 126
31 35
31 36
31 53
31 54
31 61
31 63
31 68
31 69
31 70
31 71
31 72
31 77
31 81
31 86
31 99
31 100
31 104
31 112
31 113
31 120
31 122
31 123
31 124
32 38
32 41
32 45
32 47
32 49
32 54
32 57
32 77
32 86
32 91
32 93
32 99
32 100
32 109
32 121
32 123
32 128
33 36
33 42
33 44
33 54
33 74
33 81
33 85
33 86
33 92
33 96
33 100
33 105
33 110
33 118
33 119
33 120
33 121
33 123
34 36
34 43
34 44
34 54
34 62
34 65
34 67
34 74
34 81
34 84
34 90
34 92
34 94
34 96
34 98
34 99
34 103
34 116
34 123
34 124
34 127
35 36
35 40
35 43
35 50
35 57
35 58
35 59
35 64
35 72
35 74
35 76
35 82
35 86
35 91
35 95
35 102
35 106
35 107
35 108
35 109
35 118
35 119
35 122
35 123
35 124
35 125
36 38
36 40
36 41
36 54
36 57
36 59
36 60
36 61
36 72
36 79
36 83
36 92
36 97
36 105
36 109
36 111
36 126
37 50
37 52
37 55
37 63
37 67
37 70
37 71
37 75
37 77
37 78
37 79
37 87
37 98
37 105
37 111
37 117
37 125
38 40
38 41
38 47
38 50
38 55
38 69
38 71
38 74
38 77
38 79
38 81
38 87
38 91
38 103
38 108
38 113
38 116
38 126
39 46
39 50
39 62
39 64
39 68
39 80
39 81
39 84
39 87
39 91
39 95
39 104
39 106
39 109
39 112
39 116
39 117
39 128
40 41
40 50
40 54
40 64
40 66
40 67
40 70
40 72
40 79
40 80
40 85
40 89
40 99
40 100
40 104
40 110
41 44
41 47
41 49
41 50
41 61
41 66
41 69
41 70
41 72
41 76
41 79
41 80
41 83
41 98
41 112
41 116
41 126
41 128
42 60
42 61
42 62
42 75
42 82
42 88
42 92
42 96
42 98
42 104
42 113
42 114
42 116
42 117
42 120
43 46
43 51
43 52
43 53
43 57
43 70
43 74
43 79
43 80
43 81
43 87
43 88
43 92
43 96
43 109
43 115
43 116
43 118
43 121
43 125
43 126
44 46
44 49
44 53
44 54
44 59
44 60
44 65
44 66
44 70
44 77
44 80
44 98
44 103
44 106
44 110
44 120
44 125
45 57
45 58
45 62
45 65
45 69
45 71
45 73
45 76
45 83
45 86
45 88
45 98
45 100
45 102
45 112
45 116
45 120
46 48
46 50
46 55
46 59
46 61
46 62
46 63
46 67
46 69
46 70
46 73
46 75
46 79
46 80
46 82
46 83
46 89
46 97
46 99
46 108
46 118
46 121
46 122
46 125
47 53
47 59
47 60
47 64
47 67
47 69
47 71
47 72
47 78
47 82
47 85
47 89
47 92
47 104
47 109
47 110
47 113
47 117
48 50
48 53
48 63
48 73
48 79
48 93
48 95
48 107
48 112
48 115
48 117
48 118
48 121
48 123
49 55
49 56
49 57
49 58
49 59
49 61
49 62
49 67
49 71
49 77
49 78
49 81
49 88
49 103
49 107
49 115
49 122
50 51
50 54
50 56
50 66
50 67
50 83
50 88
50 91
50 119
51 52
51 54
51 55
51 57
51 58
51 68
51 69
51 87
51 89
51 102
51 103
51 113
51 116
52 55
52 61
52 64
52 76
52 78
52 79
52 83
52 84
52 95
52 98
52 111
52 117
52 120
52 125
53 56
53 60
53 69
53 77
53 78
53 97
53 102
53 104
53 105
53 106
53 112
53 115
53 119
53 121
54 61
54 63
54 64
54 65
54 76
54 82
54 84
54 93
54 105
54 107
54 108
54 109
54 110
54 115
54 120
55 61
55 64
55 71
55 79
55 83
55 85
55 97
55 99
55 103
55 106
55 110
55 112
55 114
55 117
55 122
55 123
55 126
56 65
56 69
56 70
56 71
56 79
56 81
56 84
56 85
56 90
56 95
56 97
56 100
56 109
56 111
56 117
56 121
56 126
57 66
57 69
57 73
57 77
57 80
57 81
57 87
57 92
57 94
57 98
57 110
57 114
57 116
57 118
57 121
57 126
58 62
58 67
58 68
58 74
58 79
58 84
58 90
58 91
58 94
58 99
58 108
58 114
58 117
58 119
58 121
58 125
58 126
59 63
59 68
59 78
59 81
59 82
59 83
59 87
59 88
59 91
59 95
59 109
59 113
59 117
60 69
60 74
60 78
60 84
60 85
60 93
60 98
60 105
60 108
60 119
60 126
61 64
61 68
61 81
61 87
61 90
61 93
61 94
61 101
61 106
61 116
61 123
61 125
61 126
61 128
62 71
62 77
62 83
62 84
62 86
62 87
62 89
62 96
62 98
62 109
62 121
62 122
62 123
62 125
62 126
63 65
63 70
63 71
63 82
63 85
63 92
63 103
63 107
63 109
63 112
63 113
63 119
63 121
63 123
64 81
64 91
64 97
64 103
64 124
64 128
65 67
65 76
65 78
65 82
65 83
65 101
65 107
65 121
66 79
66 81
66 103
66 104
66 106
66 113
66 116
66 122
66 128
67 69
67 78
67 83
67 85
67 97
67 102
67 110
67 114
67 115
67 119
67 126
67 128
68 76
68 78
68 80
68 89
68 105
68 106
68 111
68 117
68 118
68 121
68 123
68 126
69 71
69 81
69 101
69 102
69 104
69 109
69 111
69 118
69 126
70 73
70 79
70 80
70 81
70 83
70 87
70 91
70 98
70 117
70 119
71 72
71 73
71 78
71 89
71 98
71 105
71 107
71 109
71 111
71 112
71 115
71 117
71 120
71 123
72 78
72 80
72 81
72 83
72 88
72 93
72 98
72 99
72 113
72 115
72 128
73 79
73 80
73 84
73 91
73 94
73 96
73 103
73 108
73 113
73 128
74 76
74 78
74 85
74 93
74 98
74 102
74 106
74 109
74 116
74 117
74 121
75 86
75 94
75 97
75 106
75 110
75 114
75 118
75 127
75 128
76 80
76 83
76 87
76 90
76 92
76 102
76 105
76 109
76 112
76 116
76 119
76 121
76 122
76 123
76 124
77 79
77 81
77 82
77 88
77 94
77 95
77 96
77 99
77 104
77 105
77 111
77 115
77 117
77 118
77 124
77 128
78 95
78 98
78 104
78 105
78 110
78 113
78 116
78 117
78 118
78 124
79 81
79 91
79 94
79 104
79 115
79 122
80 83
80 84
80 87
80 90
80 95
80 97
80 100
80 103
80 104
80 107
80 108
80 110
80 111
80 113
80 119
80 121
80 122
80 126
80 128
81 87
81 91
81 92
81 96
81 101
81 110
81 112
81 113
81 115
81 127
81 128
82 87
82 91
82 95
82 97
82 108
82 110
82 115
82 118
82 119
82 122
83 84
83 88
83 89
83 90
83 91
83 97
83 102
83 103
83 105
83 111
83 116
83 118
83 120
83 122
84 90
84 96
84 100
84 104
84 107
84 113
84 116
84 123
84 126
85 87
85 88
85 93
85 101
85 102
85 105
85 114
85 121
85 123
85 124
86 89
86 96
86 100
86 101
86 107
86 111
86 115
86 117
86 121
86 127
86 128
87 91
87 94
87 96
87 98
87 99
87 106
87 109
87 110
87 111
87 116
87 118
87 120
88 105
88 107
88 125
89 90
89 92
89 103
89 108
89 111
89 112
89 113
89 114
89 119
89 125
90 99
90 109
90 111
90 115
90 124
91 93
91 96
91 98
91 104
91 105
91 106
91 110
91 112
91 120
92 94
92 102
92 127
93 97
93 100
93 102
93 105
93 110
93 111
94 109
94 113
94 114
94 126
95 97
95 98
95 113
95 116
95 122
95 128
96 117
96 120
96 121
97 99
97 107
97 113
97 118
97 120
97 128
98 100
98 110
98 111
98 127
99 102
99 103
99 108
99 110
99 112
99 115
99 116
99 118
99 121
99 124
100 108
100 113
100 115
100 116
100 117
100 127
101 102
101 107
101 109
101 111
101 114
101 121
101 122
101 124
102 120
102 121
102 122
102 128
103 111
103 115
103 124
103 125
104 109
104 113
104 125
104 126
105 118
105 120
105 122
105 124
105 127
106 109
106 112
106 115
106 119
106 126
106 128
107 115
108 116
108 124
108 125
108 126
108 128
109 112
109 118
109 119
109 122
109 128
110 123
110 128
111 117
112 115
112 118
112 120
112 123
113 114
113 121
113 123
113 126
114 125
115 125
116 117
117 122
117 124
117 127
119 121
119 123
120 124
120 126
120 127
121 128
122 124
125 127
