128 2243
1 2
1 8
1 9
1 20
1 22
1 29
1 30
1 33
1 34
1 35
1 36
1 41
1 48
1 49
1 51
1 52
1 56
1 57
1 58
1 61
1 64
1 65
1 66
1 67
1 78
1 80
1 82
1 84
1 86
1 88
1 91
1 101
1 105
1 106
1 110
1 111
1 116
1 117
1 122
1 124
1 126
2 6
2 9
2 12
2 13
2 15
2 16
2 20
2 21
2 25
2 37
2 40
2 42
2 43
2 44
2 52
2 55
2 57
2 58
2 63
2 72
2 74
2 75
2 78
2 82
2 84
2 85
2 89
2 90
2 94
2 98
2 105
2 108
2 109
2 110
2 111
2 114
2 120
2 121
2 122
2 124
2 125
2 126
2 128
3 13
3 14
3 19
3 20
3 24
3 25
3 29
3 30
3 35
3 36
3 38
3 45
3 46
3 47
3 48
3 50
3 51
3 54
3 55
3 56
3 58
3 59
3 60
3 66
3 70
3 71
3 72
3 73
3 75
3 77
3 78
3 82
3 84
3 86
3 88
3 97
3 105
3 108
3 109
3 112
3 117
3 118
3 119
3 122
3 125
4 5
4 6
4 13
4 14
4 17
4 18
4 20
4 21
4 24
4 25
4 26
4 27
4 30
4 35
4 36
4 45
4 48
4 49
4 53
4 56
4 60
4 62
4 64
4 68
4 70
4 72
4 73
4 74
4 76
4 77
4 78
4 93
4 95
4 98
4 105
4 108
4 109
4 112
4 118
4 122
4 126
5 10
5 12
5 13
5 14
5 20
5 22
5 27
5 30
5 37
5 43
5 47
5 50
5 54
5 55
5 58
5 61
5 62
5 63
5 64
5 79
5 81
5 82
5 84
5 88
5 89
5 92
5 97
5 100
5 102
5 105
5 108
5 112
6 12
6 13
6 23
6 25
6 26
6 27
6 30
6 32
6 35
6 36
6 37
6 42
6 43
6 48
6 49
6 51
6 55
6 60
6 66
6 68
6 70
6 73
6 75
6 76
6 81
6 86
6 89
6 90
6 98
6 105
6 110
6 115
6 116
6 117
6 119
6 122
6 127
7 11
7 16
7 19
7 20
7 21
7 31
7 36
7 40
7 42
7 51
7 56
7 63
7 65
7 79
7 84
7 86
7 88
7 89
7 91
7 93
7 95
7 96
7 97
7 99
7 111
7 115
7 120
8 9
8 13
8 17
8 18
8 20
8 25
8 28
8 33
8 34
8 35
8 36
8 38
8 40
8 45
8 50
8 51
8 56
8 60
8 61
8 63
8 64
8 68
8 77
8 80
8 84
8 85
8 86
8 90
8 91
8 93
8 94
8 97
8 102
8 104
8 116
8 120
8 121
8 125
9 14
9 19
9 23
9 32
9 35
9 41
9 51
9 53
9 54
9 58
9 64
9 69
9 70
9 72
9 81
9 84
9 87
9 92
9 98
9 102
9 104
9 110
9 112
9 113
9 118
9 119
9 121
9 122
9 128
10 11
10 18
10 19
10 21
10 29
10 34
10 36
10 38
10 39
10 45
10 47
10 50
10 53
10 59
10 63
10 67
10 69
10 71
10 72
10 74
10 75
10 77
10 78
10 83
10 84
10 87
10 91
10 92
10 95
10 102
10 103
10 104
10 105
10 108
10 112
10 117
10 122
11 17
11 25
11 29
11 34
11 42
11 43
11 44
11 52
11 59
11 60
11 64
11 65
11 68
11 71
11 81
11 82
11 84
11 85
11 86
11 88
11 91
11 94
11 98
11 99
11 104
11 106
11 107
11 108
11 112
11 120
11 123
11 125
12 15
12 16
12 17
12 18
12 19
12 20
12 22
12 25
12 32
12 36
12 40
12 42
12 47
12 52
12 55
12 62
12 65
12 66
12 74
12 77
12 82
12 83
12 86
12 92
12 94
12 96
12 97
12 105
12 111
12 112
12 118
12 122
12 123
13 19
13 23
13 25
13 32
13 33
13 41
13 43
13 45
13 47
13 48
13 51
13 53
13 56
13 58
13 63
13 65
13 69
13 71
13 77
13 91
13 93
13 94
13 99
13 100
13 101
13 103
13 104
13 107
13 110
13 113
13 122
13 126
14 15
14 16
14 23
14 24
14 27
14 28
14 34
14 35
14 36
14 42
14 50
14 54
14 57
14 60
14 72
14 73
14 75
14 82
14 83
14 89
14 97
14 103
14 107
14 111
14 112
14 113
14 117
14 122
14 123
14 126
15 17
15 27
15 32
15 39
15 42
15 52
15 60
15 61
15 71
15 75
15 76
15 80
15 83
15 88
15 90
15 95
15 97
15 104
15 114
15 121
15 122
16 19
16 27
16 37
16 39
16 40
16 42
16 43
16 49
16 52
16 58
16 61
16 62
16 64
16 70
16 75
16 76
16 77
16 82
16 83
16 90
16 92
16 93
16 97
16 100
16 107
16 111
16 116
16 118
16 119
16 121
16 123
16 125
16 128
17 23
17 27
17 32
17 34
17 35
17 39
17 44
17 50
17 52
17 54
17 56
17 64
17 66
17 67
17 68
17 69
17 78
17 80
17 81
17 86
17 90
17 94
17 96
17 103
17 106
17 111
17 114
17 115
17 116
17 120
17 121
17 125
17 127
18 19
18 20
18 22
18 25
18 36
18 47
18 48
18 50
18 54
18 57
18 65
18 71
18 72
18 73
18 79
18 80
18 81
18 84
18 88
18 92
18 93
18 100
18 106
18 107
18 108
18 109
18 110
18 112
18 113
18 118
18 120
18 123
18 124
19 21
19 22
19 24
19 27
19 29
19 32
19 37
19 39
19 41
19 42
19 44
19 47
19 48
19 50
19 61
19 63
19 65
19 73
19 80
19 86
19 89
19 90
19 91
19 93
19 96
19 102
19 108
19 115
19 120
19 128
20 21
20 22
20 24
20 27
20 29
20 35
20 36
20 44
20 47
20 49
20 52
20 54
20 56
20 58
20 62
20 67
20 73
20 78
20 80
20 85
20 86
20 87
20 94
20 96
20 98
20 103
20 113
20 115
20 116
20 124
20 126
20 128
21 22
21 25
21 28
21 29
21 37
21 40
21 42
21 48
21 49
21 52
21 57
21 61
21 66
21 72
21 79
21 80
21 87
21 90
21 102
21 103
21 106
21 107
21 109
21 112
21 119
21 123
21 128
22 23
22 24
22 25
22 27
22 28
22 31
22 32
22 40
22 46
22 52
22 53
22 56
22 61
22 67
22 68
22 71
22 75
22 78
22 83
22 92
22 105
22 106
22 108
22 115
22 124
23 26
23 28
23 31
23 32
23 39
23 40
23 44
23 50
23 51
23 56
23 57
23 58
23 63
23 72
23 74
23 75
23 80
23 81
23 82
23 84
23 85
23 89
23 91
23 92
23 101
23 103
23 104
23 111
23 116
23 119
23 121
23 122
23 123
23 124
24 27
24 32
24 42
24 44
24 48
24 60
24 65
24 68
24 69
24 72
24 73
24 75
24 76
24 81
24 86
24 90
24 94
24 95
24 97
24 98
24 104
24 105
24 111
24 112
24 114
24 117
24 119
24 123
24 125
24 126
25 34
25 38
25 39
25 40
25 41
25 45
25 47
25 51
25 59
25 66
25 70
25 71
25 72
25 79
25 86
25 87
25 91
25 95
25 97
25 99
25 101
25 105
25 108
25 109
25 111
25 112
25 113
25 115
25 117
26 29
26 31
26 34
26 36
26 37
26 38
26 39
26 47
26 48
26 51
26 54
26 55
26 63
26 73
26 78
26 85
26 91
26 95
26 97
26 98
26 103
26 109
26 114
26 115
26 116
26 122
26 127
26 128
27 28
27 31
27 47
27 49
27 52
27 54
27 55
27 57
27 60
27 65
27 67
27 68
27 79
27 80
27 86
27 89
27 95
27 97
27 99
27 104
27 110
27 111
27 113
27 114
27 121
27 123
28 29
28 36
28 39
28 40
28 42
28 43
28 51
28 57
28 68
28 72
28 75
28 86
28 88
28 89
28 90
28 92
28 94
28 97
28 99
28 105
28 106
28 119
28 124
28 127
29 30
29 31
29 37
29 38
29 39
29 40
29 44
29 46
29 49
29 55
29 59
29 61
29 62
29 66
29 67
29 84
29 86
29 93
29 95
29 101
29 104
29 108
29 115
29 116
29 125
30 31
30 34
30 39
30 42
30 52
30 57
30 62
30 68
30 71
30 73
30 75
30 76
30 81
30 85
30 86
30 95
30 96
30 97
30 98
30 103
30 106
30 109
30 110
30 111
30 113
30 119
30 125
30 126
30 128
31 35
31 37
31 38
31 39
31 43
31 52
31 57
31 62
31 63
31 69
31 72
31 73
31 74
31 75
31 76
31 81
31 82
31 87
31 94
31 101
31 105
31 108
31 113
31 123
31 128
32 33
32 45
32 48
32 51
32 59
32 61
32 62
32 64
32 69
32 70
32 81
32 82
32 84
32 93
32 106
32 112
32 113
32 114
32 117
32 124
32 126
33 34
33 38
33 39
33 41
33 43
33 44
33 45
33 48
33 51
33 53
33 55
33 57
33 61
33 65
33 67
33 80
33 82
33 83
33 92
33 95
33 98
33 105
33 107
33 111
33 112
33 114
33 116
33 120
33 123
33 127
33 128
34 36
34 37
34 41
34 43
34 52
34 54
34 61
34 62
34 68
34 69
34 71
34 75
34 81
34 82
34 90
34 91
34 93
34 103
34 104
34 105
34 113
34 124
35 39
35 41
35 43
35 50
35 56
35 57
35 59
35 62
35 70
35 72
35 73
35 75
35 77
35 83
35 84
35 88
35 89
35 92
35 94
35 95
35 99
35 105
35 112
35 125
35 127
35 128
36 38
36 40
36 47
36 52
36 54
36 55
36 56
36 57
36 58
36 59
36 64
36 70
36 74
36 78
36 79
36 80
36 83
36 85
36 91
36 96
36 97
36 106
36 107
36 110
36 112
36 117
36 123
36 128
37 48
37 49
37 53
37 55
37 59
37 60
37 69
37 71
37 73
37 74
37 77
37 79
37 90
37 91
37 93
37 97
37 104
37 107
37 111
37 114
37 117
37 122
37 123
37 126
38 39
38 41
38 42
38 47
38 48
38 55
38 56
38 59
38 62
38 66
38 74
38 75
38 76
38 79
38 83
38 85
38 86
38 88
38 89
38 90
38 101
38 103
38 107
38 110
38 122
39 40
39 43
39 45
39 53
39 57
39 59
39 70
39 76
39 77
39 78
39 80
39 82
39 88
39 94
39 95
39 99
39 100
39 101
39 104
39 108
39 112
39 116
39 119
39 122
39 124
39 126
39 128
40 41
40 47
40 57
40 61
40 63
40 64
40 65
40 68
40 75
40 82
40 84
40 96
40 105
40 111
40 115
40 123
40 124
40 125
40 126
40 128
41 52
41 54
41 64
41 68
41 70
41 77
41 80
41 82
41 94
41 96
41 97
41 99
41 107
41 111
41 113
41 122
41 123
41 128
42 48
42 56
42 60
42 64
42 66
42 70
42 72
42 76
42 77
42 95
42 96
42 97
42 99
42 102
42 105
42 106
42 107
42 111
42 122
42 128
43 44
43 45
43 48
43 49
43 74
43 77
43 79
43 85
43 86
43 88
43 89
43 92
43 95
43 96
43 97
43 107
43 118
43 123
43 126
43 127
44 48
44 49
44 51
44 53
44 56
44 59
44 60
44 64
44 71
44 72
44 82
44 93
44 94
44 99
44 100
44 103
44 106
44 114
44 117
44 118
44 122
45 47
45 48
45 51
45 52
45 57
45 60
45 61
45 63
45 70
45 71
45 74
45 76
45 77
45 78
45 83
45 87
45 90
45 91
45 95
45 99
45 103
45 108
45 111
45 112
45 118
45 119
45 125
45 126
45 128
46 48
46 51
46 52
46 56
46 57
46 59
46 61
46 81
46 83
46 95
46 96
46 97
46 103
46 104
46 107
46 109
46 111
46 112
46 115
46 117
46 126
46 127
46 128
47 49
47 51
47 54
47 56
47 62
47 64
47 67
47 71
47 73
47 77
47 78
47 84
47 87
47 88
47 89
47 91
47 92
47 95
47 96
47 99
47 109
47 110
47 118
47 121
48 63
48 76
48 77
48 82
48 85
48 88
48 94
48 104
48 116
48 124
48 125
48 128
49 50
49 51
49 53
49 55
49 61
49 66
49 69
49 70
49 74
49 76
49 78
49 89
49 91
49 92
49 103
49 105
49 106
49 107
49 112
49 113
49 119
49 122
49 124
49 125
50 51
50 52
50 54
50 55
50 61
50 64
50 70
50 71
50 73
50 74
50 75
50 77
50 90
50 94
50 96
50 97
50 104
50 111
50 114
50 116
50 117
50 118
50 121
50 128
51 54
51 55
51 57
51 62
51 67
51 68
51 71
51 77
51 78
51 79
51 84
51 86
51 89
51 94
51 99
51 100
51 104
51 110
51 114
51 117
51 118
51 119
51 125
51 127
51 128
52 55
52 56
52 64
52 65
52 66
52 76
52 80
52 81
52 83
52 84
52 85
52 86
52 88
52 101
52 102
52 104
52 109
52 114
52 117
52 118
52 120
52 121
52 125
52 126
52 128
53 58
53 60
53 61
53 67
53 68
53 69
53 81
53 86
53 91
53 92
53 98
53 105
53 114
53 115
53 123
53 127
54 56
54 63
54 64
54 72
54 74
54 87
54 89
54 90
54 94
54 98
54 99
54 100
54 101
54 103
54 104
54 111
54 113
54 117
54 119
54 121
54 124
54 126
55 56
55 59
55 61
55 63
55 66
55 68
55 69
55 70
55 71
55 73
55 75
55 81
55 84
55 89
55 90
55 98
55 103
55 105
55 107
55 114
55 116
55 118
55 123
55 125
56 58
56 61
56 69
56 78
56 80
56 82
56 84
56 86
56 92
56 101
56 102
56 104
56 106
56 107
56 109
56 111
56 120
56 121
56 124
56 128
57 70
57 74
57 76
57 83
57 85
57 86
57 94
57 106
57 113
57 116
57 120
57 121
57 123
57 127
58 67
58 77
58 78
58 82
58 95
58 97
58 100
58 109
58 112
58 115
58 120
58 121
58 124
58 125
59 63
59 75
59 84
59 87
59 88
59 90
59 93
59 94
59 95
59 102
59 106
59 108
59 110
59 113
59 115
59 116
59 118
59 123
59 124
60 64
60 67
60 68
60 76
60 79
60 81
60 82
60 84
60 88
60 92
60 99
60 104
60 110
60 115
60 116
60 117
60 123
60 128
61 62
61 63
61 68
61 72
61 74
61 76
61 79
61 85
61 86
61 87
61 89
61 94
61 97
61 100
61 104
61 105
61 109
61 110
61 112
61 114
61 118
61 119
61 120
61 126
62 63
62 77
62 81
62 83
62 86
62 87
62 88
62 98
62 102
62 108
62 114
62 121
62 123
62 124
62 128
63 67
63 68
63 70
63 73
63 74
63 77
63 81
63 83
63 84
63 86
63 87
63 98
63 100
63 101
63 102
63 103
63 106
63 109
63 113
63 118
63 119
63 120
63 124
63 125
64 66
64 67
64 68
64 73
64 74
64 75
64 85
64 87
64 89
64 91
64 97
64 104
64 106
64 114
64 118
64 120
64 121
64 122
64 125
65 68
65 69
65 71
65 75
65 83
65 88
65 89
65 97
65 100
65 107
65 110
65 111
65 119
65 120
65 122
66 69
66 72
66 73
66 75
66 78
66 79
66 95
66 98
66 99
66 105
66 106
66 108
66 114
66 127
67 73
67 74
67 78
67 98
67 103
67 107
67 108
67 110
67 111
67 120
67 125
67 126
67 127
68 69
68 71
68 72
68 75
68 76
68 77
68 80
68 84
68 85
68 86
68 89
68 90
68 99
68 100
68 102
68 106
68 108
68 111
68 116
68 118
68 119
68 122
69 72
69 83
69 84
69 95
69 99
69 107
69 111
69 122
69 128
70 71
70 73
70 74
70 86
70 94
70 118
70 120
70 128
71 75
71 76
71 78
71 84
71 86
71 103
71 107
71 108
71 113
71 115
71 122
71 124
71 125
72 74
72 77
72 81
72 82
72 85
72 91
72 93
72 97
72 99
72 101
72 102
72 107
72 108
72 110
72 114
72 119
72 124
72 125
72 128
73 76
73 77
73 78
73 81
73 82
73 85
73 87
73 92
73 99
73 104
73 105
73 107
73 124
73 126
73 127
73 128
74 76
74 81
74 82
74 84
74 89
74 90
74 93
74 99
74 115
74 117
74 122
74 126
75 76
75 82
75 84
75 88
75 93
75 94
75 97
75 102
75 103
75 104
75 112
75 115
75 117
75 125
76 89
76 95
76 101
76 103
76 107
76 109
76 110
76 116
76 117
76 118
76 121
76 122
76 123
76 124
76 125
77 80
77 83
77 86
77 89
77 92
77 93
77 98
77 99
77 100
77 104
77 106
77 107
77 108
77 111
77 116
77 117
77 126
77 128
78 79
78 80
78 89
78 91
78 95
78 97
78 102
78 108
78 110
78 113
78 115
78 116
78 121
78 122
78 125
79 81
79 86
79 90
79 91
79 93
79 98
79 106
79 117
79 124
79 126
79 127
79 128
80 86
80 88
80 92
80 94
80 100
80 101
80 103
80 107
80 108
80 111
80 112
80 113
80 115
80 116
80 119
80 122
80 124
80 126
80 127
81 88
81 91
81 92
81 96
81 98
81 100
81 110
81 111
81 113
81 119
81 120
81 121
81 127
82 89
82 90
82 91
82 94
82 102
82 107
82 110
82 117
82 118
82 119
82 122
82 126
83 88
83 98
83 99
83 101
83 102
83 104
83 110
83 111
83 112
83 113
83 118
83 122
83 123
83 125
84 86
84 88
84 94
84 96
84 97
84 102
84 105
84 115
84 118
84 120
84 123
84 126
85 92
85 93
85 96
85 102
85 105
85 107
85 111
85 117
85 121
85 123
85 124
85 125
85 126
86 87
86 92
86 93
86 95
86 96
86 103
86 106
86 107
86 111
86 112
86 120
87 91
87 94
87 99
87 102
87 105
87 110
87 114
87 117
87 122
87 126
88 90
88 97
88 98
88 105
88 108
88 109
88 123
88 127
89 95
89 102
89 105
89 106
89 108
89 110
89 116
89 121
90 92
90 93
90 98
90 100
90 105
90 107
90 108
90 115
90 118
90 122
91 93
91 99
91 101
91 108
91 111
91 114
91 118
91 121
91 123
92 93
92 94
92 97
92 99
92 103
92 104
92 105
92 109
92 112
92 114
92 116
92 121
92 122
92 125
93 95
93 97
93 98
93 100
93 102
93 104
93 107
93 108
93 114
93 117
93 118
93 121
93 123
93 128
94 95
94 99
94 100
94 109
94 110
94 113
94 114
94 118
94 120
94 122
95 100
95 102
95 106
95 107
95 116
95 126
96 98
96 99
96 109
96 112
96 115
96 119
96 121
96 123
96 124
97 101
97 108
97 113
97 122
97 124
97 125
97 128
98 100
98 104
98 106
98 107
98 108
98 109
98 119
98 122
98 126
99 102
99 103
99 110
99 118
99 121
99 123
99 126
100 103
100 104
100 105
100 107
100 109
100 114
100 118
100 120
100 125
101 102
101 112
101 113
101 115
101 121
101 122
102 106
102 107
102 108
102 110
102 111
102 112
102 113
102 114
102 120
102 123
102 128
103 107
103 109
103 111
103 116
103 119
103 121
104 109
104 110
104 111
104 116
104 117
104 126
104 127
105 110
105 112
105 113
105 115
105 117
105 121
105 122
105 123
105 125
105 127
105 128
106 107
106 108
106 112
106 113
106 119
106 123
106 125
106 128
107 112
107 113
107 114
107 115
107 119
107 121
108 111
108 112
108 118
108 119
108 121
108 126
108 127
109 114
109 116
109 121
109 128
110 114
110 116
110 125
110 127
111 114
111 119
111 124
112 116
112 117
112 118
112 119
112 124
113 117
113 128
114 118
114 126
114 128
115 117
115 118
115 125
115 127
116 120
116 124
116 126
117 118
117 120
117 122
117 124
118 119
118 120
118 121
119 123
119 124
119 127
121 123
121 125
121 127
124 125
127 128
