128 2852
1
2
3
4
5
6
7
8
9
10
11
12
13
14
15
16
17
18
19
20
21
22
23
24
25
26
27
28
29
30
31
32
33
34
35
36
37
38
39
40
41
42
43
44
45
46
47
48
49
50
51
52
53
54
55
56
57
58
59
60
61
62
63
64
65
66
67
68
69
70
71
72
73
74
75
76
77
78
79
80
81
82
83
84
85
86
87
88
89
90
91
92
93
94
95
96
97
98
99
100
101
102
103
104
105
106
107
108
109
110
111
112
113
114
115
116
117
118
119
120
121
122
123
124
125
126
127
128
1 2 
1 7 
1 12 
1 13 
1 15 
1 16 
1 17 
1 22 
1 23 
1 28 
1 30 
1 36 
1 37 
1 39 
1 41 
1 47 
1 48 
1 51 
1 53 
1 56 
1 59 
1 60 
1 62 
1 64 
1 65 
1 66 
1 68 
1 69 
1 71 
1 72 
1 74 
1 79 
1 80 
1 83 
1 91 
1 95 
1 96 
1 100 
1 102 
1 105 
1 106 
1 109 
1 112 
1 122 
1 125 
1 126 
2 3 
2 8 
2 9 
2 16 
2 17 
2 21 
2 22 
2 24 
2 27 
2 29 
2 35 
2 39 
2 40 
2 41 
2 43 
2 44 
2 48 
2 54 
2 57 
2 65 
2 66 
2 76 
2 78 
2 85 
2 86 
2 93 
2 96 
2 97 
2 100 
2 102 
2 110 
2 115 
2 116 
2 117 
2 119 
2 123 
2 125 
2 127 
2 128 
3 10 
3 11 
3 16 
3 17 
3 18 
3 19 
3 26 
3 27 
3 28 
3 32 
3 33 
3 36 
3 37 
3 38 
3 39 
3 41 
3 42 
3 43 
3 44 
3 45 
3 47 
3 50 
3 52 
3 53 
3 54 
3 57 
3 64 
3 65 
3 67 
3 78 
3 79 
3 81 
3 90 
3 91 
3 95 
3 98 
3 99 
3 100 
3 102 
3 103 
3 104 
3 108 
3 110 
3 111 
3 112 
3 113 
3 114 
3 115 
3 116 
3 117 
3 119 
3 121 
3 123 
3 126 
3 127 
4 5 
4 7 
4 8 
4 9 
4 13 
4 16 
4 18 
4 19 
4 23 
4 31 
4 33 
4 43 
4 47 
4 50 
4 51 
4 52 
4 53 
4 57 
4 58 
4 59 
4 61 
4 62 
4 65 
4 66 
4 67 
4 69 
4 80 
4 85 
4 88 
4 97 
4 103 
4 104 
4 105 
4 109 
4 118 
4 120 
4 121 
4 123 
4 124 
5 6 
5 11 
5 14 
5 15 
5 17 
5 21 
5 22 
5 27 
5 31 
5 32 
5 37 
5 38 
5 39 
5 41 
5 42 
5 44 
5 45 
5 47 
5 49 
5 50 
5 51 
5 52 
5 58 
5 59 
5 61 
5 64 
5 67 
5 68 
5 73 
5 81 
5 82 
5 83 
5 85 
5 88 
5 94 
5 95 
5 96 
5 97 
5 101 
5 102 
5 105 
5 107 
5 108 
5 114 
5 120 
5 126 
6 8 
6 10 
6 13 
6 15 
6 16 
6 17 
6 24 
6 25 
6 29 
6 31 
6 34 
6 35 
6 36 
6 37 
6 39 
6 42 
6 43 
6 44 
6 48 
6 49 
6 50 
6 52 
6 55 
6 56 
6 61 
6 62 
6 63 
6 64 
6 75 
6 80 
6 82 
6 83 
6 85 
6 90 
6 91 
6 94 
6 98 
6 99 
6 100 
6 101 
6 102 
6 108 
6 110 
6 113 
6 114 
6 115 
6 116 
6 120 
6 122 
7 16 
7 18 
7 19 
7 21 
7 22 
7 24 
7 26 
7 27 
7 28 
7 30 
7 33 
7 36 
7 37 
7 38 
7 39 
7 46 
7 47 
7 48 
7 52 
7 59 
7 69 
7 71 
7 72 
7 73 
7 80 
7 81 
7 82 
7 86 
7 89 
7 90 
7 91 
7 95 
7 99 
7 101 
7 102 
7 104 
7 105 
7 108 
7 109 
7 110 
7 112 
7 113 
7 114 
7 118 
7 121 
7 123 
7 124 
7 127 
7 128 
8 12 
8 15 
8 17 
8 20 
8 21 
8 22 
8 24 
8 25 
8 46 
8 52 
8 53 
8 54 
8 55 
8 63 
8 65 
8 66 
8 67 
8 69 
8 70 
8 75 
8 76 
8 79 
8 80 
8 81 
8 82 
8 85 
8 86 
8 87 
8 94 
8 96 
8 112 
8 120 
8 121 
8 122 
8 123 
9 13 
9 14 
9 15 
9 25 
9 27 
9 32 
9 33 
9 34 
9 35 
9 38 
9 39 
9 40 
9 41 
9 56 
9 60 
9 62 
9 66 
9 68 
9 69 
9 74 
9 77 
9 79 
9 87 
9 88 
9 89 
9 91 
9 94 
9 95 
9 98 
9 99 
9 100 
9 101 
9 102 
9 103 
9 105 
9 108 
9 110 
9 112 
9 113 
9 114 
9 115 
9 128 
10 11 
10 12 
10 13 
10 14 
10 19 
10 22 
10 24 
10 34 
10 36 
10 38 
10 39 
10 41 
10 46 
10 48 
10 50 
10 51 
10 59 
10 62 
10 63 
10 68 
10 72 
10 79 
10 80 
10 81 
10 82 
10 89 
10 91 
10 96 
10 99 
10 105 
10 106 
10 108 
10 114 
10 115 
10 116 
10 123 
10 127 
11 13 
11 15 
11 18 
11 20 
11 23 
11 24 
11 25 
11 27 
11 30 
11 31 
11 34 
11 36 
11 38 
11 42 
11 45 
11 47 
11 50 
11 51 
11 60 
11 61 
11 64 
11 65 
11 71 
11 74 
11 76 
11 78 
11 79 
11 82 
11 83 
11 84 
11 85 
11 87 
11 88 
11 92 
11 94 
11 97 
11 98 
11 99 
11 100 
11 103 
11 104 
11 108 
11 109 
11 114 
11 115 
11 116 
11 119 
11 120 
11 123 
11 126 
12 15 
12 16 
12 17 
12 18 
12 22 
12 24 
12 26 
12 32 
12 36 
12 40 
12 42 
12 46 
12 51 
12 52 
12 53 
12 62 
12 68 
12 71 
12 73 
12 74 
12 79 
12 81 
12 84 
12 89 
12 96 
12 98 
12 105 
12 108 
12 109 
12 112 
12 118 
12 119 
12 120 
12 122 
12 123 
13 14 
13 15 
13 21 
13 23 
13 26 
13 29 
13 30 
13 34 
13 35 
13 36 
13 38 
13 41 
13 43 
13 45 
13 46 
13 53 
13 58 
13 59 
13 66 
13 71 
13 77 
13 83 
13 89 
13 91 
13 93 
13 95 
13 97 
13 107 
13 108 
13 114 
13 115 
13 119 
13 120 
13 122 
13 123 
13 125 
13 126 
14 15 
14 18 
14 21 
14 28 
14 30 
14 32 
14 33 
14 40 
14 41 
14 42 
14 43 
14 44 
14 45 
14 47 
14 49 
14 51 
14 53 
14 54 
14 59 
14 60 
14 63 
14 64 
14 71 
14 74 
14 80 
14 81 
14 84 
14 85 
14 86 
14 89 
14 91 
14 92 
14 95 
14 98 
14 100 
14 101 
14 104 
14 114 
14 115 
14 121 
14 122 
14 124 
14 126 
14 127 
15 19 
15 23 
15 32 
15 34 
15 35 
15 36 
15 37 
15 40 
15 41 
15 42 
15 46 
15 49 
15 51 
15 60 
15 73 
15 82 
15 84 
15 92 
15 94 
15 96 
15 99 
15 101 
15 102 
15 103 
15 104 
15 106 
15 111 
15 113 
15 117 
15 118 
15 123 
15 124 
15 125 
15 128 
16 17 
16 19 
16 22 
16 23 
16 24 
16 27 
16 29 
16 30 
16 33 
16 36 
16 37 
16 38 
16 39 
16 43 
16 49 
16 50 
16 51 
16 52 
16 53 
16 63 
16 67 
16 74 
16 75 
16 78 
16 86 
16 89 
16 90 
16 91 
16 92 
16 101 
16 105 
16 108 
16 111 
16 113 
16 115 
16 116 
16 117 
16 122 
16 123 
17 19 
17 20 
17 25 
17 30 
17 32 
17 34 
17 35 
17 36 
17 38 
17 47 
17 49 
17 51 
17 53 
17 54 
17 55 
17 56 
17 57 
17 60 
17 63 
17 64 
17 75 
17 78 
17 79 
17 80 
17 82 
17 83 
17 84 
17 85 
17 87 
17 89 
17 90 
17 91 
17 92 
17 93 
17 96 
17 98 
17 99 
17 105 
17 111 
17 112 
17 115 
17 119 
17 121 
17 122 
17 123 
18 21 
18 22 
18 24 
18 35 
18 36 
18 37 
18 39 
18 42 
18 44 
18 45 
18 47 
18 53 
18 54 
18 55 
18 58 
18 59 
18 62 
18 68 
18 70 
18 71 
18 74 
18 79 
18 80 
18 88 
18 92 
18 93 
18 95 
18 96 
18 97 
18 99 
18 102 
18 103 
18 107 
18 111 
18 112 
18 119 
18 122 
18 123 
18 125 
18 126 
19 21 
19 22 
19 29 
19 31 
19 34 
19 36 
19 38 
19 43 
19 48 
19 54 
19 57 
19 58 
19 64 
19 65 
19 66 
19 73 
19 74 
19 77 
19 80 
19 82 
19 86 
19 89 
19 92 
19 99 
19 101 
19 103 
19 104 
19 118 
19 120 
19 121 
19 123 
19 124 
19 127 
19 128 
20 21 
20 23 
20 26 
20 27 
20 28 
20 38 
20 39 
20 41 
20 43 
20 44 
20 54 
20 56 
20 59 
20 60 
20 61 
20 63 
20 65 
20 66 
20 69 
20 71 
20 72 
20 74 
20 81 
20 84 
20 86 
20 87 
20 89 
20 90 
20 91 
20 97 
20 99 
20 101 
20 110 
20 113 
20 114 
20 121 
20 127 
21 25 
21 26 
21 28 
21 29 
21 34 
21 35 
21 39 
21 43 
21 45 
21 46 
21 47 
21 48 
21 49 
21 51 
21 52 
21 57 
21 59 
21 60 
21 61 
21 62 
21 63 
21 68 
21 69 
21 71 
21 72 
21 75 
21 80 
21 82 
21 83 
21 85 
21 87 
21 89 
21 90 
21 93 
21 95 
21 99 
21 101 
21 102 
21 103 
21 111 
21 113 
21 121 
21 125 
22 24 
22 26 
22 27 
22 29 
22 31 
22 37 
22 44 
22 46 
22 47 
22 48 
22 54 
22 56 
22 58 
22 59 
22 64 
22 65 
22 72 
22 77 
22 78 
22 81 
22 83 
22 84 
22 88 
22 89 
22 98 
22 99 
22 100 
22 101 
22 104 
22 110 
22 114 
22 119 
22 121 
22 125 
22 127 
22 128 
23 24 
23 31 
23 34 
23 35 
23 36 
23 38 
23 43 
23 49 
23 51 
23 56 
23 62 
23 65 
23 67 
23 69 
23 70 
23 71 
23 72 
23 76 
23 80 
23 81 
23 85 
23 87 
23 92 
23 93 
23 97 
23 98 
23 103 
23 107 
23 109 
23 111 
23 112 
23 121 
23 122 
23 126 
24 30 
24 31 
24 32 
24 34 
24 41 
24 44 
24 47 
24 48 
24 49 
24 50 
24 52 
24 53 
24 56 
24 60 
24 62 
24 63 
24 66 
24 70 
24 72 
24 73 
24 75 
24 78 
24 80 
24 82 
24 86 
24 89 
24 91 
24 92 
24 93 
24 96 
24 98 
24 99 
24 100 
24 101 
24 102 
24 106 
24 110 
24 111 
24 115 
24 116 
24 118 
24 123 
24 124 
25 26 
25 27 
25 31 
25 35 
25 36 
25 40 
25 41 
25 50 
25 51 
25 54 
25 58 
25 66 
25 68 
25 74 
25 77 
25 78 
25 84 
25 85 
25 98 
25 100 
25 101 
25 103 
25 109 
25 110 
25 114 
25 118 
25 123 
25 127 
26 27 
26 32 
26 37 
26 40 
26 47 
26 48 
26 50 
26 53 
26 54 
26 55 
26 56 
26 59 
26 60 
26 64 
26 68 
26 70 
26 71 
26 72 
26 84 
26 86 
26 88 
26 90 
26 96 
26 99 
26 100 
26 109 
26 115 
26 122 
26 124 
26 126 
26 127 
26 128 
27 30 
27 31 
27 32 
27 37 
27 40 
27 41 
27 42 
27 44 
27 45 
27 46 
27 47 
27 56 
27 67 
27 68 
27 70 
27 75 
27 77 
27 78 
27 79 
27 80 
27 81 
27 82 
27 86 
27 93 
27 94 
27 96 
27 99 
27 102 
27 103 
27 104 
27 106 
27 107 
27 111 
27 115 
27 119 
27 120 
27 121 
27 123 
27 125 
27 126 
27 128 
28 31 
28 33 
28 35 
28 40 
28 43 
28 45 
28 46 
28 47 
28 55 
28 59 
28 62 
28 69 
28 72 
28 74 
28 75 
28 77 
28 79 
28 85 
28 101 
28 109 
28 114 
28 115 
28 116 
28 117 
28 123 
28 126 
28 128 
29 31 
29 33 
29 34 
29 35 
29 37 
29 38 
29 39 
29 41 
29 44 
29 45 
29 46 
29 52 
29 53 
29 56 
29 60 
29 63 
29 67 
29 68 
29 71 
29 75 
29 77 
29 78 
29 80 
29 81 
29 84 
29 87 
29 110 
29 111 
29 113 
29 114 
29 116 
29 117 
29 121 
29 128 
30 33 
30 34 
30 36 
30 38 
30 39 
30 42 
30 45 
30 50 
30 52 
30 55 
30 60 
30 61 
30 67 
30 73 
30 75 
30 77 
30 81 
30 85 
30 86 
30 88 
30 89 
30 95 
30 97 
30 99 
30 100 
30 106 
30 107 
30 108 
30 112 
30 116 
30 120 
30 126 
31 32 
31 34 
31 35 
31 42 
31 44 
31 47 
31 49 
31 55 
31 57 
31 58 
31 63 
31 64 
31 67 
31 68 
31 70 
31 75 
31 76 
31 78 
31 87 
31 91 
31 94 
31 97 
31 100 
31 101 
31 103 
31 105 
31 107 
31 108 
31 116 
31 118 
31 119 
31 120 
31 121 
31 122 
31 123 
31 126 
31 127 
32 35 
32 38 
32 39 
32 41 
32 45 
32 47 
32 49 
32 52 
32 55 
32 56 
32 57 
32 65 
32 67 
32 69 
32 70 
32 72 
32 73 
32 74 
32 76 
32 85 
32 88 
32 89 
32 91 
32 92 
32 98 
32 100 
32 110 
32 112 
32 113 
32 117 
32 118 
32 119 
32 125 
32 126 
32 128 
33 34 
33 36 
33 43 
33 44 
33 45 
33 47 
33 50 
33 60 
33 63 
33 72 
33 73 
33 85 
33 86 
33 91 
33 93 
33 96 
33 98 
33 99 
33 104 
33 105 
33 110 
33 111 
33 116 
33 125 
33 127 
34 35 
34 36 
34 40 
34 41 
34 45 
34 50 
34 52 
34 56 
34 59 
34 61 
34 63 
34 65 
34 68 
34 70 
34 75 
34 81 
34 84 
34 86 
34 87 
34 88 
34 90 
34 91 
34 92 
34 96 
34 110 
34 114 
34 120 
34 121 
34 124 
34 125 
34 127 
35 39 
35 40 
35 41 
35 42 
35 43 
35 45 
35 47 
35 49 
35 53 
35 57 
35 60 
35 64 
35 65 
35 67 
35 70 
35 73 
35 75 
35 80 
35 81 
35 83 
35 85 
35 86 
35 93 
35 94 
35 96 
35 100 
35 107 
35 109 
35 110 
35 112 
35 118 
35 119 
35 123 
35 124 
35 128 
36 39 
36 40 
36 42 
36 46 
36 48 
36 51 
36 56 
36 58 
36 60 
36 61 
36 67 
36 71 
36 73 
36 76 
36 78 
36 79 
36 81 
36 82 
36 85 
36 86 
36 89 
36 92 
36 98 
36 101 
36 102 
36 107 
36 113 
36 114 
36 121 
36 122 
36 123 
36 126 
36 128 
37 40 
37 41 
37 43 
37 44 
37 45 
37 46 
37 53 
37 54 
37 55 
37 59 
37 61 
37 62 
37 66 
37 67 
37 70 
37 71 
37 72 
37 74 
37 75 
37 76 
37 78 
37 84 
37 86 
37 88 
37 90 
37 93 
37 94 
37 95 
37 97 
37 100 
37 106 
37 108 
37 109 
37 112 
37 120 
37 122 
37 125 
37 126 
37 128 
38 39 
38 41 
38 44 
38 46 
38 47 
38 50 
38 52 
38 53 
38 56 
38 57 
38 58 
38 59 
38 62 
38 63 
38 64 
38 66 
38 68 
38 75 
38 78 
38 82 
38 85 
38 87 
38 93 
38 96 
38 99 
38 100 
38 101 
38 104 
38 106 
38 108 
38 110 
38 111 
38 112 
38 113 
38 116 
38 117 
38 118 
38 119 
38 125 
38 126 
38 127 
39 40 
39 41 
39 42 
39 43 
39 46 
39 48 
39 49 
39 52 
39 55 
39 58 
39 59 
39 61 
39 62 
39 63 
39 66 
39 70 
39 72 
39 73 
39 74 
39 76 
39 82 
39 85 
39 89 
39 91 
39 93 
39 95 
39 101 
39 107 
39 109 
39 112 
39 114 
39 117 
39 125 
40 41 
40 43 
40 44 
40 45 
40 46 
40 49 
40 52 
40 57 
40 60 
40 66 
40 67 
40 70 
40 73 
40 76 
40 77 
40 78 
40 80 
40 81 
40 82 
40 85 
40 87 
40 92 
40 94 
40 100 
40 102 
40 103 
40 108 
40 109 
40 117 
40 119 
40 123 
40 125 
40 127 
41 49 
41 53 
41 54 
41 61 
41 73 
41 74 
41 78 
41 80 
41 81 
41 83 
41 86 
41 93 
41 96 
41 97 
41 103 
41 113 
41 114 
41 120 
41 122 
41 128 
42 46 
42 47 
42 48 
42 56 
42 61 
42 62 
42 65 
42 72 
42 77 
42 79 
42 80 
42 82 
42 83 
42 84 
42 85 
42 86 
42 89 
42 96 
42 103 
42 106 
42 110 
42 115 
42 120 
42 122 
42 124 
42 125 
42 126 
42 128 
43 44 
43 46 
43 48 
43 49 
43 51 
43 52 
43 54 
43 57 
43 58 
43 62 
43 67 
43 68 
43 69 
43 72 
43 74 
43 78 
43 81 
43 83 
43 84 
43 89 
43 90 
43 95 
43 98 
43 100 
43 103 
43 104 
43 107 
43 113 
43 114 
43 115 
43 120 
43 122 
43 124 
43 126 
44 55 
44 56 
44 60 
44 63 
44 69 
44 71 
44 72 
44 73 
44 74 
44 75 
44 76 
44 78 
44 80 
44 81 
44 85 
44 89 
44 90 
44 94 
44 96 
44 97 
44 98 
44 100 
44 101 
44 110 
44 120 
44 122 
44 125 
44 127 
45 52 
45 54 
45 60 
45 61 
45 66 
45 67 
45 72 
45 76 
45 85 
45 87 
45 89 
45 91 
45 97 
45 100 
45 104 
45 106 
45 115 
45 120 
45 121 
45 124 
45 127 
45 128 
46 47 
46 49 
46 52 
46 54 
46 56 
46 58 
46 61 
46 66 
46 67 
46 68 
46 70 
46 71 
46 75 
46 76 
46 77 
46 81 
46 84 
46 87 
46 88 
46 89 
46 91 
46 93 
46 97 
46 99 
46 100 
46 104 
46 108 
46 109 
46 111 
46 112 
46 118 
46 119 
46 121 
46 124 
46 126 
46 127 
47 53 
47 64 
47 67 
47 69 
47 72 
47 74 
47 76 
47 79 
47 80 
47 83 
47 85 
47 89 
47 91 
47 92 
47 95 
47 97 
47 98 
47 99 
47 100 
47 105 
47 107 
47 108 
47 113 
47 121 
47 122 
47 127 
47 128 
48 51 
48 57 
48 58 
48 59 
48 61 
48 62 
48 64 
48 67 
48 68 
48 74 
48 75 
48 79 
48 80 
48 86 
48 89 
48 97 
48 98 
48 100 
48 102 
48 104 
48 105 
48 110 
48 112 
48 116 
48 118 
49 53 
49 57 
49 59 
49 60 
49 66 
49 70 
49 72 
49 75 
49 77 
49 78 
49 85 
49 86 
49 87 
49 89 
49 94 
49 97 
49 100 
49 102 
49 104 
49 107 
49 111 
49 120 
49 123 
50 51 
50 52 
50 53 
50 54 
50 56 
50 59 
50 60 
50 67 
50 71 
50 77 
50 78 
50 80 
50 82 
50 83 
50 86 
50 88 
50 95 
50 98 
50 100 
50 101 
50 102 
50 104 
50 105 
50 106 
50 107 
50 108 
50 109 
50 111 
50 113 
50 114 
50 118 
50 120 
50 121 
50 122 
50 123 
50 125 
50 126 
50 128 
51 59 
51 61 
51 62 
51 65 
51 67 
51 68 
51 71 
51 73 
51 76 
51 78 
51 79 
51 82 
51 84 
51 88 
51 90 
51 91 
51 95 
51 98 
51 102 
51 103 
51 106 
51 111 
51 115 
51 120 
51 126 
51 127 
51 128 
52 54 
52 57 
52 58 
52 65 
52 67 
52 69 
52 75 
52 76 
52 79 
52 80 
52 85 
52 99 
52 103 
52 108 
52 116 
52 117 
52 118 
52 121 
52 123 
52 125 
53 55 
53 56 
53 57 
53 59 
53 61 
53 63 
53 65 
53 68 
53 72 
53 75 
53 78 
53 80 
53 84 
53 85 
53 88 
53 98 
53 100 
53 102 
53 105 
53 107 
53 110 
53 111 
53 114 
53 115 
53 118 
53 119 
53 120 
53 123 
53 124 
53 126 
53 128 
54 72 
54 73 
54 75 
54 76 
54 77 
54 81 
54 87 
54 89 
54 91 
54 93 
54 95 
54 97 
54 102 
54 104 
54 106 
54 107 
54 111 
54 113 
54 115 
54 119 
54 123 
54 124 
54 125 
54 126 
54 128 
55 68 
55 70 
55 71 
55 72 
55 73 
55 79 
55 86 
55 87 
55 88 
55 90 
55 92 
55 97 
55 98 
55 101 
55 103 
55 104 
55 108 
55 110 
55 113 
55 118 
55 119 
55 120 
55 123 
55 125 
55 127 
56 59 
56 62 
56 66 
56 67 
56 72 
56 79 
56 80 
56 88 
56 91 
56 92 
56 93 
56 98 
56 99 
56 100 
56 101 
56 103 
56 104 
56 108 
56 110 
56 111 
56 113 
56 114 
56 115 
56 117 
56 119 
56 123 
56 124 
57 58 
57 63 
57 66 
57 67 
57 71 
57 74 
57 77 
57 78 
57 79 
57 82 
57 86 
57 91 
57 92 
57 98 
57 102 
57 104 
57 106 
57 107 
57 114 
57 115 
57 117 
57 120 
57 122 
58 59 
58 60 
58 61 
58 73 
58 74 
58 75 
58 78 
58 79 
58 82 
58 83 
58 86 
58 87 
58 89 
58 92 
58 93 
58 97 
58 103 
58 105 
58 106 
58 109 
58 115 
58 116 
58 118 
58 120 
58 122 
58 123 
58 125 
58 127 
59 67 
59 71 
59 73 
59 79 
59 84 
59 86 
59 87 
59 90 
59 91 
59 94 
59 98 
59 102 
59 103 
59 105 
59 108 
59 109 
59 111 
59 116 
59 117 
59 120 
59 121 
59 122 
59 123 
59 127 
60 67 
60 68 
60 70 
60 71 
60 76 
60 85 
60 89 
60 94 
60 96 
60 97 
60 104 
60 105 
60 106 
60 108 
60 109 
60 113 
60 116 
60 121 
60 122 
60 124 
60 125 
60 128 
61 63 
61 65 
61 70 
61 76 
61 79 
61 82 
61 83 
61 85 
61 88 
61 89 
61 92 
61 95 
61 98 
61 100 
61 103 
61 110 
61 124 
62 66 
62 67 
62 71 
62 74 
62 75 
62 76 
62 77 
62 78 
62 79 
62 82 
62 89 
62 92 
62 95 
62 96 
62 97 
62 99 
62 100 
62 101 
62 103 
62 108 
62 116 
62 118 
62 121 
62 124 
62 126 
62 127 
63 64 
63 66 
63 67 
63 71 
63 77 
63 78 
63 79 
63 80 
63 81 
63 82 
63 84 
63 85 
63 86 
63 89 
63 91 
63 94 
63 97 
63 101 
63 108 
63 110 
63 114 
63 116 
63 119 
63 120 
64 68 
64 69 
64 72 
64 73 
64 77 
64 79 
64 81 
64 82 
64 83 
64 88 
64 94 
64 97 
64 98 
64 99 
64 100 
64 101 
64 102 
64 104 
64 106 
64 114 
64 115 
64 123 
64 124 
65 68 
65 69 
65 72 
65 81 
65 86 
65 87 
65 88 
65 98 
65 100 
65 104 
65 108 
65 109 
65 112 
65 117 
65 119 
65 120 
65 124 
66 69 
66 70 
66 74 
66 75 
66 78 
66 79 
66 80 
66 85 
66 86 
66 87 
66 90 
66 91 
66 93 
66 94 
66 95 
66 98 
66 99 
66 102 
66 104 
66 105 
66 106 
66 112 
66 115 
66 117 
66 122 
66 125 
66 126 
66 128 
67 70 
67 71 
67 73 
67 76 
67 77 
67 78 
67 79 
67 81 
67 83 
67 84 
67 85 
67 86 
67 88 
67 89 
67 91 
67 92 
67 93 
67 94 
67 95 
67 96 
67 97 
67 99 
67 102 
67 104 
67 106 
67 107 
67 108 
67 112 
67 115 
67 117 
67 118 
67 119 
67 122 
67 123 
67 125 
68 71 
68 72 
68 77 
68 78 
68 79 
68 83 
68 85 
68 86 
68 93 
68 96 
68 97 
68 98 
68 100 
68 101 
68 103 
68 107 
68 109 
68 111 
68 112 
68 114 
68 119 
68 120 
68 128 
69 70 
69 75 
69 76 
69 77 
69 81 
69 82 
69 84 
69 85 
69 86 
69 88 
69 90 
69 92 
69 93 
69 94 
69 96 
69 97 
69 98 
69 100 
69 106 
69 107 
69 109 
69 110 
69 113 
69 124 
69 125 
69 126 
69 127 
70 71 
70 72 
70 73 
70 78 
70 79 
70 80 
70 83 
70 92 
70 94 
70 102 
70 103 
70 105 
70 106 
70 109 
70 119 
70 123 
70 127 
71 72 
71 73 
71 77 
71 78 
71 81 
71 82 
71 84 
71 87 
71 91 
71 97 
71 98 
71 103 
71 105 
71 106 
71 108 
71 110 
71 123 
71 124 
71 127 
72 73 
72 74 
72 75 
72 77 
72 78 
72 79 
72 83 
72 84 
72 85 
72 86 
72 87 
72 90 
72 92 
72 97 
72 98 
72 99 
72 100 
72 101 
72 105 
72 108 
72 116 
72 118 
72 128 
73 75 
73 79 
73 84 
73 87 
73 88 
73 90 
73 93 
73 94 
73 98 
73 99 
73 107 
73 108 
73 114 
73 119 
74 78 
74 82 
74 83 
74 88 
74 90 
74 92 
74 96 
74 109 
74 110 
74 117 
75 78 
75 81 
75 88 
75 91 
75 93 
75 97 
75 100 
75 104 
75 105 
75 108 
75 110 
75 119 
75 122 
75 123 
75 126 
76 79 
76 80 
76 83 
76 84 
76 86 
76 89 
76 91 
76 93 
76 96 
76 97 
76 99 
76 100 
76 102 
76 104 
76 112 
76 116 
76 121 
76 122 
76 128 
77 78 
77 79 
77 83 
77 88 
77 93 
77 104 
77 108 
77 110 
77 114 
77 117 
77 121 
77 123 
77 125 
77 126 
78 80 
78 83 
78 87 
78 89 
78 97 
78 99 
78 102 
78 106 
78 111 
78 113 
78 121 
78 122 
78 123 
78 125 
78 126 
78 128 
79 81 
79 83 
79 84 
79 88 
79 90 
79 93 
79 97 
79 99 
79 100 
79 101 
79 103 
79 104 
79 106 
79 107 
79 108 
79 110 
79 111 
79 113 
79 117 
79 125 
80 81 
80 83 
80 84 
80 85 
80 88 
80 90 
80 95 
80 101 
80 102 
80 104 
80 105 
80 107 
80 108 
80 109 
80 111 
80 112 
80 114 
80 119 
80 125 
80 126 
80 128 
81 82 
81 84 
81 85 
81 89 
81 90 
81 94 
81 96 
81 98 
81 101 
81 104 
81 109 
81 113 
81 118 
81 119 
81 122 
81 125 
81 127 
81 128 
82 85 
82 87 
82 89 
82 93 
82 94 
82 104 
82 106 
82 110 
82 114 
82 120 
82 123 
82 124 
82 127 
83 85 
83 86 
83 91 
83 92 
83 94 
83 98 
83 99 
83 100 
83 103 
83 104 
83 109 
83 110 
83 111 
83 114 
83 115 
84 95 
84 99 
84 100 
84 101 
84 105 
84 106 
84 107 
84 109 
84 110 
84 112 
84 115 
84 119 
84 124 
84 125 
84 126 
84 128 
85 87 
85 92 
85 98 
85 99 
85 101 
85 102 
85 109 
85 111 
85 112 
85 114 
85 118 
85 121 
85 122 
85 125 
85 126 
85 127 
85 128 
86 89 
86 90 
86 96 
86 100 
86 103 
86 109 
86 112 
86 115 
86 116 
86 117 
86 118 
86 120 
86 123 
86 125 
86 126 
87 95 
87 100 
87 101 
87 103 
87 105 
87 108 
87 109 
87 114 
87 123 
87 125 
87 126 
88 90 
88 93 
88 94 
88 96 
88 98 
88 99 
88 101 
88 104 
88 105 
88 109 
88 112 
88 116 
89 92 
89 94 
89 95 
89 101 
89 103 
89 111 
89 112 
89 116 
89 117 
89 120 
89 122 
90 92 
90 94 
90 98 
90 99 
90 102 
90 103 
90 105 
90 106 
90 107 
90 108 
90 109 
90 111 
90 116 
90 121 
90 127 
90 128 
91 93 
91 97 
91 98 
91 99 
91 103 
91 105 
91 109 
91 113 
91 115 
91 121 
91 122 
91 123 
91 125 
92 98 
92 101 
92 103 
92 105 
92 107 
92 108 
92 114 
92 118 
92 120 
92 122 
92 125 
93 94 
93 97 
93 98 
93 104 
93 108 
93 110 
93 111 
93 117 
93 118 
93 124 
94 97 
94 99 
94 100 
94 101 
94 107 
94 110 
94 114 
94 115 
94 116 
94 118 
94 127 
94 128 
95 96 
95 101 
95 107 
95 109 
95 113 
95 122 
95 127 
96 97 
96 101 
96 102 
96 108 
96 112 
96 114 
96 118 
96 119 
96 127 
97 98 
97 101 
97 102 
97 103 
97 108 
97 112 
97 116 
97 120 
97 122 
97 124 
97 125 
98 103 
98 106 
98 109 
98 111 
98 112 
98 118 
98 121 
98 127 
99 100 
99 105 
99 118 
99 125 
99 126 
100 102 
100 103 
100 104 
100 109 
100 110 
100 111 
100 113 
100 114 
100 117 
100 120 
100 123 
100 125 
101 103 
101 105 
101 110 
101 111 
101 113 
101 116 
101 117 
101 119 
101 122 
101 125 
102 103 
102 105 
102 106 
102 108 
102 115 
102 118 
102 119 
102 123 
102 125 
102 127 
103 107 
103 108 
103 114 
103 116 
103 118 
103 120 
103 121 
103 123 
103 124 
103 125 
104 108 
104 109 
104 110 
104 116 
104 126 
105 110 
105 111 
105 112 
105 115 
105 117 
105 121 
105 123 
105 125 
105 126 
105 127 
105 128 
106 109 
106 113 
106 114 
106 115 
106 116 
106 117 
106 120 
106 121 
106 123 
106 124 
106 127 
106 128 
107 109 
107 112 
107 115 
107 119 
107 120 
108 109 
108 111 
108 113 
108 117 
108 120 
108 122 
108 126 
108 127 
108 128 
109 112 
109 114 
109 115 
109 117 
109 119 
109 120 
109 121 
109 122 
109 123 
109 124 
109 127 
110 114 
110 121 
110 122 
110 123 
110 124 
110 125 
111 114 
111 117 
111 119 
111 124 
111 128 
112 113 
112 117 
112 121 
112 122 
112 125 
112 128 
113 114 
113 120 
113 122 
113 124 
114 117 
114 119 
114 120 
114 125 
114 126 
114 128 
115 116 
115 119 
115 121 
115 126 
115 128 
116 117 
116 120 
116 125 
117 119 
117 120 
117 122 
117 123 
117 125 
117 126 
118 120 
118 122 
118 124 
118 127 
118 128 
119 121 
119 125 
119 127 
119 128 
120 121 
120 122 
120 127 
121 123 
121 128 
122 128 
123 126 
123 128 
125 126 
126 127 
126 128 
127 128 
