128 3043
1 3
1 5
1 7
1 10
1 15
1 16
1 19
1 20
1 25
1 28
1 29
1 30
1 31
1 34
1 35
1 38
1 43
1 48
1 50
1 51
1 52
1 53
1 61
1 65
1 67
1 68
1 72
1 76
1 79
1 80
1 83
1 85
1 86
1 92
1 95
1 100
1 101
1 107
1 112
1 113
1 117
1 119
1 123
1 127
2 11
2 15
2 16
2 18
2 21
2 24
2 27
2 32
2 34
2 35
2 40
2 47
2 48
2 55
2 56
2 59
2 62
2 64
2 67
2 72
2 74
2 75
2 76
2 80
2 81
2 82
2 83
2 86
2 87
2 92
2 94
2 96
2 99
2 103
2 107
2 110
2 111
2 112
2 115
2 116
2 119
2 125
2 127
3 6
3 8
3 9
3 10
3 16
3 17
3 19
3 20
3 21
3 23
3 29
3 32
3 37
3 40
3 43
3 45
3 47
3 51
3 52
3 61
3 68
3 69
3 70
3 73
3 74
3 75
3 78
3 85
3 86
3 88
3 89
3 91
3 93
3 94
3 96
3 97
3 100
3 101
3 103
3 106
3 108
3 109
3 112
3 116
3 117
3 118
3 120
3 121
3 126
3 127
4 5
4 10
4 11
4 15
4 18
4 21
4 28
4 31
4 32
4 33
4 38
4 40
4 43
4 44
4 45
4 46
4 49
4 51
4 55
4 56
4 57
4 59
4 61
4 64
4 66
4 76
4 77
4 79
4 85
4 91
4 93
4 95
4 100
4 106
4 107
4 108
4 110
4 111
4 118
4 119
4 122
4 123
4 124
4 125
4 128
5 7
5 8
5 9
5 10
5 12
5 13
5 14
5 15
5 19
5 21
5 22
5 24
5 25
5 26
5 28
5 32
5 34
5 35
5 36
5 40
5 42
5 43
5 45
5 47
5 48
5 49
5 50
5 51
5 52
5 54
5 58
5 61
5 64
5 70
5 78
5 79
5 82
5 85
5 86
5 90
5 96
5 99
5 102
5 103
5 104
5 106
5 109
5 111
5 112
5 117
5 118
5 121
5 122
5 124
5 125
5 127
6 7
6 9
6 11
6 12
6 14
6 15
6 23
6 25
6 26
6 28
6 33
6 40
6 41
6 42
6 43
6 45
6 47
6 48
6 52
6 53
6 54
6 55
6 56
6 58
6 59
6 60
6 61
6 62
6 64
6 72
6 74
6 79
6 81
6 83
6 85
6 86
6 87
6 88
6 89
6 90
6 93
6 94
6 95
6 97
6 101
6 103
6 104
6 107
6 111
6 113
6 114
6 115
6 116
6 118
6 122
6 124
6 125
7 14
7 17
7 20
7 24
7 29
7 32
7 47
7 51
7 55
7 58
7 60
7 63
7 66
7 67
7 72
7 73
7 77
7 78
7 79
7 80
7 81
7 84
7 86
7 88
7 89
7 91
7 94
7 97
7 102
7 105
7 106
7 111
7 113
7 126
7 128
8 9
8 13
8 14
8 15
8 19
8 20
8 22
8 23
8 25
8 26
8 27
8 28
8 31
8 34
8 37
8 38
8 39
8 49
8 50
8 51
8 52
8 53
8 55
8 57
8 58
8 59
8 60
8 61
8 62
8 66
8 68
8 69
8 70
8 72
8 73
8 79
8 80
8 81
8 84
8 85
8 88
8 89
8 91
8 92
8 95
8 98
8 99
8 101
8 102
8 108
8 109
8 112
8 114
8 115
8 117
8 119
8 120
8 121
8 123
8 128
9 10
9 11
9 12
9 13
9 15
9 20
9 23
9 24
9 27
9 31
9 33
9 39
9 45
9 46
9 48
9 49
9 54
9 58
9 61
9 67
9 75
9 87
9 88
9 94
9 95
9 100
9 101
9 105
9 109
9 111
9 117
9 118
9 120
9 121
9 122
9 124
9 128
10 15
10 26
10 29
10 31
10 43
10 45
10 49
10 50
10 53
10 54
10 55
10 59
10 63
10 64
10 68
10 71
10 73
10 76
10 89
10 92
10 93
10 95
10 102
10 104
10 105
10 107
10 110
10 116
10 119
10 121
10 123
10 127
11 13
11 14
11 16
11 22
11 24
11 26
11 29
11 32
11 34
11 36
11 39
11 43
11 44
11 47
11 54
11 56
11 58
11 60
11 61
11 67
11 70
11 73
11 75
11 77
11 78
11 80
11 87
11 88
11 89
11 94
11 101
11 105
11 106
11 107
11 108
11 113
11 116
11 118
11 120
11 124
11 126
12 14
12 17
12 21
12 24
12 28
12 34
12 41
12 42
12 51
12 52
12 57
12 59
12 60
12 62
12 63
12 70
12 72
12 74
12 75
12 76
12 77
12 79
12 81
12 89
12 91
12 95
12 99
12 103
12 107
12 109
12 112
12 114
12 117
12 118
12 120
12 121
12 124
13 16
13 23
13 25
13 26
13 28
13 35
13 36
13 39
13 43
13 50
13 55
13 57
13 61
13 62
13 63
13 66
13 69
13 70
13 74
13 75
13 76
13 79
13 83
13 85
13 87
13 90
13 92
13 96
13 97
13 101
13 104
13 109
13 110
13 113
13 114
13 115
13 117
13 118
13 119
13 120
13 123
13 124
13 127
14 15
14 18
14 24
14 25
14 27
14 34
14 35
14 37
14 38
14 41
14 43
14 44
14 48
14 50
14 52
14 56
14 57
14 61
14 62
14 63
14 65
14 69
14 71
14 72
14 74
14 75
14 76
14 77
14 78
14 79
14 80
14 83
14 84
14 85
14 88
14 92
14 97
14 99
14 100
14 101
14 102
14 104
14 109
14 111
14 118
14 120
14 121
14 122
14 123
14 128
15 16
15 20
15 21
15 24
15 27
15 28
15 29
15 30
15 31
15 32
15 36
15 41
15 48
15 51
15 57
15 58
15 59
15 62
15 63
15 65
15 66
15 72
15 74
15 76
15 77
15 84
15 86
15 89
15 95
15 97
15 98
15 104
15 109
15 112
15 116
15 125
15 126
15 128
16 21
16 27
16 33
16 37
16 38
16 41
16 44
16 49
16 50
16 55
16 56
16 62
16 64
16 66
16 68
16 71
16 73
16 77
16 79
16 80
16 81
16 82
16 84
16 86
16 90
16 91
16 92
16 93
16 95
16 96
16 99
16 101
16 102
16 103
16 108
16 110
16 112
16 116
16 117
16 118
16 121
16 124
16 126
16 127
16 128
17 19
17 20
17 22
17 35
17 37
17 43
17 44
17 45
17 47
17 50
17 51
17 54
17 55
17 58
17 61
17 62
17 64
17 67
17 68
17 70
17 71
17 72
17 73
17 74
17 75
17 80
17 83
17 86
17 88
17 98
17 101
17 102
17 105
17 107
17 108
17 109
17 113
17 123
17 127
17 128
18 19
18 20
18 23
18 29
18 30
18 39
18 41
18 46
18 53
18 58
18 60
18 64
18 67
18 72
18 77
18 78
18 80
18 81
18 82
18 85
18 87
18 88
18 89
18 91
18 96
18 97
18 98
18 99
18 102
18 108
18 111
18 112
18 114
18 115
18 123
18 127
19 22
19 23
19 26
19 28
19 31
19 37
19 39
19 41
19 43
19 46
19 47
19 48
19 53
19 55
19 57
19 59
19 61
19 62
19 64
19 65
19 67
19 70
19 72
19 77
19 78
19 80
19 83
19 87
19 90
19 94
19 97
19 99
19 100
19 104
19 110
19 111
19 113
19 114
19 115
19 116
19 118
19 124
19 126
19 128
20 23
20 24
20 26
20 30
20 37
20 42
20 48
20 52
20 53
20 55
20 56
20 58
20 59
20 61
20 62
20 63
20 71
20 75
20 77
20 80
20 81
20 84
20 86
20 87
20 96
20 99
20 103
20 105
20 106
20 108
20 112
20 114
20 117
20 118
20 119
20 120
20 123
20 124
20 125
20 127
20 128
21 24
21 25
21 36
21 45
21 48
21 54
21 57
21 58
21 60
21 63
21 67
21 70
21 71
21 74
21 76
21 83
21 90
21 98
21 100
21 102
21 106
21 108
21 110
21 111
21 114
21 115
21 118
21 120
21 123
21 125
21 126
21 127
21 128
22 27
22 29
22 33
22 35
22 38
22 39
22 43
22 44
22 46
22 49
22 55
22 56
22 58
22 64
22 65
22 67
22 69
22 70
22 71
22 75
22 80
22 81
22 82
22 84
22 85
22 86
22 87
22 90
22 91
22 93
22 94
22 97
22 98
22 106
22 108
22 110
22 115
22 116
22 117
22 119
22 121
22 123
22 124
22 126
22 127
23 26
23 28
23 29
23 32
23 35
23 37
23 41
23 49
23 50
23 53
23 54
23 56
23 58
23 59
23 61
23 62
23 63
23 65
23 69
23 72
23 73
23 74
23 76
23 83
23 84
23 86
23 89
23 90
23 92
23 97
23 100
23 102
23 103
23 108
23 112
23 115
23 116
23 121
23 123
23 125
23 128
24 27
24 28
24 29
24 32
24 33
24 37
24 38
24 39
24 46
24 47
24 48
24 49
24 52
24 56
24 57
24 59
24 60
24 61
24 66
24 72
24 75
24 77
24 81
24 82
24 83
24 89
24 90
24 91
24 92
24 95
24 96
24 100
24 102
24 103
24 104
24 105
24 108
24 111
24 112
24 113
24 119
24 121
24 123
24 125
24 126
24 128
25 28
25 29
25 30
25 33
25 35
25 36
25 38
25 46
25 51
25 52
25 55
25 67
25 68
25 77
25 83
25 84
25 90
25 92
25 93
25 96
25 98
25 99
25 106
25 108
25 110
25 118
25 119
25 121
25 122
25 124
25 126
26 29
26 37
26 40
26 42
26 45
26 46
26 47
26 49
26 54
26 60
26 61
26 62
26 63
26 66
26 68
26 73
26 74
26 82
26 83
26 89
26 92
26 94
26 95
26 98
26 99
26 100
26 108
26 110
26 112
26 113
26 115
26 117
26 118
26 121
26 124
26 127
27 30
27 31
27 33
27 34
27 35
27 36
27 37
27 38
27 39
27 41
27 43
27 44
27 46
27 47
27 52
27 53
27 57
27 58
27 59
27 61
27 65
27 68
27 69
27 70
27 72
27 77
27 93
27 96
27 97
27 98
27 101
27 102
27 103
27 109
27 110
27 113
27 116
27 117
27 120
27 124
27 126
28 29
28 37
28 40
28 41
28 47
28 49
28 51
28 53
28 54
28 56
28 60
28 61
28 64
28 66
28 69
28 70
28 72
28 73
28 75
28 81
28 83
28 86
28 87
28 88
28 89
28 90
28 91
28 92
28 94
28 98
28 102
28 106
28 110
28 117
28 121
28 123
28 124
28 125
28 127
29 33
29 36
29 40
29 41
29 48
29 50
29 51
29 52
29 55
29 56
29 58
29 60
29 62
29 63
29 64
29 66
29 68
29 71
29 73
29 74
29 77
29 80
29 83
29 84
29 85
29 86
29 87
29 89
29 97
29 98
29 104
29 106
29 107
29 108
29 112
29 119
29 123
29 125
29 127
29 128
30 33
30 37
30 40
30 41
30 42
30 43
30 48
30 49
30 50
30 56
30 57
30 62
30 65
30 68
30 69
30 70
30 76
30 80
30 82
30 85
30 87
30 92
30 93
30 94
30 99
30 102
30 103
30 105
30 106
30 107
30 109
30 111
30 113
30 117
30 124
30 125
30 126
31 33
31 37
31 45
31 46
31 47
31 48
31 53
31 57
31 62
31 65
31 71
31 73
31 77
31 79
31 82
31 85
31 86
31 87
31 89
31 90
31 92
31 95
31 102
31 105
31 106
31 107
31 109
31 113
31 117
31 119
31 120
31 123
31 124
31 125
31 126
31 127
31 128
32 33
32 36
32 37
32 40
32 41
32 42
32 45
32 46
32 50
32 54
32 55
32 60
32 61
32 62
32 63
32 64
32 66
32 67
32 70
32 72
32 75
32 80
32 84
32 88
32 91
32 93
32 96
32 98
32 100
32 104
32 106
32 107
32 108
32 110
32 112
32 113
32 114
32 115
32 116
32 119
32 121
32 122
32 125
32 126
33 37
33 45
33 47
33 48
33 50
33 51
33 57
33 62
33 63
33 65
33 66
33 67
33 70
33 72
33 74
33 75
33 79
33 80
33 84
33 86
33 87
33 91
33 93
33 94
33 98
33 101
33 103
33 107
33 108
33 109
33 110
33 111
33 112
33 122
33 123
33 125
33 126
33 127
33 128
34 35
34 40
34 45
34 46
34 47
34 48
34 49
34 51
34 52
34 53
34 56
34 57
34 58
34 59
34 65
34 66
34 68
34 71
34 76
34 77
34 78
34 79
34 80
34 81
34 84
34 87
34 89
34 90
34 93
34 94
34 95
34 101
34 104
34 105
34 106
34 109
34 111
34 113
34 119
34 120
34 126
35 36
35 38
35 40
35 44
35 47
35 49
35 51
35 52
35 53
35 54
35 55
35 56
35 64
35 70
35 76
35 78
35 80
35 81
35 82
35 83
35 84
35 85
35 86
35 88
35 93
35 98
35 99
35 105
35 107
35 111
35 112
35 116
35 119
35 124
36 39
36 40
36 41
36 42
36 44
36 45
36 47
36 48
36 53
36 54
36 55
36 57
36 61
36 64
36 66
36 69
36 70
36 78
36 86
36 89
36 90
36 91
36 92
36 95
36 98
36 99
36 102
36 108
36 110
36 117
36 119
36 121
36 126
37 38
37 39
37 40
37 42
37 43
37 44
37 46
37 47
37 48
37 50
37 51
37 52
37 53
37 55
37 56
37 57
37 58
37 61
37 67
37 68
37 72
37 75
37 77
37 80
37 83
37 84
37 89
37 94
37 97
37 101
37 102
37 103
37 109
37 111
37 113
37 119
37 123
37 124
37 127
38 39
38 42
38 46
38 47
38 48
38 50
38 53
38 59
38 60
38 61
38 63
38 67
38 74
38 76
38 84
38 87
38 91
38 94
38 95
38 99
38 100
38 101
38 105
38 107
38 110
38 111
38 113
38 114
38 117
38 120
38 126
39 42
39 43
39 46
39 47
39 51
39 52
39 56
39 58
39 59
39 60
39 63
39 65
39 69
39 72
39 74
39 77
39 81
39 82
39 84
39 89
39 97
39 99
39 100
39 105
39 108
39 109
39 110
39 114
39 117
39 119
39 121
39 122
39 123
39 126
40 42
40 50
40 53
40 54
40 57
40 60
40 75
40 78
40 86
40 88
40 90
40 95
40 96
40 97
40 98
40 101
40 102
40 103
40 104
40 105
40 107
40 111
40 112
40 113
40 117
40 120
40 124
40 127
41 42
41 46
41 47
41 48
41 49
41 51
41 52
41 53
41 56
41 63
41 64
41 66
41 68
41 69
41 74
41 79
41 84
41 86
41 88
41 93
41 97
41 102
41 103
41 104
41 106
41 107
41 108
41 110
41 112
41 113
41 114
41 118
41 119
41 120
41 125
41 126
41 128
42 56
42 57
42 61
42 65
42 66
42 70
42 74
42 75
42 78
42 81
42 83
42 87
42 88
42 91
42 92
42 94
42 95
42 97
42 98
42 99
42 101
42 102
42 104
42 108
42 109
42 113
42 116
42 118
42 119
42 120
42 125
42 128
43 50
43 58
43 62
43 63
43 67
43 70
43 78
43 80
43 82
43 83
43 92
43 93
43 97
43 100
43 104
43 107
43 112
43 120
43 123
43 125
44 47
44 48
44 55
44 58
44 60
44 61
44 68
44 69
44 72
44 75
44 79
44 82
44 85
44 88
44 96
44 97
44 98
44 99
44 101
44 102
44 104
44 105
44 106
44 109
44 110
44 111
44 112
44 113
44 114
44 118
44 120
44 124
44 125
45 51
45 52
45 57
45 58
45 61
45 63
45 64
45 65
45 67
45 70
45 71
45 75
45 76
45 77
45 80
45 87
45 89
45 90
45 93
45 94
45 95
45 97
45 100
45 102
45 111
45 112
45 113
45 115
45 121
45 122
45 127
45 128
46 48
46 49
46 51
46 54
46 57
46 60
46 62
46 64
46 67
46 69
46 71
46 74
46 75
46 76
46 77
46 78
46 80
46 82
46 84
46 91
46 93
46 97
46 100
46 102
46 103
46 110
46 114
46 116
46 117
46 118
46 119
46 120
46 122
46 125
47 49
47 59
47 61
47 62
47 63
47 66
47 67
47 68
47 70
47 75
47 76
47 78
47 79
47 82
47 84
47 85
47 87
47 90
47 99
47 100
47 102
47 103
47 104
47 106
47 108
47 109
47 113
47 115
47 116
47 121
47 122
47 125
48 51
48 55
48 58
48 60
48 66
48 67
48 68
48 72
48 76
48 77
48 80
48 88
48 90
48 92
48 93
48 95
48 96
48 98
48 99
48 102
48 106
48 112
48 115
48 117
48 121
48 128
49 53
49 60
49 63
49 64
49 65
49 66
49 69
49 71
49 72
49 74
49 75
49 77
49 89
49 91
49 94
49 95
49 99
49 100
49 102
49 108
49 109
49 111
49 113
49 114
49 115
50 51
50 54
50 56
50 57
50 60
50 62
50 63
50 64
50 67
50 68
50 70
50 74
50 76
50 80
50 87
50 89
50 90
50 91
50 94
50 96
50 100
50 101
50 102
50 105
50 106
50 108
50 110
50 116
50 118
50 122
51 52
51 53
51 54
51 55
51 59
51 61
51 62
51 65
51 66
51 67
51 71
51 76
51 78
51 80
51 81
51 89
51 91
51 95
51 102
51 105
51 106
51 107
51 111
51 112
51 115
51 120
51 122
51 123
51 124
51 127
51 128
52 56
52 58
52 60
52 61
52 62
52 63
52 64
52 67
52 68
52 80
52 84
52 85
52 87
52 90
52 92
52 96
52 98
52 99
52 100
52 104
52 105
52 106
52 114
52 116
52 117
52 119
52 126
53 54
53 58
53 59
53 71
53 76
53 79
53 80
53 84
53 85
53 87
53 90
53 92
53 94
53 95
53 97
53 98
53 101
53 105
53 106
53 107
53 113
53 115
53 117
53 120
53 122
53 124
53 125
53 127
53 128
54 57
54 58
54 61
54 62
54 66
54 68
54 70
54 72
54 75
54 79
54 81
54 82
54 83
54 84
54 85
54 86
54 87
54 88
54 89
54 90
54 94
54 99
54 102
54 104
54 105
54 107
54 108
54 109
54 113
54 114
54 116
54 117
54 120
54 125
54 127
55 56
55 61
55 68
55 72
55 76
55 78
55 84
55 90
55 92
55 93
55 94
55 96
55 97
55 105
55 106
55 107
55 112
55 114
55 117
55 118
55 124
55 125
55 128
56 57
56 59
56 63
56 66
56 69
56 71
56 75
56 82
56 84
56 85
56 89
56 96
56 97
56 98
56 100
56 102
56 104
56 105
56 114
56 115
56 118
56 122
56 125
57 61
57 65
57 68
57 69
57 71
57 72
57 77
57 78
57 79
57 80
57 82
57 83
57 86
57 87
57 91
57 92
57 103
57 107
57 117
57 118
57 119
57 120
57 123
57 126
58 59
58 60
58 64
58 65
58 68
58 69
58 71
58 73
58 76
58 81
58 82
58 83
58 84
58 86
58 90
58 92
58 93
58 96
58 99
58 103
58 104
58 105
58 107
58 108
58 114
58 115
58 117
58 120
58 125
58 126
58 128
59 62
59 63
59 70
59 72
59 73
59 76
59 77
59 82
59 84
59 89
59 95
59 96
59 97
59 100
59 107
59 110
59 111
59 113
59 116
59 119
59 121
59 123
60 61
60 62
60 64
60 68
60 69
60 70
60 71
60 72
60 75
60 82
60 87
60 88
60 92
60 94
60 97
60 99
60 102
60 104
60 105
60 109
60 113
60 114
60 117
60 120
60 125
60 128
61 62
61 63
61 67
61 69
61 71
61 72
61 74
61 76
61 77
61 78
61 80
61 92
61 93
61 96
61 97
61 101
61 104
61 105
61 106
61 107
61 108
61 110
61 111
61 113
61 118
61 120
61 121
61 122
61 125
62 64
62 68
62 70
62 73
62 74
62 75
62 76
62 82
62 83
62 93
62 94
62 95
62 98
62 103
62 104
62 106
62 108
62 112
62 114
62 115
62 122
62 123
62 125
63 64
63 66
63 67
63 68
63 69
63 73
63 76
63 77
63 79
63 81
63 82
63 84
63 87
63 93
63 94
63 96
63 97
63 99
63 101
63 103
63 104
63 111
63 112
63 113
63 118
63 119
63 121
63 122
63 123
63 125
64 70
64 82
64 85
64 87
64 88
64 97
64 98
64 103
64 104
64 105
64 107
64 108
64 110
64 111
64 112
64 113
64 117
64 118
64 122
64 123
64 125
64 126
64 128
65 66
65 68
65 69
65 73
65 76
65 83
65 87
65 90
65 95
65 96
65 101
65 104
65 112
65 113
65 115
65 117
65 120
65 121
65 122
65 123
66 68
66 73
66 74
66 76
66 78
66 86
66 88
66 89
66 91
66 92
66 95
66 97
66 99
66 101
66 104
66 106
66 107
66 108
66 110
66 118
66 125
66 127
67 68
67 69
67 70
67 72
67 74
67 79
67 80
67 81
67 85
67 88
67 91
67 92
67 98
67 99
67 106
67 109
67 118
67 119
67 120
67 121
67 122
67 127
68 70
68 72
68 74
68 80
68 83
68 87
68 88
68 89
68 91
68 93
68 95
68 96
68 101
68 104
68 105
68 106
68 109
68 110
68 114
68 116
68 117
68 120
68 121
68 124
69 70
69 76
69 77
69 78
69 80
69 84
69 88
69 91
69 92
69 93
69 96
69 98
69 100
69 105
69 109
69 111
69 112
69 113
69 117
69 119
69 121
69 124
69 125
70 73
70 76
70 79
70 82
70 85
70 87
70 97
70 98
70 99
70 101
70 105
70 107
70 108
70 111
70 114
70 119
70 121
70 123
70 125
70 127
71 75
71 76
71 77
71 83
71 85
71 86
71 88
71 90
71 93
71 94
71 96
71 103
71 104
71 105
71 107
71 109
71 113
71 114
71 116
71 120
71 121
71 126
72 74
72 75
72 79
72 80
72 81
72 86
72 87
72 89
72 90
72 92
72 97
72 101
72 102
72 106
72 115
72 116
72 117
72 119
72 120
72 122
72 125
73 76
73 78
73 79
73 81
73 84
73 85
73 88
73 90
73 93
73 97
73 100
73 101
73 102
73 103
73 106
73 107
73 108
73 113
73 114
73 117
73 118
73 121
74 78
74 83
74 85
74 90
74 92
74 93
74 94
74 96
74 97
74 98
74 101
74 102
74 105
74 109
74 111
74 115
74 117
74 120
74 122
74 123
74 128
75 77
75 81
75 83
75 84
75 94
75 101
75 103
75 108
75 110
75 114
75 116
75 117
75 119
75 120
75 125
75 126
75 128
76 78
76 80
76 87
76 88
76 89
76 90
76 92
76 93
76 100
76 102
76 106
76 111
76 112
76 117
76 118
76 123
76 125
77 84
77 89
77 90
77 91
77 94
77 97
77 98
77 102
77 106
77 107
77 109
77 110
77 114
77 117
77 119
78 79
78 82
78 86
78 92
78 96
78 101
78 105
78 106
78 110
78 115
78 117
78 118
78 119
78 120
78 121
78 127
78 128
79 80
79 82
79 86
79 89
79 92
79 93
79 95
79 96
79 97
79 101
79 103
79 106
79 108
79 110
79 112
79 116
79 118
79 120
79 121
80 82
80 83
80 85
80 86
80 90
80 91
80 92
80 93
80 95
80 96
80 97
80 100
80 101
80 106
80 107
80 108
80 109
80 111
80 113
80 114
80 115
80 120
80 123
80 126
80 127
81 82
81 86
81 87
81 88
81 90
81 99
81 104
81 106
81 108
81 109
81 112
81 113
81 115
81 120
81 121
81 122
81 125
81 126
82 84
82 90
82 93
82 95
82 97
82 98
82 100
82 101
82 105
82 106
82 107
82 114
82 116
82 117
82 119
82 120
82 122
83 85
83 89
83 95
83 96
83 97
83 99
83 101
83 103
83 106
83 108
83 110
83 111
83 114
83 120
83 122
83 123
83 124
83 125
84 86
84 88
84 91
84 97
84 99
84 107
84 108
84 110
84 118
84 120
84 121
84 122
84 128
85 86
85 87
85 89
85 91
85 93
85 94
85 95
85 100
85 103
85 104
85 105
85 108
85 109
85 111
85 112
85 115
85 118
85 122
85 127
86 90
86 91
86 93
86 97
86 100
86 101
86 104
86 105
86 106
86 109
86 112
86 113
86 114
86 115
86 116
86 119
86 124
86 127
87 88
87 89
87 91
87 95
87 97
87 102
87 103
87 104
87 105
87 108
87 109
87 111
87 118
87 123
87 124
87 126
87 127
87 128
88 92
88 97
88 98
88 104
88 105
88 106
88 108
88 109
88 111
88 113
88 114
88 115
88 116
88 118
88 127
89 92
89 93
89 100
89 110
89 112
89 117
89 118
89 126
90 91
90 92
90 97
90 99
90 100
90 107
90 108
90 109
90 113
90 116
90 118
90 123
90 126
91 92
91 93
91 94
91 96
91 99
91 108
91 109
91 115
91 118
91 119
91 122
91 123
91 128
92 94
92 98
92 99
92 108
92 113
92 119
92 123
92 124
93 94
93 95
93 96
93 98
93 101
93 102
93 108
93 109
93 114
93 115
93 117
93 120
93 123
93 128
94 97
94 103
94 104
94 105
94 107
94 108
94 109
94 110
94 111
94 112
94 113
94 114
94 120
94 122
94 124
94 125
95 99
95 102
95 104
95 106
95 125
96 100
96 104
96 110
96 114
96 120
96 122
96 124
96 127
97 99
97 102
97 106
97 109
97 111
97 112
97 116
97 120
97 123
97 124
97 126
97 127
97 128
98 99
98 104
98 108
98 111
98 112
98 114
98 115
98 123
98 126
98 128
99 103
99 107
99 109
99 110
99 112
99 115
99 118
99 120
99 121
99 122
99 124
99 125
100 101
100 104
100 110
100 111
100 113
100 117
100 119
100 120
100 121
100 123
100 124
100 128
101 105
101 109
101 110
101 114
101 118
101 126
102 103
102 104
102 105
102 106
102 109
102 110
102 112
102 114
102 116
102 117
102 119
102 121
102 122
102 124
102 125
103 114
103 115
103 116
103 120
103 121
103 124
104 106
104 109
104 113
104 115
104 116
104 117
104 122
104 125
104 126
104 127
105 107
105 109
105 111
105 113
105 114
105 115
105 117
105 123
105 124
105 127
106 112
106 113
106 115
106 116
106 117
106 119
106 127
107 110
107 111
107 115
107 116
107 124
108 110
108 111
108 116
108 119
108 120
108 122
108 126
108 128
109 112
109 117
109 119
109 120
109 121
109 122
109 123
109 125
109 126
109 127
110 112
110 113
110 114
110 121
110 123
110 127
110 128
111 112
111 113
111 115
111 117
111 118
111 119
111 121
111 123
111 126
111 128
112 113
112 117
112 118
112 123
112 124
112 126
112 127
113 117
113 121
113 123
114 117
114 118
114 121
114 128
115 116
115 117
115 120
115 121
115 122
115 123
115 127
116 120
116 121
116 125
117 119
117 120
117 123
117 125
117 127
117 128
118 119
118 122
118 126
118 127
118 128
119 122
119 125
119 126
120 122
120 124
120 126
121 123
121 127
121 128
122 124
122 125
122 128
123 125
123 126
123 127
124 128
125 128
126 127
127 128
