128 3330
1 2
1 3
1 4
1 6
1 8
1 11
1 12
1 14
1 17
1 18
1 20
1 23
1 24
1 33
1 34
1 37
1 38
1 39
1 40
1 41
1 42
1 44
1 45
1 48
1 49
1 53
1 55
1 56
1 57
1 61
1 62
1 64
1 66
1 67
1 69
1 70
1 74
1 76
1 77
1 78
1 80
1 82
1 83
1 85
1 88
1 92
1 97
1 102
1 104
1 105
1 109
1 110
1 112
1 113
1 118
1 120
1 121
1 123
1 125
1 126
2 3
2 5
2 8
2 13
2 21
2 26
2 27
2 28
2 29
2 32
2 34
2 36
2 37
2 40
2 42
2 46
2 47
2 49
2 50
2 51
2 56
2 58
2 60
2 62
2 63
2 64
2 69
2 70
2 71
2 75
2 79
2 81
2 82
2 85
2 87
2 88
2 89
2 90
2 93
2 95
2 97
2 99
2 104
2 108
2 112
2 114
2 116
2 118
2 119
2 120
2 123
2 125
2 128
3 5
3 6
3 7
3 8
3 9
3 15
3 22
3 26
3 28
3 31
3 34
3 37
3 40
3 42
3 43
3 47
3 48
3 53
3 55
3 56
3 58
3 61
3 63
3 64
3 65
3 66
3 70
3 73
3 75
3 77
3 82
3 84
3 87
3 88
3 90
3 94
3 100
3 103
3 113
3 115
3 119
3 120
3 124
3 125
3 126
3 128
4 5
4 7
4 11
4 12
4 14
4 15
4 16
4 17
4 18
4 27
4 28
4 29
4 32
4 37
4 38
4 39
4 47
4 48
4 50
4 51
4 53
4 54
4 55
4 57
4 58
4 59
4 60
4 62
4 63
4 64
4 65
4 66
4 69
4 71
4 72
4 75
4 77
4 80
4 82
4 86
4 87
4 91
4 95
4 96
4 99
4 100
4 103
4 105
4 107
4 115
4 116
4 123
4 126
4 127
5 7
5 9
5 11
5 12
5 15
5 22
5 27
5 28
5 29
5 31
5 38
5 43
5 44
5 52
5 54
5 57
5 58
5 59
5 60
5 68
5 75
5 76
5 77
5 79
5 80
5 89
5 90
5 93
5 94
5 96
5 100
5 103
5 105
5 106
5 107
5 108
5 110
5 111
5 112
5 120
5 121
5 122
5 123
5 128
6 7
6 9
6 10
6 11
6 12
6 17
6 18
6 19
6 20
6 21
6 24
6 26
6 28
6 29
6 31
6 35
6 37
6 38
6 40
6 43
6 49
6 50
6 56
6 57
6 59
6 60
6 63
6 65
6 69
6 70
6 71
6 73
6 78
6 79
6 80
6 85
6 87
6 90
6 91
6 94
6 96
6 99
6 100
6 101
6 102
6 104
6 105
6 107
6 108
6 109
6 111
6 112
6 113
6 114
6 115
6 117
6 122
6 125
6 126
6 127
7 8
7 12
7 14
7 15
7 18
7 20
7 22
7 23
7 24
7 25
7 27
7 33
7 36
7 39
7 48
7 52
7 54
7 55
7 59
7 62
7 64
7 65
7 67
7 72
7 78
7 79
7 85
7 90
7 96
7 97
7 100
7 101
7 102
7 104
7 105
7 107
7 110
7 112
7 114
7 120
7 124
7 125
7 128
8 10
8 12
8 17
8 19
8 21
8 31
8 33
8 34
8 36
8 37
8 39
8 42
8 45
8 47
8 50
8 51
8 61
8 63
8 65
8 66
8 68
8 70
8 71
8 72
8 80
8 81
8 94
8 95
8 99
8 101
8 105
8 107
8 110
8 113
8 114
8 117
8 118
8 119
8 124
8 127
8 128
9 10
9 11
9 15
9 20
9 21
9 24
9 28
9 29
9 31
9 33
9 36
9 37
9 39
9 41
9 42
9 43
9 46
9 47
9 49
9 50
9 51
9 53
9 55
9 56
9 58
9 60
9 63
9 65
9 70
9 73
9 74
9 76
9 80
9 81
9 86
9 89
9 90
9 92
9 93
9 98
9 100
9 101
9 103
9 104
9 106
9 108
9 110
9 111
9 118
9 122
9 123
9 124
9 125
10 11
10 12
10 19
10 20
10 26
10 27
10 28
10 29
10 30
10 32
10 35
10 37
10 38
10 42
10 44
10 45
10 50
10 51
10 53
10 54
10 55
10 56
10 57
10 60
10 63
10 64
10 66
10 67
10 70
10 71
10 72
10 75
10 77
10 78
10 82
10 84
10 93
10 94
10 97
10 102
10 103
10 105
10 107
10 109
10 112
10 114
10 116
10 118
10 121
10 123
10 124
10 125
11 14
11 15
11 16
11 17
11 20
11 21
11 25
11 27
11 28
11 33
11 34
11 38
11 43
11 45
11 47
11 50
11 51
11 52
11 56
11 57
11 59
11 60
11 68
11 72
11 74
11 75
11 76
11 79
11 80
11 81
11 84
11 85
11 88
11 91
11 92
11 94
11 99
11 100
11 101
11 110
11 111
11 112
11 117
11 121
11 123
11 125
12 15
12 16
12 22
12 24
12 26
12 27
12 31
12 37
12 40
12 41
12 44
12 48
12 52
12 53
12 55
12 57
12 59
12 61
12 64
12 65
12 67
12 72
12 82
12 84
12 85
12 93
12 94
12 96
12 98
12 99
12 100
12 105
12 106
12 108
12 110
12 113
12 122
12 124
12 126
13 21
13 22
13 24
13 25
13 29
13 31
13 32
13 33
13 35
13 36
13 42
13 45
13 50
13 52
13 53
13 56
13 58
13 59
13 66
13 70
13 73
13 75
13 79
13 80
13 82
13 85
13 87
13 88
13 91
13 92
13 93
13 94
13 95
13 98
13 101
13 104
13 106
13 111
13 113
13 114
13 116
13 120
13 121
13 122
13 124
13 125
14 15
14 17
14 18
14 20
14 25
14 28
14 29
14 32
14 33
14 38
14 39
14 43
14 44
14 45
14 46
14 47
14 52
14 55
14 57
14 59
14 60
14 61
14 65
14 67
14 68
14 71
14 72
14 82
14 84
14 87
14 88
14 90
14 91
14 94
14 96
14 97
14 98
14 99
14 100
14 104
14 106
14 108
14 111
14 114
14 115
14 119
14 120
14 123
14 125
14 128
15 21
15 25
15 26
15 27
15 31
15 32
15 39
15 40
15 42
15 44
15 50
15 56
15 58
15 59
15 62
15 64
15 67
15 68
15 70
15 71
15 72
15 73
15 74
15 75
15 77
15 79
15 82
15 83
15 84
15 88
15 93
15 99
15 102
15 104
15 106
15 109
15 113
15 117
15 119
15 120
15 121
15 125
15 127
16 17
16 19
16 23
16 24
16 33
16 35
16 39
16 41
16 42
16 43
16 45
16 46
16 47
16 48
16 52
16 54
16 55
16 59
16 60
16 61
16 62
16 63
16 66
16 68
16 71
16 75
16 76
16 80
16 82
16 93
16 95
16 98
16 99
16 105
16 109
16 111
16 112
16 114
16 115
16 117
16 118
16 128
17 22
17 23
17 24
17 28
17 30
17 33
17 35
17 36
17 38
17 39
17 41
17 42
17 44
17 45
17 48
17 55
17 58
17 59
17 61
17 68
17 69
17 70
17 71
17 74
17 75
17 80
17 83
17 87
17 90
17 98
17 100
17 101
17 103
17 110
17 112
17 113
17 117
17 120
17 123
17 124
17 125
17 128
18 21
18 23
18 24
18 26
18 28
18 29
18 30
18 31
18 32
18 33
18 35
18 38
18 39
18 41
18 43
18 45
18 46
18 49
18 51
18 52
18 53
18 54
18 55
18 56
18 59
18 62
18 65
18 66
18 71
18 72
18 75
18 76
18 77
18 81
18 86
18 87
18 88
18 89
18 90
18 97
18 99
18 100
18 103
18 106
18 107
18 108
18 111
18 113
18 114
18 115
18 116
18 119
18 121
18 122
18 127
18 128
19 20
19 21
19 22
19 26
19 28
19 30
19 34
19 40
19 41
19 42
19 46
19 47
19 51
19 53
19 55
19 58
19 63
19 64
19 66
19 70
19 71
19 72
19 73
19 74
19 80
19 82
19 84
19 86
19 87
19 88
19 92
19 97
19 98
19 99
19 101
19 102
19 104
19 105
19 108
19 109
19 110
19 114
19 118
19 122
19 125
19 126
19 127
20 25
20 29
20 30
20 35
20 37
20 40
20 42
20 43
20 49
20 50
20 53
20 54
20 56
20 57
20 60
20 63
20 73
20 75
20 77
20 79
20 80
20 81
20 82
20 85
20 87
20 90
20 91
20 92
20 94
20 95
20 96
20 97
20 98
20 99
20 105
20 109
20 110
20 118
20 119
20 121
20 122
20 123
20 124
20 126
20 128
21 24
21 25
21 34
21 35
21 37
21 38
21 39
21 45
21 47
21 52
21 53
21 54
21 55
21 57
21 59
21 60
21 62
21 64
21 66
21 67
21 68
21 71
21 72
21 73
21 74
21 77
21 78
21 81
21 82
21 83
21 84
21 85
21 86
21 87
21 90
21 92
21 94
21 96
21 99
21 106
21 108
21 111
21 112
21 114
21 116
21 117
21 124
21 127
21 128
22 24
22 25
22 28
22 31
22 32
22 35
22 39
22 42
22 43
22 44
22 45
22 46
22 47
22 48
22 49
22 50
22 52
22 53
22 58
22 64
22 66
22 77
22 80
22 82
22 84
22 88
22 89
22 90
22 91
22 92
22 97
22 98
22 102
22 103
22 104
22 108
22 111
22 112
22 113
22 118
22 122
22 123
22 124
22 125
22 127
23 28
23 29
23 30
23 31
23 34
23 36
23 40
23 44
23 46
23 47
23 51
23 53
23 54
23 63
23 66
23 71
23 72
23 73
23 75
23 77
23 79
23 80
23 81
23 82
23 87
23 89
23 92
23 94
23 97
23 102
23 110
23 112
23 114
23 116
23 117
23 118
23 124
24 25
24 27
24 29
24 30
24 31
24 38
24 39
24 40
24 42
24 48
24 49
24 50
24 54
24 61
24 62
24 65
24 67
24 71
24 73
24 74
24 75
24 77
24 81
24 84
24 91
24 92
24 98
24 100
24 101
24 102
24 105
24 106
24 107
24 108
24 109
24 111
24 113
24 114
24 116
24 117
24 119
24 121
24 122
24 123
24 124
24 125
24 127
25 30
25 34
25 38
25 40
25 41
25 43
25 44
25 45
25 47
25 50
25 52
25 53
25 56
25 59
25 61
25 63
25 64
25 65
25 66
25 67
25 69
25 70
25 71
25 77
25 78
25 87
25 88
25 91
25 93
25 94
25 96
25 97
25 98
25 100
25 105
25 106
25 108
25 113
25 116
25 122
25 124
25 126
26 31
26 32
26 38
26 44
26 45
26 49
26 52
26 56
26 57
26 58
26 61
26 63
26 65
26 66
26 68
26 72
26 73
26 74
26 78
26 79
26 81
26 83
26 84
26 88
26 89
26 90
26 95
26 98
26 99
26 100
26 104
26 107
26 110
26 112
26 113
26 114
26 115
26 119
26 123
26 126
26 127
27 28
27 32
27 33
27 34
27 35
27 40
27 45
27 50
27 54
27 57
27 67
27 68
27 70
27 75
27 76
27 77
27 78
27 80
27 81
27 82
27 86
27 88
27 90
27 92
27 94
27 95
27 99
27 101
27 104
27 106
27 108
27 114
27 115
27 122
27 124
28 34
28 39
28 40
28 41
28 42
28 43
28 45
28 47
28 49
28 54
28 57
28 61
28 64
28 66
28 67
28 74
28 75
28 76
28 80
28 82
28 84
28 86
28 88
28 89
28 93
28 98
28 106
28 115
28 116
28 119
28 120
28 121
28 123
29 30
29 32
29 34
29 36
29 37
29 38
29 40
29 41
29 42
29 43
29 44
29 45
29 50
29 52
29 57
29 62
29 64
29 66
29 67
29 70
29 71
29 75
29 83
29 85
29 86
29 87
29 90
29 91
29 92
29 99
29 102
29 103
29 104
29 105
29 111
29 113
29 116
29 118
29 119
29 121
29 122
29 125
29 128
30 32
30 33
30 35
30 40
30 42
30 44
30 48
30 49
30 50
30 51
30 52
30 53
30 56
30 57
30 60
30 62
30 65
30 67
30 72
30 74
30 79
30 80
30 81
30 84
30 85
30 90
30 92
30 93
30 94
30 95
30 96
30 102
30 104
30 106
30 113
30 115
30 117
30 119
30 123
30 128
31 32
31 40
31 41
31 42
31 46
31 50
31 52
31 54
31 57
31 63
31 65
31 67
31 69
31 70
31 74
31 76
31 77
31 78
31 79
31 81
31 83
31 85
31 86
31 87
31 91
31 92
31 94
31 102
31 105
31 106
31 109
31 112
31 114
31 117
31 118
31 119
31 127
32 40
32 42
32 45
32 46
32 47
32 49
32 51
32 53
32 58
32 62
32 64
32 68
32 69
32 71
32 72
32 73
32 74
32 76
32 79
32 80
32 81
32 82
32 83
32 85
32 89
32 91
32 94
32 104
32 105
32 106
32 107
32 110
32 111
32 114
32 125
32 126
33 35
33 37
33 38
33 40
33 42
33 44
33 45
33 47
33 50
33 53
33 54
33 56
33 57
33 59
33 61
33 66
33 70
33 72
33 74
33 76
33 77
33 86
33 87
33 88
33 89
33 90
33 91
33 97
33 98
33 101
33 103
33 105
33 106
33 109
33 113
33 114
33 115
33 119
33 122
33 124
34 35
34 39
34 40
34 41
34 44
34 46
34 47
34 48
34 54
34 56
34 57
34 62
34 64
34 68
34 71
34 73
34 75
34 77
34 78
34 80
34 81
34 82
34 83
34 85
34 86
34 89
34 90
34 91
34 92
34 97
34 103
34 106
34 108
34 110
34 111
34 113
34 115
34 117
34 118
34 122
34 124
34 125
34 128
35 36
35 37
35 39
35 40
35 45
35 46
35 47
35 50
35 51
35 52
35 61
35 62
35 65
35 68
35 73
35 75
35 77
35 81
35 87
35 89
35 90
35 91
35 97
35 103
35 105
35 106
35 107
35 109
35 110
35 112
35 115
35 117
35 118
35 121
35 123
35 124
36 39
36 43
36 45
36 46
36 47
36 48
36 49
36 52
36 54
36 56
36 58
36 59
36 60
36 61
36 62
36 63
36 65
36 66
36 72
36 73
36 74
36 75
36 76
36 78
36 82
36 88
36 89
36 94
36 97
36 100
36 101
36 102
36 104
36 105
36 106
36 107
36 112
36 113
36 114
36 117
36 121
36 123
36 125
36 127
36 128
37 38
37 41
37 44
37 48
37 51
37 59
37 62
37 63
37 65
37 68
37 69
37 70
37 74
37 78
37 79
37 80
37 81
37 91
37 92
37 93
37 94
37 96
37 98
37 99
37 100
37 102
37 106
37 108
37 111
37 112
37 113
37 116
37 122
37 125
38 39
38 44
38 47
38 49
38 50
38 51
38 52
38 53
38 57
38 60
38 61
38 62
38 70
38 72
38 73
38 77
38 78
38 79
38 82
38 84
38 86
38 90
38 92
38 95
38 96
38 98
38 100
38 103
38 110
38 112
38 113
38 116
38 117
38 119
38 120
38 123
38 125
39 42
39 43
39 44
39 45
39 46
39 49
39 50
39 53
39 55
39 69
39 75
39 76
39 78
39 79
39 84
39 85
39 88
39 89
39 98
39 99
39 100
39 101
39 103
39 105
39 107
39 108
39 109
39 110
39 113
39 116
39 120
39 121
39 122
39 124
39 125
39 126
40 43
40 44
40 47
40 50
40 51
40 55
40 56
40 59
40 63
40 65
40 68
40 69
40 71
40 72
40 84
40 85
40 89
40 92
40 94
40 97
40 99
40 101
40 102
40 103
40 107
40 108
40 109
40 111
40 112
40 113
40 114
40 115
40 117
40 119
40 120
40 121
40 127
41 42
41 47
41 50
41 52
41 56
41 60
41 61
41 66
41 72
41 73
41 75
41 78
41 83
41 85
41 87
41 88
41 92
41 94
41 95
41 97
41 98
41 100
41 101
41 102
41 103
41 107
41 112
41 115
41 117
41 118
41 120
41 121
41 122
41 123
41 124
41 125
41 126
41 127
41 128
42 43
42 44
42 46
42 50
42 56
42 57
42 58
42 60
42 61
42 62
42 68
42 76
42 79
42 80
42 82
42 83
42 84
42 85
42 86
42 91
42 96
42 99
42 100
42 102
42 103
42 104
42 106
42 108
42 109
42 111
42 113
42 115
42 118
42 120
43 49
43 50
43 52
43 53
43 54
43 56
43 58
43 67
43 68
43 71
43 73
43 75
43 79
43 80
43 81
43 84
43 87
43 88
43 95
43 97
43 100
43 101
43 104
43 105
43 106
43 110
43 112
43 114
43 116
43 117
43 124
43 125
43 127
43 128
44 49
44 52
44 53
44 57
44 58
44 60
44 62
44 63
44 65
44 67
44 69
44 71
44 72
44 73
44 74
44 77
44 78
44 79
44 81
44 82
44 85
44 87
44 90
44 92
44 93
44 95
44 97
44 98
44 100
44 102
44 104
44 105
44 106
44 107
44 108
44 111
44 112
44 113
44 117
44 118
44 119
44 120
44 123
44 128
45 50
45 52
45 56
45 63
45 64
45 66
45 68
45 70
45 71
45 74
45 75
45 78
45 79
45 80
45 83
45 84
45 86
45 92
45 94
45 95
45 97
45 98
45 100
45 106
45 116
45 118
45 121
45 125
46 47
46 51
46 54
46 58
46 63
46 65
46 66
46 67
46 69
46 72
46 77
46 78
46 79
46 80
46 81
46 83
46 84
46 86
46 89
46 94
46 95
46 96
46 99
46 102
46 106
46 110
46 111
46 112
46 113
46 118
46 120
46 122
46 125
47 48
47 50
47 52
47 61
47 63
47 66
47 68
47 69
47 70
47 73
47 78
47 79
47 83
47 91
47 92
47 93
47 94
47 96
47 98
47 99
47 100
47 102
47 103
47 108
47 111
47 114
47 115
47 116
47 117
47 118
47 122
47 123
47 127
48 53
48 54
48 56
48 57
48 58
48 59
48 60
48 63
48 69
48 70
48 73
48 77
48 84
48 85
48 87
48 89
48 92
48 93
48 96
48 98
48 100
48 102
48 103
48 104
48 108
48 110
48 111
48 112
48 113
48 114
48 116
48 117
48 118
48 124
48 125
48 126
48 128
49 51
49 52
49 55
49 56
49 60
49 62
49 67
49 68
49 70
49 71
49 72
49 73
49 75
49 76
49 78
49 79
49 80
49 81
49 82
49 85
49 86
49 88
49 89
49 90
49 94
49 97
49 98
49 101
49 103
49 111
49 112
49 116
49 117
49 120
49 121
49 124
49 125
49 127
49 128
50 51
50 52
50 53
50 57
50 59
50 63
50 66
50 67
50 71
50 72
50 73
50 74
50 76
50 77
50 78
50 81
50 82
50 83
50 84
50 87
50 90
50 91
50 93
50 94
50 98
50 99
50 102
50 104
50 109
50 115
50 116
50 124
50 127
51 52
51 53
51 54
51 56
51 58
51 60
51 62
51 63
51 67
51 68
51 70
51 71
51 75
51 76
51 78
51 80
51 81
51 82
51 84
51 85
51 87
51 89
51 92
51 94
51 97
51 100
51 105
51 106
51 107
51 110
51 112
51 113
51 115
51 116
51 117
51 119
51 121
51 123
51 126
51 128
52 53
52 54
52 55
52 56
52 57
52 60
52 61
52 62
52 64
52 65
52 66
52 71
52 74
52 81
52 83
52 84
52 86
52 88
52 89
52 94
52 96
52 97
52 99
52 104
52 109
52 113
52 116
52 120
52 123
52 127
52 128
53 54
53 57
53 60
53 61
53 66
53 67
53 68
53 69
53 70
53 71
53 74
53 75
53 78
53 81
53 83
53 84
53 85
53 88
53 91
53 92
53 94
53 99
53 101
53 103
53 104
53 105
53 108
53 109
53 113
53 114
53 116
53 117
53 120
53 121
53 122
53 124
53 125
53 126
54 56
54 60
54 61
54 62
54 63
54 65
54 67
54 71
54 72
54 74
54 75
54 77
54 81
54 83
54 84
54 85
54 89
54 90
54 91
54 92
54 96
54 104
54 107
54 109
54 111
54 114
54 116
54 118
54 119
54 120
54 121
54 122
54 124
54 125
54 127
55 61
55 62
55 63
55 70
55 73
55 79
55 80
55 85
55 86
55 91
55 95
55 96
55 97
55 100
55 104
55 106
55 108
55 111
55 112
55 113
55 114
55 115
55 116
55 117
55 118
55 120
55 122
55 127
56 57
56 58
56 60
56 64
56 65
56 67
56 68
56 69
56 72
56 74
56 77
56 80
56 81
56 82
56 88
56 92
56 93
56 94
56 97
56 98
56 101
56 106
56 107
56 108
56 110
56 111
56 112
56 114
56 115
56 116
56 117
56 121
56 122
56 124
56 126
56 127
56 128
57 58
57 59
57 61
57 63
57 65
57 66
57 67
57 73
57 74
57 82
57 87
57 90
57 91
57 92
57 94
57 95
57 96
57 97
57 99
57 106
57 114
57 117
57 118
57 120
57 121
57 123
57 127
58 65
58 70
58 73
58 75
58 77
58 87
58 88
58 91
58 92
58 93
58 95
58 99
58 100
58 102
58 104
58 106
58 108
58 112
58 113
58 114
58 116
58 120
58 121
58 123
58 124
58 127
59 60
59 62
59 64
59 65
59 70
59 71
59 72
59 73
59 75
59 76
59 77
59 78
59 79
59 88
59 93
59 95
59 101
59 103
59 106
59 108
59 111
59 114
59 115
59 117
59 122
59 124
60 66
60 67
60 68
60 70
60 71
60 74
60 76
60 77
60 80
60 82
60 83
60 87
60 89
60 91
60 92
60 94
60 95
60 101
60 102
60 105
60 106
60 107
60 108
60 111
60 113
60 115
60 116
60 118
60 124
60 127
61 62
61 65
61 66
61 67
61 72
61 75
61 77
61 78
61 79
61 80
61 81
61 83
61 85
61 86
61 90
61 91
61 93
61 96
61 99
61 106
61 113
61 117
61 119
61 120
61 122
61 124
61 128
62 66
62 67
62 70
62 72
62 73
62 74
62 75
62 77
62 80
62 81
62 82
62 83
62 85
62 87
62 88
62 99
62 104
62 108
62 110
62 112
62 121
62 124
62 127
62 128
63 66
63 67
63 68
63 70
63 71
63 73
63 76
63 79
63 80
63 81
63 83
63 84
63 85
63 86
63 88
63 89
63 90
63 92
63 96
63 98
63 99
63 100
63 102
63 106
63 107
63 108
63 112
63 113
63 116
63 117
63 122
63 127
64 65
64 67
64 68
64 69
64 79
64 81
64 82
64 83
64 85
64 87
64 90
64 92
64 94
64 97
64 98
64 99
64 107
64 111
64 112
64 116
64 122
64 124
64 126
65 70
65 71
65 72
65 73
65 78
65 85
65 86
65 95
65 98
65 99
65 104
65 105
65 106
65 107
65 109
65 110
65 111
65 114
65 116
65 117
65 118
65 119
65 120
65 124
66 68
66 70
66 71
66 72
66 74
66 75
66 80
66 82
66 83
66 86
66 87
66 88
66 92
66 93
66 99
66 100
66 101
66 102
66 104
66 105
66 106
66 107
66 108
66 116
66 122
66 123
66 127
66 128
67 68
67 69
67 76
67 81
67 83
67 84
67 89
67 91
67 92
67 97
67 100
67 105
67 107
67 109
67 110
67 117
67 120
67 124
67 127
67 128
68 71
68 73
68 74
68 76
68 78
68 79
68 80
68 83
68 86
68 87
68 91
68 93
68 94
68 101
68 104
68 106
68 108
68 111
68 115
68 118
68 119
68 122
68 125
68 126
68 127
69 70
69 71
69 74
69 75
69 76
69 77
69 81
69 82
69 85
69 89
69 93
69 96
69 100
69 106
69 108
69 114
69 117
69 119
69 123
69 124
69 125
69 127
69 128
70 71
70 72
70 75
70 78
70 82
70 83
70 96
70 103
70 104
70 105
70 110
70 111
70 113
70 114
70 115
70 117
70 121
70 122
70 124
70 128
71 72
71 76
71 79
71 80
71 83
71 88
71 90
71 94
71 97
71 101
71 109
71 114
71 117
71 119
71 124
71 125
71 126
71 127
72 74
72 75
72 79
72 82
72 84
72 85
72 87
72 89
72 92
72 96
72 100
72 102
72 103
72 104
72 107
72 110
72 111
72 119
72 121
72 124
72 125
72 128
73 74
73 78
73 79
73 87
73 88
73 95
73 97
73 99
73 105
73 107
73 108
73 111
73 114
73 119
73 120
73 126
73 128
74 81
74 82
74 86
74 87
74 89
74 90
74 93
74 94
74 95
74 103
74 112
74 113
74 117
74 118
74 120
74 125
74 127
74 128
75 79
75 83
75 86
75 92
75 95
75 97
75 100
75 107
75 108
75 110
75 111
75 119
75 123
75 124
75 125
75 127
76 77
76 81
76 83
76 84
76 86
76 91
76 92
76 93
76 95
76 97
76 98
76 100
76 104
76 106
76 108
76 110
76 111
76 113
76 118
76 120
76 127
76 128
77 83
77 85
77 88
77 91
77 96
77 100
77 103
77 106
77 110
77 111
77 113
77 115
77 116
77 118
77 120
77 122
77 125
77 128
78 80
78 81
78 83
78 86
78 87
78 88
78 91
78 92
78 94
78 97
78 98
78 99
78 100
78 102
78 104
78 105
78 107
78 108
78 110
78 111
78 114
78 115
78 116
78 121
78 125
78 126
79 82
79 86
79 89
79 90
79 91
79 93
79 95
79 97
79 98
79 101
79 102
79 103
79 106
79 107
79 108
79 109
79 110
79 112
79 113
79 117
79 118
79 121
79 123
79 126
79 127
80 82
80 84
80 85
80 86
80 92
80 94
80 95
80 96
80 98
80 99
80 101
80 104
80 105
80 107
80 113
80 117
80 118
80 119
80 121
80 123
80 125
81 83
81 89
81 90
81 92
81 93
81 94
81 96
81 97
81 100
81 105
81 108
81 110
81 112
81 119
81 122
81 124
81 128
82 93
82 97
82 99
82 104
82 114
82 118
82 120
82 124
82 125
82 128
83 87
83 88
83 91
83 92
83 94
83 96
83 98
83 102
83 103
83 105
83 107
83 108
83 109
83 111
83 113
83 118
83 119
83 120
83 121
83 123
83 124
83 125
83 127
83 128
84 85
84 90
84 94
84 96
84 98
84 99
84 110
84 112
84 113
84 118
84 122
84 124
84 127
84 128
85 88
85 90
85 91
85 95
85 98
85 100
85 102
85 108
85 111
85 112
85 116
85 118
85 120
85 122
85 123
85 125
85 128
86 87
86 90
86 91
86 102
86 104
86 106
86 107
86 111
86 113
86 115
86 116
86 119
86 120
86 123
86 125
86 128
87 88
87 90
87 92
87 93
87 95
87 98
87 100
87 101
87 103
87 104
87 105
87 108
87 109
87 110
87 112
87 114
87 116
87 118
87 119
87 121
87 123
87 128
88 91
88 94
88 95
88 97
88 100
88 102
88 104
88 107
88 108
88 110
88 111
88 114
88 115
88 117
88 118
88 124
88 126
88 127
89 92
89 94
89 95
89 97
89 101
89 104
89 107
89 109
89 110
89 111
89 114
89 115
89 117
89 118
89 120
89 124
89 125
89 128
90 91
90 93
90 95
90 98
90 100
90 102
90 104
90 105
90 108
90 109
90 112
90 114
90 115
90 117
90 118
90 121
90 123
91 94
91 96
91 99
91 101
91 104
91 105
91 106
91 107
91 108
91 109
91 112
91 114
91 116
91 117
91 119
91 123
92 95
92 97
92 98
92 105
92 106
92 107
92 109
92 110
92 112
92 116
92 120
92 122
92 123
92 124
92 125
92 126
92 127
93 96
93 101
93 103
93 108
93 109
93 112
93 113
93 115
93 117
93 118
93 120
93 124
93 125
94 95
94 100
94 101
94 103
94 111
94 113
94 114
94 117
94 121
94 122
94 125
94 126
94 127
94 128
95 97
95 99
95 100
95 102
95 106
95 108
95 112
95 119
95 126
95 127
96 97
96 99
96 102
96 103
96 105
96 108
96 111
96 112
96 113
96 117
96 119
96 121
96 123
96 127
96 128
97 98
97 106
97 107
97 109
97 110
97 111
97 113
97 114
97 118
97 119
97 120
97 121
97 124
97 127
98 101
98 103
98 105
98 107
98 112
98 113
98 116
98 120
98 121
98 122
98 124
98 127
98 128
99 100
99 101
99 104
99 105
99 109
99 113
99 114
99 122
99 123
99 124
99 125
100 106
100 108
100 110
100 111
100 112
100 114
100 115
100 118
100 121
100 122
100 123
100 127
101 107
101 112
101 120
101 123
101 124
101 125
101 126
101 127
101 128
102 103
102 104
102 105
102 109
102 111
102 112
102 128
103 106
103 107
103 108
103 119
103 125
103 127
103 128
104 106
104 108
104 111
104 114
104 117
104 120
104 122
104 124
104 126
104 127
104 128
105 107
105 108
105 109
105 111
105 114
105 116
105 118
105 123
105 124
105 126
106 107
106 108
106 109
106 111
106 113
106 116
106 118
106 120
106 121
106 124
106 125
106 126
107 109
107 111
107 113
107 114
107 117
107 119
107 122
107 126
107 127
108 111
108 113
108 115
108 118
108 123
108 124
108 125
108 128
109 111
109 112
109 115
109 118
109 122
110 111
110 112
110 113
110 115
110 123
110 124
111 112
111 114
111 115
111 118
111 120
111 121
111 124
111 125
111 126
112 115
112 116
112 119
112 120
112 122
112 124
112 126
113 115
113 116
113 122
113 124
113 126
113 128
114 115
114 116
114 119
114 120
114 125
114 127
115 116
115 118
115 119
115 121
115 126
116 117
116 120
116 121
116 124
116 126
116 127
117 121
117 122
117 124
117 125
117 128
118 119
118 126
118 127
118 128
119 123
120 122
120 123
120 125
121 122
121 126
122 125
122 127
122 128
123 127
123 128
124 125
125 127
127 128
