128 121
1 2
6 2
8 2
10 1
10 2
11 1
11 2
12 10
14 2
15 8
16 2
17 1
17 15
20 6
20 16
21 1
23 14
24 17
25 10
26 14
26 24
27 2
27 6
27 17
28 1
28 15
30 6
30 14
32 17
33 14
33 20
35 11
36 1
38 16
39 24
41 26
43 2
45 12
45 38
50 2
52 6
52 11
54 14
54 17
54 24
54 52
55 14
59 12
61 10
62 20
62 30
64 1
66 8
67 2
68 28
71 11
71 27
72 23
72 27
73 23
74 17
75 20
75 27
76 11
78 14
78 16
78 23
78 27
78 38
78 45
79 20
81 20
81 33
84 21
84 45
85 32
85 84
87 38
87 81
90 38
90 64
92 20
92 21
94 17
96 33
96 75
97 38
99 2
101 52
101 75
102 23
102 81
103 61
105 32
106 15
108 106
109 25
110 43
111 26
112 74
112 101
113 24
114 45
114 59
114 68
114 75
115 6
116 1
116 2
116 38
117 54
118 64
118 116
119 27
121 45
121 75
122 24
123 59
124 15
128 10
128 87
