129 130
1 2
3 1
4 1
5 1
6 1
7 4
9 1
10 1
12 1
14 1
17 4
17 6
18 2
18 6
19 7
20 10
21 17
22 14
22 20
23 17
24 1
24 17
24 19
26 20
27 1
28 7
30 1
33 18
34 27
37 4
37 17
38 1
38 19
39 10
39 17
41 37
44 24
45 7
45 19
46 7
47 28
48 12
49 30
49 44
50 10
50 48
53 17
55 17
55 33
56 10
56 14
57 49
58 6
58 26
58 50
59 18
59 55
61 10
61 18
61 19
63 30
64 48
64 61
66 14
68 19
69 1
71 58
73 1
73 3
73 4
73 19
73 28
73 58
75 73
76 26
76 44
76 73
77 14
77 49
78 21
78 38
79 64
80 49
82 63
83 55
84 6
84 20
84 37
87 48
88 1
88 3
89 18
89 56
90 38
90 58
91 20
92 79
93 48
94 18
97 22
97 48
98 56
98 75
98 97
100 7
101 48
101 79
102 49
103 1
103 55
103 101
104 7
106 21
106 48
106 73
107 106
109 44
109 89
113 1
113 76
114 18
116 2
116 113
118 17
120 47
122 55
126 92
128 27
129 56
129 58
