130 150
1 2
3 2
4 2
5 2
6 3
7 2
7 6
9 3
10 2
10 4
10 6
12 2
13 6
14 2
14 3
15 7
16 13
20 2
20 14
21 10
21 14
22 1
22 6
23 2
23 3
23 6
23 14
24 13
26 6
26 13
28 10
29 1
29 6
29 22
30 6
31 14
32 2
33 1
34 2
35 7
35 10
35 16
36 10
36 35
39 1
41 3
41 35
42 4
42 6
44 2
45 3
45 14
48 16
48 23
49 6
49 16
51 6
51 23
52 2
52 23
57 7
57 13
57 33
59 2
59 9
59 48
60 7
61 29
64 1
64 2
65 2
65 6
66 3
67 6
67 23
68 3
69 7
69 44
71 2
71 14
73 52
74 3
74 71
75 14
75 35
77 13
77 42
77 59
78 6
79 14
79 78
81 2
81 24
81 26
81 78
82 73
83 3
83 48
86 57
88 49
89 3
89 7
90 2
90 48
91 2
91 29
93 1
93 2
93 42
93 79
96 59
96 64
96 67
97 35
97 49
97 83
98 6
98 79
99 65
100 2
100 6
101 34
102 2
102 14
103 6
103 102
104 49
104 57
106 42
108 65
109 23
111 100
112 71
113 2
113 41
113 79
115 23
115 83
116 1
118 36
120 6
120 42
123 3
127 3
127 6
128 83
129 14
129 48
129 79
130 3
