131 119
1 2
5 1
6 1
6 2
7 1
8 7
9 1
10 5
10 7
11 9
11 10
12 5
12 6
12 11
13 7
14 1
14 10
16 5
16 7
17 2
19 10
19 13
22 11
22 13
24 7
24 10
29 8
29 14
30 9
30 16
31 11
31 12
32 2
33 1
33 5
34 6
35 2
36 1
38 7
39 11
42 16
42 30
43 6
43 24
44 39
45 5
47 31
48 1
48 39
50 42
51 16
52 5
53 11
56 52
57 10
57 31
58 1
61 2
63 11
63 14
66 30
67 48
69 12
70 43
72 1
73 12
74 9
78 30
79 7
80 1
80 69
81 1
81 8
81 12
83 34
84 24
85 39
87 1
88 11
89 9
91 48
94 12
94 30
94 31
95 80
96 50
97 38
99 10
101 1
101 81
102 30
107 70
107 91
108 33
109 11
111 7
112 39
113 1
113 102
114 35
116 5
116 7
116 33
117 7
117 111
118 30
119 11
119 13
122 5
122 6
122 70
124 7
125 31
126 11
127 16
128 80
129 73
131 7
131 116
