133 135
1 2
3 2
4 3
5 1
5 2
6 5
8 1
8 5
9 5
12 5
14 1
15 3
15 5
17 3
17 8
18 2
18 3
19 1
19 3
21 3
21 18
22 19
23 5
27 22
29 5
30 8
31 8
33 8
34 2
34 8
35 6
35 8
37 3
39 1
42 18
43 21
44 5
44 35
45 21
46 2
46 3
49 3
50 1
50 35
51 3
51 21
53 2
54 33
56 2
56 22
58 2
58 18
62 5
64 2
64 34
67 2
67 6
69 3
69 18
69 44
70 21
71 53
72 1
74 33
74 56
75 6
75 8
75 27
77 3
77 33
78 5
78 19
79 3
79 8
80 44
81 5
84 70
84 71
86 3
86 14
86 21
86 74
87 34
88 8
88 37
88 80
89 86
89 87
90 1
90 74
94 2
94 21
94 27
94 50
95 8
96 6
96 51
96 56
97 94
98 2
98 3
98 50
98 96
99 71
99 86
100 99
101 84
103 8
103 21
103 56
103 84
104 1
106 56
107 53
108 34
110 33
110 56
110 88
111 86
112 1
113 44
116 6
116 44
118 108
119 71
121 8
121 71
122 18
122 56
123 96
125 3
130 3
132 5
133 64
133 75
