137 133
1 2
3 1
3 2
5 1
5 2
6 5
7 2
7 5
8 2
9 1
9 2
14 1
14 2
18 2
19 1
20 2
20 3
21 1
21 2
22 14
22 20
23 2
25 2
27 1
27 2
27 20
29 2
30 1
32 2
32 27
33 2
33 14
34 33
35 9
36 1
37 2
39 30
41 30
42 2
43 1
43 33
44 5
45 27
46 1
46 2
46 7
47 1
47 2
47 3
47 27
48 6
50 1
51 14
51 33
52 7
53 7
54 5
55 6
55 21
55 42
58 33
60 20
61 1
61 5
64 2
64 33
66 27
67 1
68 47
69 21
71 20
74 1
74 20
75 27
79 1
80 2
80 20
82 47
82 51
84 1
84 2
84 20
84 46
85 1
86 52
87 5
87 79
89 2
89 27
90 42
91 32
96 27
96 80
97 27
99 1
101 6
103 47
104 1
104 47
106 1
106 33
107 75
107 82
108 1
108 2
109 20
111 37
111 84
112 41
112 46
113 6
113 14
113 46
114 1
116 5
116 44
118 3
118 5
119 87
123 113
128 20
128 71
129 68
129 96
130 1
130 25
130 67
131 47
132 46
135 80
135 82
136 21
137 7
