138 132
1 2
3 2
5 2
6 2
7 1
8 2
9 1
10 2
10 3
13 2
15 1
16 1
16 2
16 6
18 1
18 3
19 6
20 1
20 2
22 1
23 1
23 2
24 20
26 3
26 9
27 1
29 13
31 16
33 6
33 8
35 8
35 10
36 23
37 10
38 10
38 16
39 20
39 27
40 9
41 39
42 16
42 38
43 6
44 2
49 10
50 13
53 39
54 2
55 10
55 13
56 1
56 5
57 23
58 1
60 1
60 6
61 13
61 15
62 2
62 38
64 13
64 57
68 38
68 62
70 2
70 61
71 2
73 71
74 2
74 44
75 2
75 8
75 39
75 58
76 75
79 54
80 2
80 33
83 38
84 2
86 5
86 62
87 35
87 38
88 2
91 62
92 9
93 44
94 56
95 36
97 74
97 84
100 20
100 27
102 33
103 13
103 62
104 88
105 27
106 36
106 102
107 20
107 39
108 107
110 2
110 61
115 87
116 6
118 13
118 62
118 83
118 110
119 6
120 2
120 13
122 88
123 54
124 6
124 10
124 39
126 94
127 2
127 61
131 18
134 1
134 102
135 27
135 84
135 131
136 43
137 74
138 61
