139 120
1 2
4 1
6 2
7 2
8 2
9 1
9 6
10 1
10 2
11 10
14 11
16 1
16 6
17 1
17 10
21 1
21 17
26 2
26 4
26 8
26 10
27 6
28 6
29 6
30 6
33 6
35 9
36 4
37 17
40 1
41 35
43 4
45 1
47 2
47 26
48 1
48 6
48 29
49 9
49 16
51 17
52 14
53 26
54 8
55 7
57 2
57 6
57 17
59 2
59 6
59 47
59 55
61 14
64 48
65 1
65 2
67 17
69 6
69 47
73 57
74 54
77 69
82 2
82 9
83 4
84 1
85 1
86 17
87 6
87 14
90 17
90 59
94 69
95 26
95 57
97 84
98 65
99 47
99 59
100 55
100 69
101 29
101 59
102 2
102 28
104 82
106 74
107 17
107 98
109 69
112 57
116 1
116 6
118 28
120 4
120 101
121 2
121 26
122 9
123 6
124 4
124 6
124 69
125 47
126 17
126 69
129 2
130 26
132 2
132 48
132 87
133 8
133 57
133 122
134 48
135 4
136 6
136 57
136 98
136 101
