140 133
1 2
3 1
3 2
5 2
6 2
6 3
6 5
9 6
10 9
18 1
18 5
20 2
20 3
20 5
21 9
22 5
24 3
25 3
26 2
28 26
29 5
30 5
31 2
32 31
33 2
33 3
33 26
36 6
39 2
39 3
39 18
41 22
42 2
43 21
43 26
46 2
46 5
46 18
46 22
47 18
47 22
47 29
48 3
48 47
50 3
53 1
54 47
55 42
56 5
56 48
57 3
59 46
60 2
60 39
63 46
64 5
65 3
66 5
66 56
68 5
69 26
69 41
71 63
72 2
72 5
73 48
75 2
76 47
77 1
78 20
78 26
78 63
79 66
81 9
82 2
82 26
83 39
83 41
84 54
84 56
86 1
87 63
89 6
91 5
92 1
93 2
96 92
98 26
100 22
101 3
101 20
102 68
104 2
105 1
105 87
107 82
108 48
109 42
109 68
110 22
110 42
110 72
111 3
112 72
116 3
116 31
117 31
118 87
119 21
121 46
121 112
123 5
124 3
124 6
124 9
125 63
127 43
130 81
132 5
132 9
132 25
132 26
132 63
132 73
132 116
133 3
134 2
134 25
135 82
138 5
138 6
138 18
139 31
