141 131
1 2
3 2
4 2
5 3
6 2
7 2
7 6
10 2
10 3
10 6
14 7
15 10
16 2
20 14
21 2
22 10
22 16
27 20
28 2
29 6
29 7
29 10
30 2
31 27
32 15
34 2
36 21
36 22
37 1
37 6
37 10
38 7
42 15
42 22
42 29
43 37
44 1
44 10
44 43
45 21
50 6
51 16
52 36
54 6
55 54
56 37
56 50
57 6
57 45
58 29
58 57
59 32
60 2
61 22
63 2
64 50
65 2
68 42
69 43
69 54
69 65
70 2
70 7
71 2
71 10
72 52
73 10
75 2
75 44
75 52
77 36
77 57
79 54
82 16
86 2
86 6
86 61
90 54
91 10
91 54
92 30
93 57
94 10
94 44
94 77
95 57
96 22
96 77
97 32
97 58
97 86
98 22
98 86
99 10
101 32
105 2
108 77
109 108
111 2
112 56
112 96
113 38
113 86
113 112
114 22
115 44
117 10
119 14
121 112
122 16
122 86
125 97
127 43
127 122
128 2
129 14
130 77
131 3
131 10
132 2
133 16
135 22
135 77
136 6
136 22
137 54
137 86
137 119
138 71
138 135
139 131
