142 145
1 2
4 1
5 2
6 1
6 5
7 4
7 6
11 6
14 11
15 2
15 6
17 14
18 2
19 2
19 6
19 14
20 2
21 5
21 6
22 6
23 17
24 1
26 21
26 22
27 1
27 6
27 19
28 1
30 19
31 27
32 11
33 21
34 22
35 19
35 22
36 1
37 1
37 21
39 15
39 27
40 6
40 14
40 27
40 39
41 1
41 37
42 37
44 37
47 1
47 37
48 21
48 27
49 1
49 21
49 22
49 27
49 39
49 47
51 19
53 27
54 17
54 49
56 27
57 1
58 17
58 33
61 47
62 6
64 2
64 7
65 5
66 4
67 1
67 22
69 17
72 21
73 1
76 36
77 41
77 49
78 15
82 1
82 4
83 1
83 49
85 42
86 2
86 37
86 49
88 1
89 5
90 19
91 44
91 83
92 21
92 36
94 36
94 40
95 21
98 11
98 49
100 48
100 82
102 27
102 33
102 35
102 49
103 1
103 37
104 17
104 36
105 1
108 34
108 36
108 82
109 14
109 92
110 4
113 21
114 6
117 21
120 6
120 15
120 48
121 54
122 27
122 67
124 1
124 22
124 110
125 5
125 21
129 47
130 1
131 49
132 61
134 11
135 42
135 49
136 1
136 98
137 6
139 21
140 22
142 49
