144 140
1 2
3 1
7 1
8 1
9 1
11 1
11 3
14 1
14 11
16 1
16 3
17 1
17 9
18 1
19 1
22 1
23 11
25 3
25 16
28 11
29 1
30 25
32 11
33 1
33 3
33 25
36 1
38 1
38 33
41 1
41 3
46 16
47 23
48 32
50 9
50 16
51 16
52 32
53 2
54 3
54 50
54 52
55 11
58 3
58 17
59 1
59 25
59 54
60 41
62 1
62 17
65 30
65 60
66 1
69 1
69 3
70 11
71 50
71 60
73 1
74 18
74 51
79 18
80 11
80 17
80 18
81 1
82 3
85 80
86 1
86 29
86 74
87 1
87 3
87 7
88 11
88 41
91 11
92 71
93 32
93 65
94 7
94 54
95 3
96 3
96 11
96 17
97 11
99 58
100 52
101 65
102 80
104 1
104 99
105 1
106 1
106 99
107 1
108 1
109 1
110 14
111 17
111 110
112 111
113 17
113 19
114 65
115 17
115 25
116 50
117 9
117 18
118 25
118 86
119 1
119 97
120 29
120 116
121 1
121 66
124 100
125 2
126 1
130 9
130 38
131 119
133 33
133 106
136 65
136 125
136 130
137 11
138 1
138 11
138 80
140 96
141 16
142 1
142 80
142 107
