145 142
1 2
3 2
5 1
5 2
8 5
10 1
10 5
12 1
14 1
14 8
17 5
19 5
19 8
20 8
21 2
22 1
23 1
26 17
28 2
30 1
30 8
33 1
33 8
33 10
35 1
35 2
37 2
37 30
38 1
39 35
40 2
41 5
43 10
44 1
45 1
45 38
46 2
46 19
48 10
49 5
50 10
51 14
52 1
52 8
53 8
53 23
54 26
54 53
57 35
59 22
59 38
59 52
60 1
63 8
64 59
65 2
67 1
67 26
69 19
70 57
71 14
71 20
71 65
71 70
72 57
73 59
73 63
74 35
75 1
76 10
77 5
79 38
81 65
82 19
84 2
87 2
88 14
88 35
88 54
91 57
93 38
93 88
94 54
95 2
95 54
97 54
98 19
98 49
98 59
99 49
101 63
104 1
104 94
106 35
107 22
107 26
108 53
108 65
109 1
109 77
109 88
110 1
110 8
113 1
114 26
115 35
116 41
118 8
118 10
118 26
121 2
121 75
122 1
126 41
127 2
127 17
129 17
129 127
130 1
131 88
132 2
132 19
132 35
132 49
132 97
134 1
134 2
134 35
134 79
135 63
135 104
138 10
139 8
140 87
140 127
141 1
141 5
141 17
141 52
141 134
142 1
144 26
