146 161
1 2
4 2
5 2
8 2
8 5
11 5
12 5
13 2
14 5
15 12
16 2
17 5
19 2
19 5
20 8
20 14
21 2
21 8
21 16
22 14
23 5
23 21
24 2
25 19
28 8
31 2
31 14
32 2
32 5
32 12
33 2
34 2
34 21
35 21
35 28
36 5
37 21
38 34
39 2
39 5
39 11
40 31
43 2
43 5
43 8
44 14
44 28
45 28
45 40
46 16
47 32
48 45
50 21
50 23
50 40
51 46
52 2
52 43
54 14
58 44
59 25
59 28
60 21
60 54
61 25
61 28
61 45
62 45
63 23
63 28
63 35
65 2
65 8
68 11
69 43
70 2
70 20
71 2
71 12
72 34
74 2
74 16
74 48
75 2
75 31
75 70
76 5
77 71
80 50
82 31
83 5
87 75
88 40
89 45
90 12
91 11
92 28
93 4
93 11
93 13
93 34
96 16
97 2
97 74
99 2
99 14
99 21
99 22
99 45
100 2
100 21
101 2
101 46
101 74
102 2
102 31
103 8
103 28
105 12
107 2
107 14
108 69
109 40
109 63
112 2
114 21
114 35
116 82
117 31
117 99
119 25
119 35
123 99
125 93
126 2
128 2
128 31
129 83
131 34
131 126
132 21
134 71
134 103
135 46
135 74
137 2
137 31
137 58
138 31
140 45
140 70
142 2
142 134
143 31
143 34
144 2
144 44
145 46
145 105
146 5
146 14
