147 151
1 2
3 1
3 2
4 1
4 2
5 1
5 2
8 1
10 5
10 8
11 1
12 1
12 4
12 11
14 10
16 2
18 4
18 11
19 5
20 1
23 4
24 1
25 12
26 1
26 23
27 1
27 2
28 2
29 11
30 10
30 26
32 12
34 8
34 11
36 14
36 34
38 16
40 36
41 5
41 10
41 18
41 28
42 10
43 8
44 19
45 1
45 30
45 34
46 1
46 2
46 40
50 41
51 1
51 5
51 10
51 19
52 16
56 25
56 45
57 2
57 3
58 1
59 45
60 36
61 45
63 1
64 8
64 23
66 64
67 34
67 66
69 34
69 41
70 3
73 1
73 19
74 8
75 12
75 19
75 36
77 2
78 5
80 4
83 1
85 1
87 1
87 51
88 12
88 19
89 1
89 56
91 1
91 2
91 34
93 11
94 34
95 12
96 75
99 75
100 5
102 10
102 63
103 5
105 41
106 1
109 1
110 40
111 1
111 18
114 2
114 87
116 41
117 34
117 111
119 34
120 114
121 23
123 18
123 28
123 36
123 120
124 8
125 2
125 77
126 8
126 30
128 3
128 10
129 3
130 1
130 2
130 29
131 36
132 27
135 1
135 126
138 16
138 30
139 1
140 1
141 12
141 36
141 45
142 103
142 111
142 141
143 23
146 5
146 34
146 41
147 2
