149 145
1 2
3 2
4 1
4 3
5 1
6 1
6 5
7 6
8 3
10 1
10 4
10 8
12 1
12 7
12 10
14 4
14 5
16 1
16 4
17 14
18 14
19 5
20 5
20 8
23 10
26 2
26 20
27 5
27 8
27 17
28 1
28 5
28 8
29 8
29 14
31 5
33 1
35 1
36 20
37 5
38 3
39 27
40 26
41 4
41 6
41 8
41 10
43 26
43 41
44 5
45 4
45 5
46 23
46 26
50 26
51 1
55 16
55 33
59 41
61 45
62 10
63 1
64 10
66 10
66 12
72 55
73 6
73 7
74 10
76 5
79 1
79 6
79 7
81 5
81 10
81 41
82 35
83 1
83 3
84 45
85 4
87 1
87 43
88 55
88 61
89 38
90 5
90 7
91 45
93 1
94 10
94 18
94 29
94 50
95 74
97 5
98 2
99 6
100 4
100 94
101 39
101 89
102 94
103 41
104 6
105 26
105 81
106 3
106 20
107 33
107 103
108 10
108 16
109 41
109 43
109 91
111 83
113 1
115 4
118 10
119 43
121 16
121 43
122 43
122 82
124 10
126 10
128 6
128 28
130 10
131 20
134 43
138 45
140 1
141 5
141 33
142 100
143 20
143 74
144 63
145 1
146 43
147 104
147 128
149 100
