150 146
1 2
3 1
4 1
4 2
4 3
5 4
7 4
9 4
10 4
11 4
11 5
11 7
12 3
12 11
16 2
16 4
17 4
18 4
19 11
19 18
21 4
23 2
24 1
24 16
25 1
26 2
28 11
31 4
31 18
32 11
33 5
34 3
34 4
34 12
35 5
35 11
36 4
38 4
39 2
39 17
39 18
40 3
40 11
42 4
46 4
47 3
49 5
49 9
50 4
50 18
51 42
53 4
53 19
53 24
55 32
56 4
56 34
57 4
57 18
59 4
59 7
59 34
60 59
62 4
62 7
64 3
71 2
71 4
72 11
76 40
77 4
77 5
78 39
78 50
81 49
81 64
84 33
84 59
85 28
86 5
87 11
89 39
90 2
90 32
90 53
91 34
93 3
93 5
94 3
95 5
95 40
95 57
97 2
97 34
97 42
101 50
103 2
104 78
106 11
106 18
109 5
109 9
110 2
110 11
111 81
112 33
112 56
114 4
115 76
116 16
116 19
116 39
118 4
121 4
122 78
122 111
123 23
123 33
124 4
124 50
131 56
132 19
132 39
132 40
132 46
134 50
135 16
136 2
136 101
137 4
137 71
137 121
139 18
139 25
140 51
141 104
142 53
143 40
144 34
144 39
144 109
145 93
145 131
145 132
148 11
149 36
