151 114
1 2
3 1
4 2
6 2
8 3
9 2
13 6
14 6
16 9
17 1
17 9
18 8
18 17
22 3
24 3
27 6
29 6
30 22
31 9
32 3
35 6
37 27
37 29
38 17
39 22
40 27
41 2
41 4
42 6
42 37
44 3
48 4
50 17
51 8
51 40
52 37
53 42
58 6
59 6
60 30
64 3
64 6
64 39
65 3
66 18
66 60
67 48
69 6
70 2
70 6
70 39
72 8
72 17
73 2
73 6
75 24
75 65
76 17
81 31
83 2
83 72
84 73
86 83
87 31
91 37
91 38
91 39
91 40
92 64
94 2
95 60
98 6
99 27
103 37
103 53
105 66
108 3
108 17
108 35
109 24
109 70
109 92
110 91
111 8
112 39
112 95
113 17
114 73
117 3
118 24
120 8
124 87
126 2
128 30
130 6
132 3
132 87
134 18
134 60
136 2
136 3
137 1
138 22
138 70
141 66
143 14
144 2
146 2
148 64
150 18
150 48
150 70
150 138
151 3
