152 150
1 2
5 1
5 2
6 5
8 1
9 1
10 5
11 10
12 1
13 5
13 10
14 5
16 10
16 14
20 1
20 2
20 10
23 20
24 10
27 1
27 13
27 16
30 5
30 13
31 10
31 13
31 27
32 2
32 14
34 10
34 13
35 1
35 24
36 10
37 5
37 10
38 30
39 20
40 1
41 20
42 34
46 31
48 35
49 34
50 20
50 35
51 5
51 16
52 13
52 31
53 16
53 34
54 1
54 34
56 5
57 30
59 35
62 5
62 50
64 1
66 34
67 9
67 13
67 16
67 27
70 50
71 5
72 5
73 27
74 10
74 34
75 67
75 70
77 13
78 6
78 31
79 34
81 16
81 66
82 13
82 32
83 27
84 1
85 34
85 82
86 5
86 12
86 81
87 31
88 1
88 10
90 20
91 13
91 27
92 16
92 30
93 30
95 77
96 40
98 1
98 31
102 34
102 52
103 13
105 31
105 34
107 27
108 16
108 20
108 78
108 85
109 37
109 85
110 34
110 81
111 5
112 88
114 5
116 52
117 102
119 20
120 10
120 84
121 78
122 23
123 6
124 10
125 20
126 16
127 10
127 57
130 50
131 35
131 46
132 2
132 74
135 84
136 13
138 5
139 31
140 62
143 87
143 111
144 30
145 130
146 42
147 36
150 59
151 32
151 81
