153 160
1 2
3 2
4 2
5 2
6 3
11 3
13 2
14 2
14 13
15 3
17 5
20 2
22 13
24 2
26 3
26 11
28 11
31 3
32 13
33 2
34 3
34 13
35 3
35 34
36 3
36 15
37 26
38 2
38 33
39 22
40 3
40 11
42 17
42 35
44 2
45 5
45 35
47 31
48 2
48 3
49 3
49 26
50 20
50 31
50 35
51 2
51 42
53 31
53 35
57 3
58 42
59 20
61 2
61 42
63 4
63 50
67 3
67 24
67 42
68 42
69 4
69 17
71 2
71 3
71 35
71 42
72 2
72 61
76 3
77 2
79 26
79 69
80 2
81 3
81 32
85 45
86 2
86 42
87 13
88 3
88 20
89 2
89 44
90 3
93 42
93 67
94 50
95 61
96 3
96 67
98 2
98 11
98 20
98 40
98 42
100 63
100 67
101 34
101 35
101 94
102 51
103 101
105 31
105 34
106 2
106 26
110 34
110 61
111 11
111 13
111 48
112 61
112 76
114 14
114 93
115 17
115 20
116 34
122 115
123 11
123 105
126 26
126 61
127 35
128 3
128 39
129 3
129 4
129 88
129 101
129 126
131 13
132 2
132 63
134 20
134 42
135 2
137 32
138 134
139 5
139 45
139 93
139 95
141 3
141 50
141 111
141 114
141 126
141 129
143 94
143 114
144 4
144 123
145 38
147 34
148 81
150 132
152 20
152 134
153 45
