154 166
1 2
3 1
6 1
6 2
8 1
9 1
9 6
9 8
10 1
11 8
11 9
12 1
15 6
15 8
16 6
16 12
19 6
20 6
21 6
22 6
22 15
24 1
24 6
25 12
28 11
28 21
28 22
29 8
29 12
30 1
30 6
37 1
37 15
38 10
38 24
39 6
39 15
39 22
39 38
41 6
42 1
43 10
46 1
46 9
47 37
48 2
48 24
48 41
50 9
51 1
51 9
51 38
52 12
52 25
53 6
56 37
58 16
58 46
59 28
59 37
60 9
60 15
65 22
66 21
68 8
69 16
70 1
71 6
71 38
72 2
72 50
73 22
74 12
75 22
75 24
75 56
76 6
77 6
79 12
80 1
80 53
81 6
82 9
82 52
83 8
83 66
84 29
85 29
86 8
86 66
88 24
88 66
89 6
90 6
91 12
91 56
93 9
93 21
94 6
94 60
94 93
96 6
96 16
96 86
97 1
97 11
98 8
99 6
99 24
101 8
103 46
105 39
105 88
106 6
106 97
107 24
108 58
108 83
111 19
113 28
113 39
113 50
114 6
114 15
114 28
115 82
116 2
116 86
118 6
118 37
119 24
120 114
121 94
122 8
123 94
124 93
124 115
125 9
126 6
127 58
127 86
128 8
129 47
130 72
130 93
131 8
133 42
134 1
134 6
134 59
136 74
137 6
137 16
139 1
140 12
141 22
143 15
143 80
143 93
144 6
144 29
144 113
145 90
146 65
148 6
149 82
