155 181
1 2
3 1
4 3
5 4
6 3
6 4
7 3
7 6
8 1
8 3
9 1
10 2
10 7
11 2
11 4
14 4
15 10
15 14
17 14
18 1
20 14
22 4
24 1
24 15
25 1
25 3
25 15
25 17
26 2
26 3
27 1
27 3
27 17
28 14
29 4
30 8
31 1
32 2
32 3
32 4
32 20
34 8
35 4
36 4
37 11
38 2
38 32
39 2
40 2
41 8
41 20
41 24
42 15
44 4
44 9
45 36
48 41
48 44
50 11
51 32
52 3
52 11
52 15
53 4
53 44
55 3
55 26
56 52
58 53
60 3
61 4
62 4
63 48
64 25
66 4
66 32
68 4
68 14
72 4
72 25
73 8
73 14
75 1
76 30
77 8
77 15
77 25
78 1
79 78
81 11
83 72
84 1
84 32
85 1
85 2
85 3
85 11
85 68
86 1
86 2
87 1
87 44
88 20
89 25
90 4
90 8
90 32
90 48
90 84
91 3
91 20
93 2
95 3
96 1
96 44
97 24
97 26
98 4
98 10
101 10
102 53
103 10
103 30
104 3
104 10
105 1
105 3
106 30
107 4
109 52
109 97
111 90
112 84
112 104
113 4
113 44
114 1
114 4
114 113
115 87
117 32
118 4
118 8
119 3
119 88
120 39
122 10
122 56
122 84
124 3
124 4
125 51
126 8
127 25
129 4
130 18
131 52
131 78
132 48
134 30
135 15
135 114
136 87
136 105
138 44
139 9
139 90
140 115
141 4
142 4
142 8
143 131
145 20
145 53
146 55
147 2
149 83
151 93
152 48
153 79
155 86
