157 169
1 2
3 2
6 1
6 2
7 1
7 2
10 6
10 7
12 2
13 1
13 6
14 2
15 2
18 1
18 2
19 2
19 6
19 7
20 1
20 2
20 13
23 15
24 19
25 2
27 1
27 2
27 10
29 10
30 1
31 15
31 19
31 24
32 18
32 19
33 18
35 1
41 27
42 1
45 2
47 1
47 18
51 15
52 6
53 10
54 19
54 27
55 7
56 1
56 14
57 2
57 45
59 10
59 18
61 27
64 18
65 51
66 47
67 6
67 20
69 13
69 18
69 52
69 61
71 1
71 2
71 69
72 45
73 64
74 14
75 7
75 10
75 13
75 32
76 24
77 19
79 1
79 2
80 18
80 19
81 2
81 13
83 66
84 54
85 2
86 15
86 18
87 2
87 19
87 65
88 31
89 1
93 1
93 33
93 53
93 67
94 69
95 18
97 2
98 18
98 27
99 59
102 1
102 18
102 99
104 15
105 6
105 59
106 87
107 79
108 32
108 76
109 52
110 31
111 3
111 18
111 87
113 18
113 64
114 27
120 27
121 15
121 18
121 67
122 31
123 31
124 7
124 15
124 27
125 10
125 31
126 20
126 27
127 13
127 113
128 2
128 6
129 1
130 18
130 69
131 79
131 86
131 104
134 75
135 67
135 121
137 18
140 2
140 19
140 130
141 71
143 18
143 20
143 42
143 124
144 124
145 2
150 131
151 6
151 109
151 121
153 121
154 15
154 35
155 18
156 2
157 1
157 10
157 18
157 80
