158 176
1 2
4 1
4 2
5 2
6 2
6 4
7 4
8 1
8 2
8 4
9 2
10 1
11 6
13 4
14 1
15 2
16 2
16 15
17 2
17 8
17 11
17 16
18 2
19 1
21 10
21 18
22 1
22 2
23 1
23 17
24 1
26 11
26 21
28 2
28 5
29 24
29 26
30 17
32 4
33 4
34 18
35 2
35 5
35 22
36 4
36 10
40 2
41 8
42 2
42 4
45 26
46 4
46 11
46 28
47 2
48 2
50 2
52 1
52 8
53 24
54 2
55 1
55 6
56 10
58 4
59 16
60 2
61 36
61 52
64 8
68 40
70 13
70 16
70 17
71 1
72 1
72 11
73 1
73 8
74 4
74 18
75 19
76 1
77 17
78 11
78 24
78 29
80 2
82 1
82 4
82 15
83 13
86 1
86 2
86 8
87 13
88 1
89 4
89 29
90 29
91 2
94 1
94 2
94 5
95 86
96 23
98 1
100 2
100 26
100 40
102 2
103 1
103 98
106 1
107 21
109 4
110 86
111 1
112 21
113 1
113 32
114 1
114 21
115 11
115 78
117 15
118 8
118 11
119 2
119 114
120 2
121 29
121 32
123 2
123 11
124 76
126 10
126 11
128 4
129 17
130 64
131 71
132 21
132 29
132 41
134 32
134 115
135 86
139 119
140 29
140 89
143 2
143 8
143 78
144 22
145 2
145 13
145 17
146 80
146 107
147 52
147 78
148 54
149 1
149 19
151 8
152 1
152 89
152 134
154 71
154 86
155 2
155 103
157 28
157 80
158 46
