159 154
1 2
3 1
5 1
5 3
6 3
10 3
11 2
11 5
12 2
12 11
13 5
14 11
15 3
15 12
20 3
20 10
21 2
21 5
22 14
22 15
23 5
25 13
25 20
26 2
27 11
27 13
27 22
28 10
30 12
30 15
31 2
31 30
32 3
34 3
37 2
39 2
40 3
41 25
42 3
42 20
43 30
43 42
48 1
48 20
50 10
52 15
53 42
55 30
56 42
57 2
58 3
58 22
58 26
59 27
61 1
61 3
61 13
61 21
65 11
65 15
65 25
67 55
67 58
67 61
70 12
71 3
73 2
75 13
76 21
76 25
77 5
78 12
80 26
81 25
83 53
84 11
84 61
85 3
86 2
86 40
86 59
87 84
89 20
91 11
91 84
92 3
92 10
92 14
93 3
94 13
94 61
95 20
96 12
97 11
97 56
98 11
99 2
101 31
104 12
105 39
106 21
106 86
107 27
107 61
107 67
107 80
108 3
108 50
109 11
109 80
111 109
112 3
117 30
117 107
118 11
119 25
120 3
122 58
125 58
125 61
126 91
126 108
127 20
127 125
130 1
131 28
132 13
132 91
134 48
135 2
137 15
137 20
137 57
137 112
138 12
139 25
140 30
140 120
141 2
142 80
143 3
143 132
145 20
151 12
154 83
154 107
155 53
155 108
156 42
156 43
156 57
158 107
158 156
159 12
