162 137
1 2
3 1
3 2
4 2
6 1
7 3
9 1
9 2
10 3
11 2
12 1
12 3
14 1
14 3
15 3
18 12
19 3
19 9
20 12
24 3
26 24
30 14
30 20
32 3
32 15
34 19
35 1
41 1
41 3
41 10
41 14
42 19
43 7
44 18
45 19
45 43
49 19
51 44
52 3
52 19
53 34
54 3
55 19
56 41
61 41
62 20
63 20
64 1
65 9
65 19
68 19
68 62
74 3
75 41
78 3
78 20
79 12
81 43
82 3
83 2
85 41
85 52
86 1
86 83
88 54
89 35
90 1
90 12
91 41
91 90
92 85
93 3
93 56
95 1
96 1
97 12
97 34
100 68
102 2
103 88
106 85
107 10
107 91
109 14
109 78
110 3
111 86
111 88
113 95
114 12
119 45
119 56
119 85
120 12
120 44
123 3
123 20
124 82
125 107
127 24
127 62
128 3
130 26
130 68
132 64
133 9
133 95
134 12
135 110
135 127
137 65
137 127
139 79
140 86
140 120
141 1
143 18
144 3
144 90
145 78
146 19
149 1
149 12
153 1
153 19
153 95
153 127
156 111
156 133
157 83
157 111
158 133
160 130
161 140
162 14
162 88
162 141
