169 178
1 2
5 1
5 2
6 5
8 1
8 2
10 1
10 5
10 8
11 5
12 1
13 1
15 1
15 8
15 11
17 6
18 1
18 15
21 1
22 2
23 5
23 8
24 1
24 8
24 23
25 2
26 8
27 8
27 10
30 15
31 5
31 11
32 11
32 18
32 24
34 1
35 5
35 6
35 8
35 25
38 1
38 5
39 17
40 15
41 15
41 27
42 11
43 8
45 8
46 11
47 11
47 12
48 1
49 41
51 1
52 15
56 5
57 15
58 1
58 5
58 31
60 18
60 34
61 2
62 5
64 2
64 11
64 17
64 34
65 60
66 2
68 41
68 58
73 2
74 64
76 61
79 40
80 41
81 23
82 2
82 23
82 34
84 6
84 15
87 32
87 58
88 8
88 58
90 1
91 1
91 2
91 15
92 1
92 41
93 5
94 1
94 10
94 12
94 15
94 26
94 66
94 88
96 11
96 25
97 5
98 41
98 60
99 15
100 5
100 82
101 84
104 27
105 23
106 26
107 1
107 80
108 1
108 88
110 60
111 1
111 91
112 17
120 108
121 1
121 17
121 98
122 6
125 24
127 65
129 79
131 1
131 27
131 92
133 26
134 1
134 84
135 131
136 38
138 8
138 107
139 26
139 32
139 38
139 101
140 12
140 121
141 108
142 60
143 34
144 15
146 24
146 31
149 10
149 122
150 82
151 34
152 31
152 127
154 120
156 27
156 60
156 82
158 11
158 23
158 133
159 15
161 142
162 12
164 1
164 46
165 2
166 158
167 108
168 15
168 32
168 91
169 34
169 108
