170 164
1 2
3 1
5 3
6 5
7 1
7 2
7 3
8 1
8 5
9 2
10 2
11 1
12 11
13 2
14 2
15 1
17 12
18 1
18 3
18 5
20 1
21 2
22 12
25 1
26 5
27 18
28 5
29 18
32 27
33 1
33 8
33 10
34 2
34 7
36 33
38 8
38 12
38 33
39 38
40 2
45 5
47 3
48 47
50 11
50 33
51 11
52 1
52 2
52 5
52 38
54 20
54 38
56 5
56 54
57 20
58 5
60 36
60 48
62 57
63 29
65 15
66 1
66 47
67 39
68 12
68 33
70 38
71 14
71 47
72 2
72 68
74 29
78 1
78 50
78 52
79 38
80 11
80 33
81 11
81 20
83 20
84 8
85 54
91 74
93 5
94 1
94 5
94 12
97 2
98 20
98 29
99 1
100 60
101 7
102 1
102 8
102 36
102 81
104 38
104 54
105 1
105 52
106 1
106 2
109 36
111 20
112 51
113 5
113 74
113 106
114 2
114 20
114 78
115 17
115 80
118 14
119 5
121 50
121 70
121 74
123 1
123 8
123 81
125 15
128 38
130 18
132 80
132 93
133 72
139 25
139 33
140 11
140 113
144 33
144 50
145 7
146 33
146 115
149 94
150 3
150 34
150 79
151 54
152 52
153 51
155 18
155 152
156 114
157 8
157 99
158 2
158 157
160 20
160 52
160 56
162 1
162 99
163 1
163 7
164 18
164 33
166 5
167 80
170 112
