171 171
1 2
3 1
4 1
5 1
5 2
6 1
6 5
8 6
9 2
12 2
12 5
13 6
15 1
16 1
19 1
19 3
19 13
21 5
21 6
21 12
21 13
23 6
25 6
25 16
30 6
32 9
32 21
33 16
33 21
36 16
36 21
37 3
37 21
38 1
38 13
40 1
42 6
43 1
44 12
45 9
46 1
46 36
47 3
47 30
48 3
48 13
51 3
52 6
52 51
54 12
54 33
55 6
55 19
55 21
56 2
59 30
60 38
61 52
62 52
63 5
63 12
64 23
66 2
67 45
70 9
70 21
71 12
72 1
72 3
73 12
75 30
75 47
76 21
76 23
76 33
77 1
78 52
79 9
79 62
80 1
81 54
82 3
83 47
85 6
86 1
86 83
87 47
88 13
88 54
90 48
90 62
91 13
91 30
91 55
92 87
94 91
97 1
97 9
97 21
97 79
98 48
98 60
99 2
100 6
100 83
100 91
102 6
103 1
104 94
106 47
107 3
107 21
107 100
108 82
110 16
115 6
116 37
117 80
117 97
118 47
119 5
119 12
122 48
123 5
123 36
123 107
124 9
125 2
125 42
125 55
126 13
126 51
127 2
127 30
128 13
128 91
129 90
130 6
130 13
135 6
135 12
135 59
136 21
137 6
137 91
139 61
142 97
143 125
145 51
145 100
145 108
146 62
146 81
150 125
152 13
153 19
156 2
156 36
158 52
160 6
163 97
164 62
164 135
165 47
165 77
165 164
166 1
167 91
170 81
171 6
171 94
