172 168
1 2
6 2
7 1
7 2
7 6
8 7
9 1
9 7
10 7
10 8
11 6
11 7
11 8
11 10
14 1
14 11
17 7
17 10
17 14
20 7
20 8
20 10
21 14
22 17
23 7
24 8
25 7
27 11
28 7
28 11
28 17
28 21
30 28
31 6
36 1
36 11
38 7
41 6
41 11
41 14
41 30
43 11
43 14
43 41
44 6
44 10
44 17
44 43
45 9
46 6
47 17
47 30
47 44
49 25
49 47
50 38
51 14
51 25
51 41
52 47
53 24
56 41
57 7
57 30
59 8
59 14
62 11
63 7
64 27
64 41
65 17
66 11
70 11
71 11
72 41
72 64
73 46
74 1
74 10
75 65
76 11
76 73
79 64
80 10
82 1
84 6
85 14
85 51
87 11
87 43
88 1
89 11
90 57
91 30
92 11
92 31
93 11
93 44
93 53
93 57
94 11
94 62
94 79
95 10
96 10
98 9
98 65
99 11
99 20
100 41
100 59
101 59
103 10
103 11
104 66
104 71
108 7
110 20
110 59
110 75
111 49
113 17
114 52
119 6
120 6
120 47
121 8
122 11
128 30
128 47
130 120
131 30
131 87
132 30
133 94
134 21
136 57
137 6
138 53
140 64
140 70
143 28
146 11
147 1
147 11
147 87
148 11
148 14
150 51
152 52
152 79
154 52
155 11
158 36
158 93
159 6
160 17
161 20
161 41
162 70
163 7
166 131
167 93
170 131
171 57
172 11
172 47
172 50
