173 172
1 2
3 1
3 2
4 1
5 1
7 1
7 4
10 1
10 3
10 5
14 7
15 1
15 2
15 7
15 14
16 7
16 15
18 3
18 16
20 1
20 2
21 2
22 2
22 10
23 7
24 2
24 15
24 20
25 15
26 25
27 15
27 24
28 15
33 1
33 2
35 28
36 25
37 25
38 20
39 23
41 1
42 7
42 20
47 33
49 15
50 22
52 15
53 7
53 28
56 3
56 5
59 20
59 24
61 23
62 2
63 15
63 20
64 2
65 33
65 47
66 3
66 20
70 15
72 2
72 3
72 16
73 7
74 15
74 52
75 36
75 73
76 75
77 16
77 23
77 64
78 1
79 66
82 7
83 20
84 15
84 27
84 36
86 10
86 61
87 23
87 33
87 83
88 73
90 10
91 65
94 24
95 7
97 10
97 23
98 36
99 2
99 7
99 38
99 59
100 16
101 20
103 5
103 20
103 53
104 59
105 75
106 4
106 24
106 59
109 83
110 24
112 15
112 37
112 73
113 15
113 23
115 2
116 14
116 52
121 15
121 106
123 18
124 90
126 15
126 74
127 23
128 53
129 90
130 121
133 3
134 33
134 61
135 26
135 53
136 2
136 7
137 1
137 52
139 75
141 61
142 15
143 10
143 20
144 24
146 10
146 21
146 77
147 14
150 1
153 112
154 52
155 16
155 22
156 24
158 14
161 10
162 15
162 18
162 59
164 24
165 62
166 23
166 63
166 142
167 158
168 23
169 4
169 162
170 65
171 77
173 1
173 7
