174 163
1 2
3 1
4 1
6 2
6 4
8 2
8 4
11 6
14 2
15 11
16 2
17 2
18 4
18 11
21 2
21 15
21 17
22 6
23 1
23 2
24 2
26 1
26 11
28 2
28 16
31 6
31 21
32 21
35 11
35 32
36 2
41 4
42 28
43 16
43 17
43 23
45 11
45 17
46 15
46 26
46 36
47 24
51 31
52 28
53 2
53 17
54 4
57 1
57 2
59 1
60 57
61 8
61 31
64 1
65 45
67 57
68 2
68 59
70 1
70 2
70 36
71 68
72 21
72 46
74 70
77 61
78 14
78 70
80 18
82 2
82 15
82 35
82 72
83 11
85 28
87 6
89 1
90 1
90 11
90 23
90 65
91 2
92 2
93 61
94 61
96 14
96 46
96 65
99 11
101 2
101 14
104 8
104 14
106 26
107 46
110 1
110 2
110 11
110 26
110 104
111 64
112 61
113 90
116 82
117 2
117 8
120 2
120 21
123 2
123 8
123 85
124 123
126 36
128 90
128 123
129 1
131 1
131 51
132 1
133 120
135 17
136 59
136 65
137 4
138 6
139 42
140 131
141 68
142 57
145 65
146 74
148 4
148 26
151 52
151 90
152 2
155 11
156 17
157 6
158 126
159 36
159 42
159 51
159 68
160 1
160 22
160 42
162 159
164 2
164 57
164 64
165 90
167 128
168 2
169 18
169 68
169 82
171 1
171 123
172 68
173 104
174 51
174 104
