175 180
1 2
3 1
4 1
4 2
5 2
6 3
6 4
7 2
7 4
8 5
10 3
11 8
13 4
14 5
14 8
15 4
16 2
17 13
18 4
19 4
20 2
21 14
22 2
24 2
24 4
28 18
29 2
29 11
31 2
31 6
33 14
34 6
37 2
38 2
38 14
39 3
39 11
39 33
43 22
45 3
47 2
47 24
48 38
50 38
52 38
54 3
55 8
55 14
55 33
55 45
55 54
56 6
57 1
57 24
57 50
59 5
59 19
60 6
66 34
67 6
68 11
68 14
68 33
70 2
70 5
71 3
75 11
77 2
77 28
78 38
79 2
80 4
80 6
82 3
82 15
83 43
84 3
84 16
86 24
87 2
88 2
88 87
89 3
89 4
90 16
90 89
91 55
92 70
94 33
96 33
98 33
99 2
99 8
99 22
100 2
100 3
101 22
103 4
103 16
106 2
106 3
107 4
108 4
108 38
109 33
110 2
110 3
112 24
115 2
116 4
116 24
117 14
117 67
117 80
120 38
120 39
121 57
122 2
122 3
123 14
123 33
124 2
125 8
128 2
128 8
128 45
128 75
129 19
130 33
131 55
133 2
133 11
135 4
136 11
136 99
139 3
139 101
140 70
141 3
142 14
142 37
143 2
144 2
144 70
144 133
148 3
150 24
151 45
152 2
152 16
152 59
152 99
154 82
157 3
157 17
157 122
159 4
159 133
160 14
160 151
161 75
161 88
161 139
163 4
164 7
164 59
166 120
167 3
168 38
169 2
169 55
169 106
170 6
171 2
171 82
172 152
173 2
174 2
174 122
175 55
