180 182
1 2
3 2
4 2
5 4
6 4
7 4
9 3
10 5
11 5
12 2
13 5
13 6
16 13
17 2
17 7
17 9
17 13
19 1
19 6
19 17
20 2
20 7
20 13
20 17
20 19
21 17
22 4
22 19
22 20
23 2
23 17
24 17
25 4
27 9
28 19
30 17
31 19
32 2
33 2
33 5
33 9
33 17
33 19
37 5
37 9
38 10
39 3
41 5
41 37
44 3
46 11
46 17
48 41
49 19
50 9
51 5
52 2
53 9
54 17
55 25
57 37
58 2
58 3
59 37
60 5
60 55
61 17
65 4
65 6
67 17
67 25
67 31
67 33
71 3
72 12
72 17
74 12
74 17
76 5
76 9
76 51
77 3
77 55
80 44
81 17
81 25
83 3
84 51
85 19
87 46
91 33
95 71
96 44
97 2
99 5
99 6
99 9
99 19
101 3
101 53
102 21
102 32
102 54
105 5
105 33
105 38
109 22
110 5
110 6
110 81
111 3
111 22
114 17
115 9
118 55
120 37
120 65
121 44
121 77
123 19
124 3
124 17
126 114
127 3
127 51
127 61
128 99
131 101
132 17
132 55
133 4
133 9
133 17
133 37
134 83
135 3
137 5
142 37
143 58
143 65
145 55
146 3
147 16
147 17
147 33
147 51
149 13
151 4
151 25
151 121
152 44
154 19
156 3
156 25
156 81
156 133
157 33
159 17
159 65
161 3
162 3
163 19
164 19
166 37
166 124
167 6
168 25
170 19
170 44
170 67
171 3
171 17
172 76
173 3
173 20
173 123
174 17
175 143
178 19
178 76
179 173
180 174
