183 194
1 2
3 1
3 2
7 2
8 1
8 2
9 1
10 2
10 3
10 7
10 8
11 8
12 1
13 8
13 9
16 8
16 11
17 7
17 10
18 9
18 11
20 2
21 8
21 12
23 8
25 2
26 8
27 7
28 10
29 8
29 13
30 2
32 21
33 1
33 29
34 10
35 30
36 8
36 13
37 21
40 13
41 2
41 9
43 23
46 8
47 11
49 13
50 7
50 8
50 10
50 13
50 29
51 23
52 23
53 8
53 33
53 37
54 23
54 36
57 9
57 10
57 50
59 30
60 1
60 13
61 29
61 57
62 26
64 13
64 33
66 11
68 2
69 29
69 60
70 43
74 50
75 10
76 33
78 30
78 33
80 8
80 21
81 2
81 11
82 29
82 51
83 8
83 70
84 2
85 52
86 2
87 61
89 29
89 69
90 23
90 50
91 33
91 51
92 2
92 10
92 70
93 37
94 1
96 2
98 2
98 29
98 30
99 29
99 92
100 83
103 37
104 51
106 29
107 3
107 13
108 2
108 74
110 34
110 66
110 69
111 83
114 10
114 100
118 50
119 2
119 30
120 30
121 57
124 29
124 36
126 29
131 2
131 60
132 11
133 2
133 70
134 2
137 80
138 8
138 16
139 36
140 29
140 69
142 2
143 51
143 107
145 26
146 118
147 84
149 11
150 21
151 13
151 47
151 96
151 103
152 16
153 13
153 30
153 50
153 61
153 107
154 89
154 133
155 8
156 36
157 50
159 9
159 29
161 8
163 2
163 29
163 110
165 51
166 13
170 85
171 134
171 143
172 80
173 7
174 93
174 140
175 7
175 16
176 143
177 8
177 33
177 145
179 8
180 13
180 29
181 2
181 132
182 82
183 120
