189 163
1 2
4 2
6 1
6 4
8 6
9 2
14 1
15 1
16 4
17 8
18 15
19 6
19 14
21 8
21 15
21 16
26 1
26 2
26 21
27 19
28 2
28 19
29 21
30 2
30 6
31 1
31 2
31 16
31 21
32 6
32 16
33 30
34 1
34 28
36 2
37 2
40 8
40 28
40 32
41 40
42 16
42 17
43 34
45 8
46 30
47 6
49 8
50 8
50 18
53 8
53 33
54 6
54 15
57 31
58 17
58 19
60 33
63 6
69 60
70 1
71 31
73 1
73 2
74 28
74 73
75 2
76 16
76 46
77 6
77 31
77 75
78 16
79 26
79 31
79 34
81 73
82 4
84 30
85 14
86 21
87 79
88 14
88 34
88 40
89 19
90 15
90 82
91 26
93 58
93 90
94 40
95 58
96 53
97 4
98 8
98 60
99 17
101 28
104 99
105 15
105 104
113 15
119 4
120 2
120 90
120 99
125 104
127 14
127 28
127 42
128 99
131 21
135 18
137 6
138 29
139 16
141 29
143 6
146 15
146 97
147 85
148 32
149 16
153 8
154 127
155 4
155 30
156 99
157 15
157 19
157 104
158 8
158 75
159 28
160 21
161 148
162 53
163 2
164 9
166 31
166 58
167 97
168 4
171 60
172 40
172 93
173 1
174 40
176 19
177 16
178 8
179 2
179 88
180 6
181 156
183 19
183 155
185 43
186 60
186 181
187 40
187 54
187 85
