190 181
1 2
4 1
4 2
5 4
6 4
7 4
8 7
9 2
10 7
11 4
12 2
12 4
12 5
12 7
13 4
14 1
15 4
16 13
18 7
18 12
22 4
22 7
23 7
29 13
31 4
32 2
33 4
34 4
34 12
36 23
37 4
37 8
37 10
37 12
38 2
38 5
38 7
38 37
41 12
42 4
42 9
43 38
44 4
44 12
44 22
44 38
46 12
48 4
50 1
51 4
51 38
51 42
56 22
58 4
58 16
58 31
59 7
59 38
60 38
60 51
62 9
62 11
66 37
68 4
68 38
71 22
72 33
73 7
76 38
79 13
79 34
80 60
80 73
81 68
83 4
83 22
83 58
84 4
85 2
85 38
85 80
87 4
89 7
89 58
90 7
91 48
91 58
92 4
92 5
93 38
94 7
96 38
97 93
99 38
100 18
101 23
104 4
104 44
106 34
107 12
110 4
110 7
110 44
111 42
112 12
115 7
115 10
116 38
119 14
120 38
121 7
122 38
122 91
124 100
125 2
127 1
128 38
130 12
132 44
135 94
137 4
139 38
139 112
139 115
140 73
145 51
145 73
148 12
148 59
149 51
151 29
151 46
151 97
152 83
153 7
153 12
154 14
157 12
157 124
158 124
159 4
159 38
159 42
160 7
163 7
163 96
163 125
165 2
165 4
165 13
165 38
165 91
165 104
165 115
166 38
167 2
167 4
168 4
169 107
171 2
171 56
171 151
174 4
175 2
175 68
176 4
177 4
177 38
177 171
179 7
179 38
181 48
183 115
184 7
185 110
186 2
186 107
186 110
188 148
189 110
190 80
