191 173
1 2
3 1
4 1
4 3
5 2
5 3
5 4
6 1
9 1
9 3
10 2
10 5
11 10
12 1
13 4
13 5
13 10
14 5
17 2
17 4
18 3
19 2
20 3
21 2
22 1
23 6
24 18
25 1
25 10
26 1
26 3
27 9
28 21
29 3
29 10
30 10
35 1
36 5
36 6
37 5
38 11
38 25
40 25
40 36
41 19
43 4
44 9
46 1
48 1
48 5
48 25
48 29
49 5
50 3
50 18
51 49
53 5
55 3
55 17
57 2
57 3
58 1
61 5
61 25
62 18
63 18
64 2
64 29
65 4
66 4
66 36
69 3
70 5
71 36
73 9
74 22
76 3
78 30
83 1
83 20
86 1
86 5
87 5
89 65
90 25
91 1
91 74
93 71
96 3
104 18
108 9
109 4
109 48
111 50
112 3
114 5
115 3
116 25
119 36
119 48
120 20
120 25
120 36
123 19
124 23
125 25
126 49
128 25
129 19
130 4
131 18
131 57
132 2
132 36
132 86
133 124
134 4
134 25
134 49
136 17
138 5
142 126
143 1
143 25
143 66
144 25
146 49
148 4
148 30
148 74
149 5
151 48
152 48
153 50
153 143
154 36
155 25
156 49
157 25
157 43
160 120
161 2
162 131
162 143
165 157
168 48
169 36
169 44
169 86
169 157
170 1
170 19
170 157
171 1
171 83
171 170
172 36
174 3
174 30
175 13
177 5
179 21
180 3
181 1
182 18
182 48
183 6
184 25
184 73
185 22
186 18
186 90
187 1
