197 183
1 2
3 1
3 2
7 2
9 2
9 3
10 3
11 2
12 1
12 2
13 1
13 2
13 9
14 10
15 2
15 3
15 13
17 10
17 13
21 17
24 15
25 2
26 9
27 9
27 15
28 1
29 1
29 9
30 10
30 17
31 12
33 2
33 3
34 13
38 2
38 29
39 17
40 2
41 7
42 1
44 1
44 2
44 14
44 15
44 24
45 2
46 30
46 41
47 11
49 25
54 15
54 29
55 13
56 1
59 28
61 38
62 2
63 1
64 15
66 13
67 41
69 2
69 15
69 30
70 54
71 12
71 49
73 2
73 3
74 2
74 3
74 25
74 28
77 1
78 10
78 13
80 45
81 24
83 29
84 78
86 30
86 54
86 55
87 1
90 9
91 2
92 1
93 2
93 70
97 74
98 2
98 15
98 44
98 49
101 9
102 9
102 13
102 44
103 1
103 41
104 30
105 44
107 44
107 54
107 92
108 29
108 78
108 93
109 13
109 17
109 98
111 73
112 10
112 29
112 49
112 109
113 13
113 41
114 49
115 44
115 93
116 54
118 98
120 30
121 3
122 74
123 78
124 15
124 41
124 46
124 114
125 84
125 93
126 49
128 54
129 2
134 63
136 70
137 10
137 13
138 17
138 137
143 49
144 80
145 1
146 34
151 129
152 134
153 1
153 49
153 73
153 134
154 2
154 124
155 2
160 24
160 46
160 78
161 63
161 107
162 15
164 30
164 113
165 49
168 92
169 55
171 15
173 15
176 118
178 2
178 153
180 80
181 17
184 93
185 2
186 30
186 178
187 107
189 137
190 137
191 1
191 181
197 30
