200 207
1 2
4 2
6 4
9 1
9 6
10 1
13 2
13 4
15 4
15 9
16 4
16 9
17 13
18 9
18 16
19 4
19 18
20 13
22 1
22 4
22 20
23 4
25 13
27 19
28 19
29 9
29 20
31 13
32 16
33 13
33 15
33 20
34 1
35 19
36 9
37 1
37 9
38 9
38 22
39 4
39 23
40 16
42 20
43 13
43 18
43 22
43 38
44 18
45 16
46 18
46 20
47 18
47 46
48 20
48 22
49 22
50 4
51 20
52 1
53 1
53 4
53 6
53 46
56 22
57 1
58 45
59 13
59 18
62 9
63 37
64 20
66 15
67 2
67 4
68 18
69 4
69 53
70 4
72 18
72 28
72 51
72 53
73 68
74 13
75 9
75 19
76 18
77 9
77 13
78 4
78 32
78 33
79 4
80 4
81 9
81 48
82 1
83 9
84 13
85 13
86 4
88 53
88 67
89 9
89 67
89 73
89 82
90 48
90 69
91 1
94 53
95 52
96 2
96 48
98 13
99 32
104 40
106 4
107 4
108 48
109 4
109 6
109 9
110 13
113 48
114 33
118 4
119 53
120 22
121 4
123 4
125 16
127 94
128 4
129 72
130 13
135 13
135 121
136 15
137 9
139 29
139 108
141 22
142 1
142 9
142 119
143 16
145 4
145 18
146 18
146 22
148 13
148 22
149 22
151 2
154 89
155 9
156 1
156 42
156 96
157 96
160 18
160 19
162 1
162 22
162 27
163 89
164 33
165 59
166 9
166 46
168 2
172 1
173 1
173 19
174 20
174 113
175 28
175 119
176 128
177 56
177 176
178 48
179 88
181 53
181 113
181 172
182 1
184 166
185 91
186 20
186 48
187 32
187 38
188 59
189 22
190 27
192 16
192 187
193 9
194 4
194 9
197 13
197 37
199 42
199 69
200 67
