202 175
1 2
3 1
3 2
4 2
5 2
6 2
6 5
7 2
7 4
7 5
8 2
8 7
9 5
12 2
12 5
13 1
14 7
18 2
18 12
19 7
22 1
23 1
23 3
23 7
24 2
24 5
26 1
27 7
28 8
30 2
31 6
32 3
35 9
36 23
37 5
37 12
38 1
38 2
38 8
43 6
45 12
46 45
48 14
49 4
51 23
51 32
52 9
52 12
56 12
60 7
61 3
61 46
62 32
65 5
65 9
66 23
66 35
67 26
68 52
69 24
70 14
71 18
72 18
73 32
74 3
77 2
77 5
78 3
78 8
81 5
81 18
87 1
87 26
88 3
88 5
88 71
89 23
90 27
90 46
90 70
90 78
92 2
93 3
94 7
94 35
94 48
96 51
97 94
100 78
100 94
102 3
104 5
106 8
106 65
109 5
109 26
109 35
111 88
112 5
114 48
115 3
115 28
116 2
116 26
118 5
120 60
120 92
122 2
122 18
122 62
125 14
127 3
128 18
128 19
129 3
129 18
130 7
130 60
131 7
131 46
131 60
132 46
132 48
133 5
135 125
136 27
137 5
139 23
142 93
143 3
144 61
146 19
146 78
147 23
147 24
149 77
151 71
153 13
155 7
156 7
156 78
160 23
160 65
162 5
162 70
163 18
163 27
167 162
168 116
169 24
169 70
171 93
171 102
174 60
175 106
176 163
177 4
177 24
177 135
178 175
181 175
182 7
184 8
186 7
187 23
188 169
192 23
196 24
197 102
198 1
198 7
198 35
198 60
200 1
201 1
