204 199
1 2
4 2
5 2
5 4
6 2
7 5
8 2
9 7
10 4
10 8
11 6
16 8
17 7
17 8
18 2
19 5
19 8
19 10
20 9
20 10
21 8
22 11
25 7
26 7
27 19
28 7
29 28
31 2
31 5
31 7
32 31
33 20
36 2
38 4
38 27
39 4
39 29
40 2
41 2
42 2
43 1
43 7
44 4
45 5
46 10
47 7
47 10
47 38
48 10
50 10
51 32
52 5
55 31
55 47
56 4
56 41
57 8
59 2
59 9
60 5
61 7
62 5
62 27
65 25
67 10
67 38
70 56
71 62
73 27
75 2
75 7
77 7
77 59
79 7
80 10
80 62
81 11
84 2
85 47
87 10
87 60
88 31
89 8
89 29
91 4
91 9
91 47
92 10
92 52
92 70
93 38
93 75
95 6
95 18
97 27
98 19
99 10
103 5
103 75
104 20
106 20
110 20
111 10
114 31
115 8
116 114
117 5
117 62
118 8
119 39
119 77
121 92
122 10
122 62
123 26
124 10
125 8
127 10
127 59
127 89
127 93
128 2
129 77
130 5
130 93
131 8
132 6
133 5
134 11
135 89
135 128
136 39
138 5
141 62
142 56
142 59
142 106
143 10
144 7
145 10
145 25
145 27
148 8
149 4
149 62
152 135
154 97
155 10
155 19
155 62
157 122
160 4
161 2
161 7
162 79
166 10
166 70
167 128
168 5
168 127
171 2
171 99
172 148
173 5
173 10
175 128
175 155
176 7
176 8
177 84
177 95
180 27
180 31
184 4
185 62
185 65
186 149
187 60
187 89
187 141
187 155
188 119
188 138
189 8
189 10
189 17
190 130
191 4
191 27
193 119
193 128
197 61
197 180
198 155
199 7
200 8
201 8
201 17
202 1
