205 205
1 2
4 1
4 2
7 2
7 4
8 1
8 2
8 7
9 8
10 2
10 8
11 10
12 4
12 8
12 11
13 8
14 2
14 8
15 11
15 14
17 7
17 10
18 2
19 9
20 2
20 8
20 17
21 8
21 17
22 15
23 2
25 2
27 2
28 8
28 19
28 25
30 2
31 12
32 7
32 25
34 8
37 2
37 8
37 15
39 27
40 2
40 28
41 39
42 4
43 2
43 7
43 8
44 19
45 4
46 19
46 45
48 21
48 28
49 34
50 22
55 19
57 27
57 55
58 12
58 55
59 43
60 1
60 2
60 12
64 4
67 22
68 2
68 8
68 10
69 15
69 50
70 49
71 21
71 25
71 64
72 19
75 2
75 8
76 2
76 7
77 42
78 22
80 19
82 39
82 72
83 69
84 55
86 14
86 15
86 34
88 4
89 2
91 2
91 4
93 4
93 21
93 37
93 40
94 64
95 2
96 19
98 28
98 37
99 22
102 1
103 2
105 93
107 11
107 18
107 21
107 86
108 48
109 84
110 98
111 2
113 2
113 4
114 12
115 55
117 64
118 21
120 39
120 55
124 10
125 45
126 12
126 93
126 111
130 19
132 68
135 22
135 98
137 102
141 8
141 28
141 69
141 83
141 113
143 44
144 21
145 72
146 113
147 4
148 25
149 86
149 88
152 18
152 95
156 22
158 55
158 69
158 143
159 107
160 8
160 37
161 21
162 84
163 2
163 8
163 141
164 1
165 71
165 93
165 115
166 93
166 124
167 8
167 115
168 7
169 137
172 4
175 2
175 15
175 72
176 8
176 141
177 4
177 27
179 14
179 19
182 43
185 88
188 39
189 141
190 10
192 126
193 68
195 69
196 18
196 25
199 169
200 84
200 166
201 7
201 8
202 141
202 165
205 7
205 8
205 93
