206 209
1 2
6 2
7 2
7 6
8 7
9 7
11 6
11 8
12 7
12 8
13 1
17 8
18 6
21 2
21 12
23 6
24 12
25 2
25 7
25 8
25 12
27 11
28 1
28 24
30 7
32 7
32 24
34 1
35 18
36 8
38 18
39 6
39 12
40 34
41 2
43 2
43 24
43 41
45 12
46 7
47 8
47 28
48 2
48 8
49 6
50 34
51 25
54 2
57 12
57 34
60 6
60 38
61 2
62 25
63 27
64 34
65 12
66 38
66 43
67 27
68 2
69 8
69 12
69 45
70 32
71 8
71 51
72 2
72 25
73 7
73 48
74 11
75 43
78 69
79 2
79 12
79 27
80 24
82 36
82 57
83 69
84 1
84 12
86 8
87 54
88 6
88 66
88 68
90 6
90 7
93 1
94 38
95 27
95 51
96 7
96 68
97 2
97 27
97 28
99 62
99 69
100 51
100 90
101 13
102 6
103 7
106 72
107 2
107 13
108 80
109 12
110 47
111 12
111 38
112 68
113 2
113 8
114 1
114 8
116 111
117 51
118 18
120 25
120 60
120 64
121 8
122 101
123 64
126 35
127 88
128 70
129 17
130 69
131 25
131 43
131 51
132 95
133 66
134 38
135 24
136 6
136 100
139 111
141 12
142 41
143 54
145 2
147 116
148 51
148 79
148 103
149 2
151 66
153 8
153 64
153 133
154 2
155 8
155 11
155 106
156 88
158 47
163 8
166 2
167 6
167 34
167 68
167 142
167 151
168 72
169 51
169 64
170 41
170 97
175 8
176 1
176 51
177 24
177 28
178 28
179 100
180 2
181 27
183 113
185 38
186 97
188 1
188 47
189 18
189 27
189 127
190 189
191 2
191 27
193 7
193 51
194 66
194 79
194 97
195 106
197 35
197 69
197 100
199 134
200 143
203 2
203 13
205 51
206 106
