208 227
1 2
3 1
4 1
5 1
6 1
6 5
8 1
9 1
9 4
10 1
11 1
12 1
15 1
15 10
16 1
19 1
20 1
21 2
24 1
24 5
25 1
26 1
26 4
26 10
28 25
30 21
32 5
32 24
33 3
33 19
34 1
34 8
35 3
36 24
37 1
37 5
37 20
43 5
46 5
47 1
47 24
49 1
50 6
50 26
52 37
53 5
55 1
56 1
56 4
57 37
59 1
61 1
62 1
62 26
63 24
65 1
65 20
65 56
66 1
68 20
68 25
70 37
71 62
72 1
72 4
72 6
72 34
73 1
73 10
74 11
75 3
77 25
79 16
79 72
80 3
80 37
82 26
84 3
84 47
86 32
86 74
88 57
89 10
89 20
89 65
90 65
91 34
93 34
94 3
96 56
97 70
98 1
98 86
104 6
104 32
104 33
104 50
105 1
105 32
106 2
108 66
108 91
110 3
111 32
111 98
113 37
114 5
115 6
115 72
115 86
116 47
116 89
117 68
119 77
119 94
123 47
123 66
124 1
124 66
124 98
125 124
126 90
127 8
127 33
127 34
127 68
128 20
128 37
128 104
131 32
132 94
135 106
136 89
137 1
137 25
138 1
140 4
140 10
141 1
141 47
141 89
142 32
143 2
144 49
144 77
145 1
148 24
149 84
150 1
150 4
150 72
150 84
150 91
151 25
151 128
152 20
154 150
155 82
156 4
156 25
156 91
156 105
156 126
157 142
159 65
160 155
161 65
162 71
162 132
163 16
163 94
163 142
164 56
164 149
165 155
166 150
167 1
170 24
170 93
170 98
172 20
172 162
173 170
174 68
174 126
175 1
175 36
175 141
176 124
177 1
178 72
179 142
181 127
182 116
182 142
183 2
183 26
185 30
185 98
186 71
188 1
188 10
188 179
189 20
190 19
190 98
190 128
191 9
191 96
191 155
192 3
192 156
194 2
194 8
195 3
197 1
197 4
197 150
198 98
201 128
203 191
205 68
206 104
206 141
208 15
208 55
208 190
