209 190
1 2
3 2
4 3
6 2
6 4
7 3
7 6
8 7
15 1
15 6
16 2
18 3
19 1
21 2
21 3
21 6
21 7
22 7
23 7
23 18
24 4
24 18
25 7
26 7
29 2
29 7
29 8
33 21
33 29
36 2
36 7
37 6
37 29
40 4
40 6
40 18
40 36
41 2
42 26
43 4
43 21
46 1
47 40
51 2
52 33
53 2
55 40
56 2
56 4
60 7
61 2
63 2
63 4
63 8
63 37
64 2
64 15
66 4
68 19
69 2
70 19
72 7
73 7
74 2
74 18
74 21
79 2
80 15
83 55
84 63
85 79
86 7
87 8
90 21
91 29
94 2
94 74
95 21
96 21
96 26
97 21
99 2
99 40
100 4
100 40
101 72
102 29
102 79
104 33
104 74
106 18
108 2
108 7
108 18
108 66
109 2
109 55
111 85
113 7
113 80
113 94
116 2
116 111
117 24
117 37
117 94
119 2
120 2
121 4
122 100
123 36
124 73
125 24
125 108
127 63
128 21
130 22
132 42
134 37
136 29
137 3
141 2
141 7
142 63
142 125
143 2
143 40
145 3
145 4
145 63
148 6
148 15
148 141
149 40
149 148
150 63
151 40
152 6
152 21
152 36
153 2
155 6
156 15
156 21
156 63
157 18
158 2
160 156
161 3
161 19
167 97
168 26
168 40
169 21
170 128
171 63
172 6
173 128
174 113
175 3
175 79
176 22
177 21
180 2
181 7
182 117
182 122
184 108
186 2
188 21
189 7
189 74
190 79
192 21
192 37
192 182
194 106
194 116
195 4
195 63
199 36
199 66
200 74
201 4
203 2
203 36
206 106
207 40
209 21
209 55
