213 213
1 2
3 1
4 2
6 1
6 2
6 4
8 2
8 3
9 1
9 6
13 8
14 2
14 8
16 2
16 13
19 3
19 14
24 8
24 14
25 8
27 1
27 2
27 8
27 14
27 24
29 14
29 27
30 27
35 6
35 27
36 27
38 9
38 24
39 16
40 14
41 13
41 27
41 35
42 24
43 13
44 4
45 25
45 41
46 2
47 46
49 2
49 24
51 8
51 25
51 38
52 19
54 45
56 1
56 46
56 49
59 46
60 24
61 24
62 29
64 1
65 27
65 45
65 54
67 25
68 14
71 35
71 46
72 45
73 25
73 56
75 1
75 56
77 1
78 6
79 44
80 51
82 41
88 14
88 16
89 49
90 1
90 38
91 6
94 16
96 24
97 3
97 29
98 13
98 14
98 27
98 46
99 82
101 1
103 4
104 14
104 46
105 14
105 27
105 35
106 13
108 14
108 27
108 73
111 6
112 6
112 24
113 1
113 65
116 6
119 13
120 14
120 16
120 60
122 6
122 72
123 4
125 3
125 27
127 14
127 46
128 56
128 98
130 2
130 73
130 101
133 46
133 120
134 14
138 1
138 6
138 105
139 14
139 46
140 46
140 49
142 82
143 51
144 41
144 82
145 6
146 54
146 67
151 13
151 123
152 146
153 139
154 38
155 82
155 138
156 89
156 105
159 125
160 46
162 125
163 25
164 24
164 29
164 116
167 122
168 77
168 105
168 139
170 29
170 108
171 6
176 145
177 2
177 14
177 27
177 45
177 62
179 47
179 120
180 14
180 47
180 154
181 41
181 46
181 54
183 24
186 24
186 51
187 46
188 167
189 105
189 170
191 45
192 24
193 154
194 41
196 8
196 170
197 51
200 1
200 73
202 152
204 2
204 19
204 54
205 127
207 170
208 2
208 51
209 3
209 180
210 2
210 27
210 82
211 138
212 6
213 2
213 133
213 170
