214 220
1 2
3 1
3 2
4 2
6 1
6 4
7 1
7 3
7 6
8 2
8 6
9 1
9 2
10 6
11 2
13 3
14 7
16 3
16 4
17 16
18 4
19 1
19 10
23 6
24 7
24 19
25 2
25 7
25 9
28 2
28 3
28 4
28 24
29 18
29 23
34 3
36 7
37 1
37 6
38 8
38 28
38 34
39 4
39 28
41 16
41 24
41 28
46 2
47 9
49 7
50 10
51 4
51 7
51 9
53 41
54 3
54 6
55 2
55 54
56 1
56 28
57 2
57 16
58 16
59 4
60 7
60 18
61 49
61 57
62 16
62 25
63 7
63 13
64 6
64 18
64 25
65 3
65 39
66 16
66 24
67 3
67 28
68 13
68 28
69 1
69 2
70 3
70 9
70 54
71 8
73 1
73 25
76 9
76 28
77 6
77 25
78 2
78 60
79 24
80 2
80 7
82 60
82 78
83 78
84 9
84 16
86 6
87 1
87 24
88 9
90 4
90 25
93 7
93 28
94 34
94 65
96 1
96 25
97 11
101 1
102 63
103 25
103 71
109 29
110 2
110 88
111 17
111 37
114 7
117 47
119 6
119 7
119 25
119 87
120 3
122 1
122 6
123 2
126 10
127 101
128 36
129 3
129 18
130 73
131 68
132 8
132 83
133 7
133 28
135 132
136 6
137 1
137 3
137 110
138 3
138 24
144 2
145 88
147 65
147 78
148 2
148 117
151 87
153 101
154 25
156 1
156 3
158 2
158 3
159 25
160 148
162 28
162 82
162 147
165 78
166 2
166 9
171 138
172 6
174 7
175 16
177 1
180 80
181 10
181 60
181 73
182 16
184 25
184 78
185 160
186 61
187 6
188 70
189 1
190 10
191 3
191 162
192 2
192 16
197 154
197 156
198 25
198 54
199 3
200 1
201 79
201 96
203 9
203 162
204 79
206 4
206 25
209 1
209 6
210 70
210 79
210 156
211 2
212 110
213 7
