216 228
1 2
3 1
3 2
6 1
7 2
9 1
9 6
10 2
10 6
10 9
11 9
13 9
13 10
15 2
15 3
16 6
16 9
16 10
17 2
18 1
18 16
19 16
20 2
21 18
22 9
23 2
23 10
24 1
25 1
26 6
26 10
27 21
29 18
30 2
31 1
31 18
31 21
32 6
33 10
34 3
35 1
35 9
35 15
36 15
37 10
37 35
38 35
39 10
39 38
42 2
42 15
43 1
43 31
44 9
46 1
46 19
46 30
46 36
47 18
49 25
50 43
53 46
56 1
56 15
56 35
56 36
57 3
57 9
57 43
59 2
62 25
63 39
67 6
68 1
68 9
68 38
68 67
69 62
71 43
72 9
74 18
76 56
78 2
80 32
81 57
83 56
84 46
85 43
87 43
90 1
90 10
91 10
91 33
92 3
93 46
95 10
95 26
95 43
97 1
97 46
100 56
101 21
101 35
105 57
108 10
108 72
109 1
109 101
110 1
110 108
111 56
112 9
112 16
112 39
117 97
119 3
120 63
120 83
122 44
122 56
123 10
123 46
124 1
124 56
124 112
127 93
129 97
129 112
130 1
130 43
135 3
137 35
137 108
138 112
139 1
140 6
140 9
140 43
141 140
142 1
142 112
144 35
145 1
146 31
147 112
148 81
149 2
149 43
150 10
152 72
155 108
156 9
157 3
157 22
159 87
160 35
161 2
162 1
162 37
162 83
163 101
164 10
166 1
166 83
166 162
167 35
168 35
168 68
170 1
170 43
172 18
172 122
174 93
176 9
176 43
176 56
177 9
177 46
177 145
178 10
178 56
181 9
181 46
181 68
182 1
182 46
183 2
184 139
184 172
185 18
185 105
186 63
186 174
187 46
188 117
189 22
189 101
189 174
190 112
191 101
193 91
194 123
196 1
198 9
199 1
199 9
200 31
200 172
202 10
204 1
204 6
204 101
205 6
205 68
207 95
208 35
209 129
210 68
211 123
212 9
212 62
214 9
214 129
214 162
215 10
215 112
215 123
216 9
