217 209
1 2
3 1
4 1
5 1
5 2
6 2
7 1
7 5
13 2
14 1
14 6
15 5
19 5
20 2
20 5
20 14
21 2
23 5
24 14
25 1
25 14
25 20
26 1
26 2
28 5
28 24
29 7
31 2
32 2
32 14
33 20
33 24
34 5
34 31
35 1
35 25
36 28
38 2
38 20
39 24
40 25
43 1
43 33
43 35
44 2
45 2
45 5
45 43
46 2
47 20
48 20
49 7
54 1
54 20
54 25
55 15
56 23
58 36
59 1
61 14
63 14
65 7
65 33
66 2
67 45
71 2
71 5
71 33
72 2
73 71
74 1
77 2
77 25
77 38
77 45
80 6
80 14
81 2
81 4
81 38
81 71
83 5
83 7
83 14
84 5
85 81
86 4
86 7
88 2
89 5
89 7
91 29
92 29
92 33
92 71
93 14
93 40
93 43
93 59
95 7
96 7
99 14
99 38
99 40
99 46
101 5
101 73
102 5
102 26
103 92
105 45
105 81
106 54
107 7
107 33
108 32
109 65
110 71
111 103
113 71
113 111
114 43
115 7
115 14
115 45
117 111
118 25
119 14
119 71
120 6
121 102
123 49
123 99
125 49
125 81
127 48
127 77
129 14
131 24
132 35
133 25
135 31
137 31
139 111
141 45
141 96
142 40
142 123
143 5
145 5
145 71
146 7
147 14
148 26
149 7
150 31
150 45
153 14
153 102
156 2
158 38
158 45
158 107
160 71
160 92
161 48
162 14
162 25
163 108
165 1
165 109
166 84
167 93
172 43
176 99
180 81
180 165
181 21
183 5
183 24
184 141
188 92
190 2
190 86
191 25
191 35
192 45
192 165
195 5
198 135
199 80
200 5
201 24
202 7
202 35
205 33
207 99
208 5
208 111
208 115
209 5
209 118
210 86
213 6
214 81
215 165
216 25
216 56
217 6
