222 240
1 2
3 2
4 1
4 3
6 1
6 2
7 1
8 1
11 2
13 1
14 3
14 7
17 11
18 14
19 2
19 14
20 6
21 19
23 3
24 14
26 14
27 2
28 1
30 8
30 14
30 19
31 6
31 18
31 30
33 14
35 4
37 8
39 1
42 11
42 14
42 23
42 27
44 4
45 6
45 11
45 18
45 19
48 4
48 17
48 30
49 18
50 42
52 1
52 50
53 2
53 3
53 44
54 20
55 11
55 14
56 4
59 17
61 4
61 35
65 45
67 45
68 19
69 55
71 2
71 52
73 45
74 11
75 71
76 6
76 7
76 11
76 18
77 19
78 11
79 6
79 8
79 21
80 44
80 67
82 1
82 4
82 42
82 52
82 67
83 1
83 27
84 53
85 14
85 18
86 7
88 14
89 19
89 55
89 74
90 1
90 14
91 18
91 45
91 82
92 1
93 48
93 89
96 50
99 11
99 89
101 1
101 30
102 6
103 1
103 11
103 33
104 1
104 73
107 39
107 76
108 50
113 20
113 82
114 30
114 42
114 80
115 35
115 82
115 113
116 13
116 82
120 30
121 1
121 82
122 7
122 13
123 89
125 122
127 6
127 55
128 4
131 18
131 53
133 82
134 39
136 82
137 30
137 50
137 82
138 6
138 82
140 1
141 1
142 19
143 2
143 14
144 30
145 7
146 141
148 145
149 6
149 45
151 26
151 48
152 6
152 30
152 79
154 45
155 8
155 80
155 102
156 96
156 141
157 82
157 107
160 53
160 93
161 107
162 42
164 42
165 80
165 115
171 11
172 1
172 56
175 3
177 14
179 4
179 116
179 144
180 3
181 89
181 148
181 177
182 20
182 65
182 93
182 145
183 20
186 96
188 39
189 107
190 13
191 18
192 82
195 4
195 6
195 18
195 156
196 23
196 182
197 7
197 73
198 1
198 21
199 2
200 172
201 82
202 93
204 8
204 201
206 131
207 19
207 67
208 19
210 76
213 160
214 35
214 44
214 52
215 52
216 1
216 13
216 50
216 182
216 201
218 6
219 50
220 1
220 195
221 6
221 127
221 165
221 207
222 13
