223 224
1 2
3 1
4 1
4 2
6 2
7 2
8 2
8 6
9 2
10 2
10 3
12 1
12 2
13 2
14 1
17 1
18 8
20 2
21 8
23 1
23 21
24 2
25 13
25 21
26 8
27 1
27 23
28 2
29 17
30 13
32 2
33 1
34 4
34 9
34 17
35 4
38 9
38 17
41 38
42 2
42 8
42 32
43 2
43 28
44 2
46 4
46 28
47 2
47 43
48 2
48 7
48 21
48 24
48 46
48 47
49 21
53 17
54 24
54 43
56 17
56 24
57 17
57 38
58 23
58 42
59 1
60 1
60 14
60 24
60 27
60 46
61 28
62 2
62 48
64 28
65 60
66 48
67 2
67 12
68 4
68 17
70 4
70 30
71 43
72 1
72 21
73 42
74 1
74 68
75 48
75 60
77 48
77 54
77 73
78 48
79 21
79 48
80 48
81 17
82 4
83 2
83 62
84 60
85 18
85 56
86 4
86 27
87 4
89 17
91 1
91 48
92 42
96 4
96 43
98 14
98 60
100 8
101 85
102 21
102 84
103 48
106 17
106 27
107 96
108 17
111 2
114 73
115 6
115 48
116 48
116 60
122 23
122 100
124 46
124 60
124 67
125 60
126 8
128 17
129 1
130 38
132 21
132 33
136 33
137 9
137 17
137 48
138 2
138 23
139 87
140 2
140 71
141 3
143 47
145 1
146 68
146 111
147 48
150 29
152 27
153 21
154 137
155 4
156 9
157 2
157 54
157 57
157 59
158 35
162 9
163 2
163 17
164 27
164 46
166 79
167 98
170 12
171 47
172 2
172 58
172 137
173 91
174 46
174 101
175 1
175 17
179 17
182 2
182 28
185 18
186 124
188 96
190 87
191 84
192 28
193 1
193 96
195 71
195 84
195 137
198 188
199 46
199 116
202 33
202 34
203 2
203 4
208 17
208 199
209 66
209 73
210 158
212 14
212 17
212 23
212 77
214 116
216 1
218 2
221 2
221 8
221 35
222 115
223 166
