225 224
1 2
3 1
4 2
7 1
8 2
10 1
10 7
11 1
12 8
13 8
13 10
15 4
15 13
16 1
16 13
17 7
18 17
20 10
22 15
23 1
23 7
25 2
25 13
26 1
27 12
28 1
28 10
28 17
29 8
30 10
32 12
32 17
32 29
33 11
34 17
35 15
36 1
36 3
36 7
36 10
37 13
38 1
38 17
42 17
42 30
43 15
44 2
46 11
46 17
47 20
49 2
49 15
50 7
51 17
52 1
53 33
54 36
55 15
56 16
57 1
57 13
57 17
59 11
60 1
60 38
62 15
62 17
65 1
65 28
66 8
66 11
70 28
71 23
73 10
75 55
79 10
80 1
82 1
82 3
82 50
86 65
89 7
90 1
90 7
90 28
92 50
93 1
94 17
95 2
98 1
98 3
98 26
98 29
99 1
99 18
99 25
100 94
101 15
103 28
104 50
104 94
105 1
105 10
105 13
107 1
110 82
110 105
111 13
111 95
112 2
113 66
114 7
114 28
114 44
116 30
116 47
116 101
116 105
118 90
119 105
122 1
122 11
123 36
126 4
126 105
127 8
128 32
129 2
132 43
132 52
132 65
136 36
137 1
137 22
137 116
138 17
138 28
138 42
140 59
141 51
143 1
143 103
144 17
144 62
145 1
145 90
146 90
147 2
147 12
148 12
149 2
149 105
150 22
151 8
156 147
157 111
160 16
161 7
163 50
165 53
165 140
169 13
169 105
170 11
172 122
173 27
173 99
174 55
174 56
175 1
175 98
176 7
177 50
178 28
179 75
180 16
180 65
182 1
182 13
182 22
183 94
184 17
186 27
186 86
189 1
190 1
191 1
191 38
191 145
192 2
192 17
193 15
194 79
196 1
196 27
198 4
199 52
200 143
201 1
205 144
206 62
210 15
211 27
211 50
212 2
212 56
213 10
213 22
214 7
214 27
216 60
217 16
218 7
219 196
222 2
222 163
222 218
223 1
223 82
224 1
224 10
224 13
224 51
225 1
