226 210
1 2
3 1
3 2
4 2
6 2
7 2
8 1
10 2
13 2
14 4
18 1
18 2
19 2
19 18
21 2
23 2
24 2
25 18
27 2
28 2
28 7
29 2
31 2
33 21
33 27
34 14
35 2
35 14
36 2
36 4
37 4
38 3
38 27
40 4
40 18
41 18
43 1
44 2
47 18
48 43
52 25
53 41
56 21
56 48
58 25
61 2
61 19
62 2
62 3
62 29
63 2
63 18
64 2
64 19
66 2
66 48
69 2
70 28
71 2
72 63
74 2
74 3
74 18
75 2
77 2
78 74
79 2
79 3
80 21
81 2
81 29
82 1
83 24
84 69
84 75
85 2
87 2
87 84
90 2
90 10
90 72
90 87
91 2
92 74
93 84
94 38
96 21
97 2
97 90
99 62
101 37
102 1
103 2
103 74
104 2
104 61
105 2
105 82
105 84
105 87
106 14
106 94
107 1
107 82
108 14
108 103
109 2
109 62
110 75
111 2
112 93
113 70
114 18
114 111
115 18
115 63
117 21
117 66
117 107
119 18
120 28
121 84
122 18
123 53
124 2
124 10
124 25
125 79
126 2
126 35
127 87
128 2
128 123
129 25
131 25
133 36
134 69
135 27
136 2
136 106
137 69
138 80
140 2
140 81
141 94
146 36
146 37
147 81
150 146
152 8
152 53
154 131
156 63
159 2
160 63
160 94
161 14
161 83
161 106
161 114
162 82
163 64
164 141
169 135
171 3
172 2
176 63
176 156
180 134
181 117
181 123
182 14
185 36
187 27
187 29
188 2
189 81
190 93
190 180
194 97
195 72
196 21
197 72
198 10
204 2
204 74
205 1
205 188
206 90
206 140
209 66
209 105
210 19
211 2
213 2
214 2
214 53
215 36
216 18
216 36
216 123
216 162
216 214
217 2
218 44
218 87
220 18
221 33
222 1
224 25
