227 268
1 2
5 1
6 1
7 1
7 5
8 1
8 5
8 7
10 1
11 1
12 1
12 10
14 8
15 6
16 1
18 1
20 8
21 1
22 1
23 1
24 1
24 12
26 1
27 1
27 7
29 27
31 6
32 1
32 12
34 1
37 12
38 2
38 8
38 10
38 14
39 38
40 1
40 38
41 20
41 27
43 8
44 8
45 32
46 34
48 46
49 1
49 8
50 2
51 5
51 34
51 45
52 32
52 38
53 1
54 6
55 1
55 6
57 34
58 8
60 1
60 8
60 44
60 51
61 21
61 44
62 6
63 43
66 21
67 1
68 1
68 32
68 39
69 5
69 6
69 62
71 1
72 1
76 43
77 52
78 20
79 14
79 44
80 1
80 6
80 11
80 68
82 41
83 12
85 8
86 44
86 62
88 78
90 1
90 14
90 15
91 1
91 10
94 1
94 51
95 52
96 8
97 6
98 62
99 24
100 27
100 32
102 24
102 97
104 8
104 24
106 69
106 86
106 97
107 32
107 38
109 1
109 7
110 22
111 1
111 6
111 38
111 99
112 1
112 5
112 6
114 12
114 34
116 8
120 10
120 79
121 1
121 22
123 71
124 94
127 1
127 8
127 12
129 5
129 66
130 46
130 68
131 8
131 16
131 85
131 129
134 32
135 1
135 45
135 112
137 1
137 16
137 90
138 8
139 1
139 6
139 7
140 76
141 6
141 31
142 69
144 16
146 6
146 79
146 86
147 1
147 102
148 1
148 131
149 8
150 38
151 24
151 44
152 1
155 38
155 90
155 111
156 27
156 49
156 69
157 34
157 46
157 79
158 131
161 1
162 1
162 5
162 8
162 20
163 1
163 157
165 8
168 6
168 12
168 45
168 111
169 21
170 7
171 38
171 54
171 163
173 1
173 16
173 79
174 1
175 131
176 107
177 46
178 32
179 1
179 41
179 127
181 10
182 32
182 107
183 80
186 1
187 1
187 15
187 178
188 111
188 148
189 149
190 38
190 127
192 2
193 15
193 79
194 44
194 80
194 106
195 168
196 8
196 38
196 161
196 171
198 1
198 2
198 5
199 22
200 1
201 7
202 15
203 156
204 60
204 178
205 196
206 106
208 1
208 44
208 106
209 11
211 14
214 1
214 206
216 187
217 5
217 15
219 32
219 55
221 12
221 187
223 52
224 27
224 38
224 214
225 107
225 130
226 50
