230 228
1 2
3 1
3 2
4 3
5 1
6 3
7 3
8 2
8 3
8 4
10 3
10 8
11 6
12 4
12 10
14 1
15 2
15 4
15 8
15 12
18 1
19 3
19 4
19 10
20 3
22 4
23 10
24 1
24 8
24 12
25 1
27 2
27 19
28 19
30 28
31 2
32 4
33 2
33 8
34 3
35 2
35 19
37 12
38 8
39 8
41 4
43 27
44 4
44 8
45 38
48 43
49 3
50 10
51 2
52 11
52 38
53 10
53 20
54 8
56 19
59 8
60 1
61 3
62 38
64 4
66 15
66 38
68 11
68 62
69 33
70 33
70 69
71 27
71 62
72 8
72 35
73 10
74 38
75 8
75 52
75 59
76 38
77 3
80 10
81 19
82 19
83 32
83 44
84 28
85 44
86 15
86 66
87 51
89 61
89 62
90 4
91 28
93 59
94 68
94 93
96 84
97 1
97 8
97 93
98 3
99 5
99 10
99 32
102 61
104 2
105 35
106 81
107 93
108 10
109 73
109 93
112 66
113 1
114 2
114 4
115 15
120 27
122 3
122 4
122 81
123 12
123 93
124 3
130 8
130 70
132 69
134 1
134 77
136 38
136 52
138 18
139 8
139 86
139 97
140 44
140 89
141 12
143 140
144 19
146 10
146 66
147 3
147 35
148 109
149 93
152 15
153 10
153 24
154 59
154 106
155 4
155 15
155 52
156 93
157 139
157 155
159 3
159 12
160 24
163 69
163 106
166 15
166 140
167 44
167 81
168 139
169 2
170 3
171 15
171 106
171 168
174 19
175 52
175 153
177 93
183 4
183 10
184 75
185 77
185 130
186 62
188 19
188 51
189 23
190 19
191 124
192 28
194 15
194 86
195 20
195 89
196 48
199 124
201 1
201 62
204 44
205 12
205 74
205 97
205 122
205 155
207 28
207 50
211 8
213 109
214 3
215 8
218 69
219 38
220 10
220 61
222 97
223 2
223 155
224 19
224 136
226 12
226 155
227 120
229 1
229 12
229 69
230 107
