231 248
1 2
3 1
3 2
4 2
4 3
6 2
6 4
8 4
9 4
10 4
10 8
12 6
13 4
14 3
14 4
15 2
15 3
16 10
18 4
22 15
23 4
24 6
24 8
27 6
29 4
32 8
35 12
39 23
40 3
40 23
44 6
44 29
46 4
46 8
47 4
49 4
49 22
49 39
50 2
50 32
52 8
53 23
56 4
57 22
58 50
59 4
60 3
61 35
62 10
62 32
63 8
63 56
64 8
65 39
66 1
67 4
67 32
68 6
68 23
71 3
72 3
72 10
74 62
75 4
75 22
77 23
80 4
80 8
80 10
80 62
81 72
83 80
84 46
84 72
86 8
86 12
86 15
87 6
87 23
87 66
88 10
88 22
89 4
89 81
90 49
91 8
92 40
93 80
93 89
95 8
95 23
95 93
96 8
97 60
99 49
101 68
102 4
103 23
104 12
104 83
105 4
105 10
107 95
108 12
110 10
112 12
112 83
113 8
113 56
113 95
114 6
117 80
119 4
121 15
121 107
121 110
125 8
125 105
126 46
128 9
128 87
129 13
130 1
131 89
132 8
132 105
133 58
133 103
133 113
133 132
135 6
135 87
135 133
136 80
137 66
138 108
139 6
139 49
140 4
140 112
141 46
142 72
143 133
144 6
145 95
146 40
147 13
147 135
148 8
148 58
149 6
149 87
150 83
150 128
151 12
152 12
152 15
153 35
154 8
156 4
156 8
156 39
157 32
157 147
158 4
159 10
159 15
159 22
159 29
159 83
160 4
160 57
161 8
162 4
164 2
164 68
165 50
166 12
166 56
166 77
169 29
169 83
169 138
170 143
172 95
173 4
173 95
174 40
176 9
176 56
179 156
181 15
182 12
182 16
183 44
183 161
184 86
185 56
188 39
188 143
189 147
190 103
193 133
193 173
194 8
194 151
196 143
197 39
199 4
200 108
202 121
202 158
203 22
203 67
204 10
206 4
206 57
207 4
207 23
209 10
209 113
210 6
211 95
212 4
212 35
213 110
213 121
217 89
218 56
218 81
218 87
219 8
220 8
220 105
220 117
221 75
222 12
224 151
225 27
225 133
226 6
227 71
227 133
228 4
228 81
228 107
229 164
231 125
