232 223
1 2
3 2
4 2
5 4
7 2
7 3
9 2
10 5
10 7
11 1
12 1
12 4
13 10
16 1
16 3
17 2
19 4
21 2
22 1
22 2
22 4
23 1
23 2
24 1
25 1
25 2
26 2
26 12
27 2
30 12
31 7
32 2
32 25
33 17
35 4
35 13
36 4
38 25
39 4
39 24
40 1
41 2
43 1
44 40
45 2
48 1
50 2
51 39
51 41
52 4
52 11
53 38
54 12
54 48
55 23
56 2
59 7
59 11
61 2
61 3
61 56
62 5
64 25
65 2
67 55
69 1
70 1
71 2
71 41
74 7
77 11
79 2
80 62
81 2
82 5
83 3
84 2
89 50
89 71
90 5
91 4
92 7
95 5
95 79
96 2
96 48
98 53
100 41
102 1
102 12
102 23
104 1
105 1
106 1
107 5
107 7
107 62
107 104
108 7
108 41
110 1
111 80
113 4
113 91
114 43
114 53
115 1
115 11
115 43
116 41
116 54
120 10
120 62
123 3
123 4
123 26
129 2
129 40
132 25
132 59
133 4
133 5
133 19
135 54
136 7
137 1
138 30
138 39
138 113
140 106
141 1
141 2
142 5
143 69
144 1
144 45
145 1
146 62
147 26
148 106
149 95
150 105
151 25
154 38
154 115
156 2
158 1
158 96
162 1
162 5
162 10
162 50
162 111
163 51
163 147
165 7
165 141
166 114
168 1
168 23
168 43
169 43
170 59
171 7
171 24
172 25
172 51
174 4
175 23
175 25
175 154
176 2
176 61
177 2
179 56
179 106
179 141
181 162
183 13
183 70
183 149
185 2
186 2
187 71
189 59
191 39
192 25
192 100
194 26
195 133
197 2
197 95
197 154
201 41
202 27
202 150
205 39
206 1
207 61
209 148
210 1
211 138
212 4
213 2
213 4
214 107
214 120
214 185
217 1
218 19
218 140
219 1
219 56
224 4
224 150
225 38
228 185
230 5
230 23
230 56
230 140
231 1
232 151
