233 219
1 2
3 1
3 2
4 2
4 3
6 2
7 3
7 4
8 4
9 3
11 2
14 3
14 7
15 3
15 7
18 3
22 3
23 15
24 3
25 3
25 4
25 7
25 8
26 7
26 8
29 3
30 3
30 8
31 1
32 1
32 2
32 3
32 4
32 6
35 14
38 4
38 14
40 1
41 1
41 3
42 18
45 3
46 3
46 7
47 7
48 4
48 42
49 3
50 15
51 7
52 2
53 2
53 4
55 14
57 11
59 8
59 25
59 55
60 4
61 23
61 24
61 40
61 45
62 50
62 59
64 4
64 18
65 4
65 18
66 3
66 15
67 49
68 3
68 42
69 1
69 2
69 3
69 30
70 4
70 23
70 62
71 4
72 15
72 61
73 24
73 61
76 57
77 32
78 14
78 69
80 4
81 15
82 38
83 32
86 4
88 55
93 4
93 42
94 2
95 4
95 7
95 18
96 1
96 38
97 4
97 82
98 61
99 1
99 50
100 99
103 32
104 18
106 2
109 59
110 32
111 6
112 1
112 6
112 7
113 4
114 32
115 64
117 32
119 1
120 93
122 64
123 1
123 3
123 7
124 3
125 4
125 49
125 65
126 4
126 99
127 2
128 3
128 8
128 26
132 1
133 3
135 1
135 15
135 18
135 99
137 72
138 42
138 68
140 99
143 4
143 23
149 61
150 72
150 82
153 61
153 96
158 25
159 71
160 4
160 128
163 7
166 117
168 112
169 127
170 7
172 158
173 25
173 65
174 1
175 7
175 81
175 150
178 2
178 22
179 7
180 69
182 4
184 3
187 30
187 149
189 62
190 1
192 18
192 22
194 57
195 68
196 3
196 4
198 11
199 128
200 159
202 18
203 41
203 53
204 42
205 112
206 3
206 61
207 138
208 4
209 1
210 42
212 41
212 69
213 6
213 69
213 168
214 69
215 66
215 180
219 59
220 62
221 4
222 1
223 4
225 3
225 57
228 11
233 7
