234 220
1 2
3 2
4 3
5 3
6 2
8 2
8 4
8 6
9 1
9 2
10 5
10 8
14 5
15 5
15 8
15 10
16 15
17 8
18 2
21 10
24 1
24 15
25 5
26 8
27 5
27 10
29 8
30 8
33 5
33 8
35 10
36 29
37 2
38 3
38 5
38 27
39 1
39 3
39 10
42 3
44 8
45 38
46 5
47 10
50 1
50 4
50 21
50 35
51 50
52 21
53 4
55 51
57 50
59 4
59 5
63 14
67 50
68 4
69 3
69 8
70 46
73 5
73 52
73 59
76 5
76 27
76 50
76 52
77 15
79 4
80 36
82 10
82 51
83 5
84 5
84 15
84 63
85 8
86 27
87 3
88 85
89 29
90 59
92 4
92 5
93 4
97 76
98 18
99 37
101 5
101 38
101 47
102 5
102 15
103 3
103 50
104 3
107 5
108 8
109 3
109 50
112 4
113 59
114 104
115 73
118 37
120 8
122 2
123 29
124 5
125 5
126 10
128 50
128 84
128 108
129 5
129 92
130 76
131 2
131 29
133 15
134 15
135 76
136 5
137 3
137 52
143 10
143 113
145 15
145 52
146 27
146 39
147 27
148 5
151 8
151 50
151 52
151 145
152 63
153 5
153 29
154 68
157 51
157 52
157 131
158 3
159 3
159 50
159 131
159 145
163 5
163 29
165 15
169 44
169 47
170 3
170 8
171 4
171 8
173 53
178 8
178 73
179 5
179 21
182 26
183 10
185 8
185 15
185 52
186 38
188 27
189 73
189 101
189 113
190 27
190 83
191 5
191 73
191 145
192 4
192 15
194 80
194 157
198 3
199 118
200 39
202 26
203 10
205 10
206 169
207 113
208 59
208 85
210 53
211 8
212 2
214 170
217 8
218 4
218 5
219 3
219 38
219 129
220 15
220 218
221 136
222 21
223 103
223 129
224 113
224 170
224 219
225 79
229 38
231 5
231 15
232 15
233 26
234 87
234 101
