237 235
1 2
3 1
3 2
6 1
6 2
8 2
9 6
10 1
11 8
12 6
15 8
16 8
19 8
19 9
21 9
21 19
22 8
23 8
23 9
24 2
24 19
25 2
26 1
26 6
27 26
28 2
28 9
29 8
29 26
30 8
30 21
32 1
34 19
34 25
34 29
35 8
36 8
37 19
38 8
38 9
39 1
39 26
41 19
42 37
43 9
46 1
50 6
51 29
52 8
52 10
52 19
52 50
54 6
59 29
64 29
65 3
65 19
65 30
66 23
68 8
68 46
69 41
70 3
70 10
70 29
70 34
71 41
73 26
74 8
74 41
75 1
77 6
77 8
78 12
78 26
81 26
82 9
83 19
83 42
84 3
86 12
86 19
87 8
87 10
87 37
88 8
88 19
88 23
89 87
91 50
91 52
92 6
92 8
92 34
94 12
95 8
95 26
95 86
97 24
98 34
101 41
102 10
103 6
103 8
104 92
106 16
107 8
108 8
109 8
109 22
109 28
110 8
110 68
111 6
111 52
112 23
114 2
116 10
118 29
118 65
120 46
120 52
120 54
122 19
123 87
125 6
126 41
127 54
128 8
129 52
130 122
132 8
132 16
133 8
133 35
134 65
134 87
134 88
136 114
137 112
140 10
140 54
143 120
144 12
144 64
144 120
145 24
146 74
147 2
147 39
148 3
148 8
148 54
150 3
150 19
151 114
153 122
154 91
155 94
157 54
157 118
160 26
160 118
161 32
162 1
162 39
164 1
165 87
167 6
168 1
171 95
173 120
174 8
174 86
176 65
177 116
177 157
179 9
179 104
179 118
181 2
181 8
183 29
184 19
184 81
184 87
185 148
186 28
187 88
187 160
190 3
190 82
193 37
193 68
194 65
195 37
197 114
197 133
197 162
199 168
200 36
201 2
201 19
201 95
201 147
202 86
205 87
206 8
206 46
207 19
209 6
210 70
210 147
211 168
215 118
215 201
216 120
217 26
218 8
218 25
220 38
221 30
222 43
223 6
223 82
225 8
229 26
231 29
232 95
233 110
234 19
234 75
235 34
236 179
237 12
