238 233
1 2
4 2
5 1
5 2
7 2
9 2
10 2
13 2
14 2
14 10
16 7
17 2
18 2
19 1
20 14
21 2
21 4
22 1
23 1
24 5
28 2
30 2
31 14
32 7
33 2
34 2
35 2
36 2
36 7
39 30
40 2
40 17
41 2
42 7
42 18
43 2
46 2
48 1
50 2
50 21
51 2
53 1
53 5
53 13
55 30
55 40
55 46
56 2
58 2
59 2
59 33
60 34
62 2
65 18
65 21
66 16
67 2
67 34
68 16
68 31
68 33
69 24
71 30
71 56
72 36
73 2
73 65
74 1
76 2
77 13
83 2
84 2
84 30
85 2
91 17
92 40
94 1
96 2
97 7
97 34
98 2
99 2
99 13
99 23
99 76
100 2
100 43
101 2
102 16
102 36
105 23
105 59
106 33
106 36
106 43
106 74
108 59
109 1
109 14
109 77
112 102
113 2
113 30
114 2
115 13
117 1
117 2
119 96
120 24
120 34
121 36
129 13
132 2
132 73
133 2
133 17
133 59
133 66
134 2
135 18
135 117
136 5
137 133
138 2
139 23
140 7
141 84
142 30
142 50
145 2
145 33
147 24
148 30
148 31
149 34
151 138
152 33
154 100
155 2
156 17
157 2
157 13
158 2
159 2
159 18
160 13
160 14
161 2
162 2
162 133
163 73
166 2
166 76
167 59
167 106
168 2
168 102
168 133
169 33
171 109
171 136
172 71
174 1
174 40
175 2
175 36
176 1
176 2
176 31
176 71
178 109
178 117
181 2
181 55
183 50
183 181
185 56
186 17
186 178
187 24
187 68
190 2
191 31
191 120
191 136
192 161
193 2
193 50
193 66
195 120
196 2
199 2
202 102
202 163
203 2
203 149
204 2
204 20
204 34
204 73
204 176
204 178
205 42
206 16
206 33
207 193
208 196
210 17
210 85
211 18
213 71
214 23
214 24
214 46
215 140
217 2
218 23
218 30
219 48
220 30
221 24
222 2
229 24
230 2
230 35
232 1
232 30
232 36
233 2
233 30
235 77
237 2
237 48
