239 241
1 2
5 1
6 2
6 5
7 1
7 2
8 1
8 2
9 1
9 2
11 1
12 6
14 1
14 2
14 5
15 9
16 1
16 2
16 5
16 12
17 1
17 2
19 2
19 17
22 5
22 14
24 1
24 2
24 5
25 1
26 8
26 9
26 25
27 14
27 24
28 9
29 17
30 16
31 1
31 2
32 1
32 2
32 14
33 5
34 5
34 26
35 1
35 9
36 1
38 7
40 2
40 7
40 15
41 22
42 17
43 2
43 9
43 24
44 12
45 14
47 24
49 14
51 1
51 26
53 22
55 1
56 1
57 1
57 6
60 26
61 43
66 1
66 2
66 32
67 24
67 51
69 26
73 9
77 61
78 1
78 5
78 35
79 24
79 57
80 5
80 6
80 30
80 31
81 15
83 69
83 73
86 2
86 26
88 1
90 1
90 35
92 1
93 1
93 17
94 26
95 2
95 9
96 2
96 30
96 45
97 5
97 7
97 27
98 14
98 51
99 9
99 17
100 22
102 36
105 95
107 1
107 25
107 99
108 55
112 12
115 6
116 14
116 16
117 19
119 6
120 32
122 97
123 9
124 93
125 14
126 5
127 1
127 96
128 43
129 5
130 6
132 19
133 99
134 2
136 2
136 26
137 24
137 26
137 134
139 16
139 45
139 124
140 22
141 31
142 66
144 40
147 7
147 16
148 55
149 97
150 19
151 49
151 107
155 150
157 1
157 32
157 61
157 86
158 2
158 5
158 14
161 6
163 1
163 79
164 1
164 78
167 43
167 136
168 5
168 9
168 45
169 1
170 6
170 158
176 17
177 16
178 55
179 79
180 133
180 163
181 24
181 32
182 26
183 17
184 1
186 17
187 1
187 80
189 24
190 9
191 22
192 127
198 79
200 45
201 102
203 83
205 9
206 61
208 1
208 31
209 22
211 31
212 40
213 24
213 44
214 1
214 163
215 2
216 32
218 26
220 2
221 5
221 215
222 16
222 25
222 26
223 27
224 80
225 22
226 1
227 1
227 142
228 16
228 17
229 12
229 14
230 26
230 139
230 163
231 214
234 98
235 223
236 24
238 36
238 213
239 5
