243 251
1 2
3 1
5 1
5 3
6 1
6 5
7 5
7 6
8 1
8 3
9 6
10 2
11 1
14 10
15 7
15 8
16 14
17 1
18 1
19 6
20 10
21 1
23 1
27 3
28 1
28 14
29 15
29 19
29 21
31 6
33 1
33 10
33 18
34 1
34 3
35 10
36 2
36 7
42 28
42 34
44 3
44 10
46 1
47 8
48 29
51 36
52 2
52 11
53 1
53 3
54 3
55 2
59 8
59 16
60 1
62 1
62 8
66 19
67 10
67 15
67 36
68 8
68 14
70 67
71 8
71 14
71 15
71 55
72 15
73 1
74 1
75 1
76 59
77 29
78 9
78 17
78 52
82 35
84 10
84 21
86 14
86 35
86 59
87 1
87 55
89 29
91 14
94 1
94 14
96 1
97 1
98 1
99 1
101 1
103 6
104 42
105 75
106 11
106 75
107 2
108 55
110 1
110 6
110 67
110 77
110 94
111 51
111 52
111 97
112 42
113 89
114 28
116 1
116 7
116 20
117 1
117 11
118 28
118 29
119 105
120 53
120 59
121 114
123 2
123 117
124 1
124 11
124 78
126 1
127 46
129 117
131 1
132 3
133 3
135 119
136 6
136 28
136 53
136 129
137 82
139 106
141 47
141 84
142 2
142 7
142 19
142 110
143 6
144 15
144 84
146 3
148 1
148 15
152 1
152 68
154 36
155 20
156 1
157 14
159 42
159 53
159 77
159 124
160 8
162 36
164 8
165 18
165 59
165 97
165 136
166 28
167 3
167 112
168 2
169 136
170 110
171 78
172 7
173 3
173 159
174 1
174 29
175 28
175 36
175 129
176 1
177 118
178 99
180 16
181 34
182 124
183 59
185 76
185 117
185 142
189 1
189 3
189 6
189 155
191 54
193 1
193 36
193 99
196 1
196 11
196 110
197 1
197 29
198 185
202 7
203 19
204 35
209 2
209 67
209 172
211 16
211 62
211 121
212 11
215 91
216 9
217 16
218 8
218 132
219 146
220 142
221 2
222 10
222 98
222 159
223 2
223 10
224 189
226 1
226 35
227 9
228 16
228 218
229 71
230 78
231 165
231 224
232 154
233 29
233 185
234 3
236 1
239 1
239 231
240 110
242 28
