245 241
1 2
4 1
6 1
6 2
6 4
7 2
7 4
7 6
11 2
11 7
13 1
13 7
14 7
15 13
16 6
16 14
17 2
17 6
18 7
22 7
23 7
23 16
25 2
25 17
29 7
29 16
30 2
30 29
31 16
33 7
33 15
33 17
34 2
34 7
34 15
34 25
35 2
35 25
37 4
37 30
38 11
39 29
39 37
40 34
41 30
41 40
43 33
44 34
44 35
45 7
45 18
46 6
47 2
47 17
48 16
48 17
49 7
49 30
50 39
51 16
52 7
52 34
52 40
53 7
54 15
57 16
57 41
58 53
59 18
61 11
61 17
62 22
63 49
67 17
68 33
68 37
69 33
69 49
70 33
72 45
74 7
74 37
75 7
75 48
75 74
76 1
76 17
81 40
82 7
83 41
84 74
85 40
85 50
86 4
89 2
90 37
92 2
93 35
94 4
94 34
95 33
96 63
97 33
98 34
99 61
100 72
101 74
103 2
104 72
105 6
105 69
106 13
106 53
107 7
108 7
109 7
109 18
110 35
111 13
112 6
112 17
113 25
113 34
116 111
118 16
118 83
119 49
119 62
120 39
120 62
121 2
122 82
124 7
125 61
126 7
126 37
126 52
127 15
127 70
128 15
131 6
132 25
132 46
135 15
138 125
139 4
139 6
140 13
143 17
144 90
145 11
145 49
149 105
151 4
151 15
151 16
151 149
152 15
152 16
155 6
156 16
156 111
157 6
157 29
158 17
159 7
160 6
160 120
161 34
162 11
164 35
164 49
167 6
171 53
171 127
175 4
176 6
177 82
178 51
179 74
183 157
185 41
186 6
186 17
187 30
187 131
189 53
192 1
192 6
192 7
192 106
194 6
194 45
196 7
200 2
200 159
204 72
206 13
206 29
206 75
207 6
207 52
208 125
209 17
209 69
210 63
212 45
215 33
217 11
217 29
217 72
218 200
220 33
220 131
223 100
224 6
227 33
227 68
228 62
230 7
230 37
231 14
231 33
233 13
234 6
234 25
234 40
234 82
235 35
235 68
236 62
238 2
240 13
240 149
241 17
241 152
242 7
243 6
244 16
244 207
245 240
