246 223
1 2
3 1
3 2
5 1
5 2
6 1
6 2
8 2
9 1
9 3
10 1
11 2
12 9
14 3
16 3
17 2
17 12
20 2
20 16
25 11
26 14
27 12
30 1
31 2
31 9
31 14
33 2
33 25
35 31
36 2
36 11
38 2
38 11
39 2
39 20
40 3
40 10
42 38
44 2
45 1
47 12
47 16
48 1
48 3
52 2
54 12
55 1
57 39
59 1
59 3
60 3
61 2
63 2
66 31
70 33
73 2
76 6
76 44
77 2
77 16
77 26
77 39
78 1
80 45
82 39
83 3
83 44
86 9
87 3
89 12
91 20
91 38
91 39
93 3
93 9
93 11
94 42
95 1
96 39
96 59
97 12
97 36
97 47
97 70
98 12
98 45
99 9
99 25
99 31
99 45
100 1
100 66
101 10
101 39
102 11
102 12
102 14
104 39
105 14
106 10
106 42
109 101
110 3
110 93
111 2
111 98
112 45
114 6
114 10
114 20
116 48
117 11
118 109
119 89
122 12
122 26
125 9
126 16
126 27
128 14
128 97
129 97
131 36
132 31
132 112
134 2
134 26
134 35
135 39
136 11
138 31
138 111
139 45
140 16
140 39
143 10
143 12
143 48
143 77
144 11
145 3
145 14
147 45
149 11
149 45
149 82
150 97
153 10
154 27
154 47
154 57
156 2
157 2
157 14
157 94
158 38
158 143
160 154
161 9
163 12
163 86
163 91
164 154
166 2
166 109
167 25
167 27
168 2
169 126
172 97
174 2
177 98
178 82
180 82
183 102
187 16
188 2
188 12
189 188
190 2
191 16
195 20
196 2
197 20
200 16
200 31
201 11
202 156
203 122
204 1
205 39
206 12
208 2
208 39
208 82
208 197
210 154
211 20
211 97
212 156
215 122
215 208
217 39
217 111
218 6
218 9
219 96
222 60
223 89
225 154
226 100
228 77
230 38
231 135
234 126
236 2
237 39
237 188
238 82
243 31
244 30
245 99
246 39
