252 254
1 2
3 1
3 2
5 1
5 2
5 3
6 1
6 2
8 3
8 5
9 2
11 1
11 5
11 8
12 2
13 3
13 11
13 12
14 5
14 6
15 2
15 3
16 13
17 2
17 13
19 1
19 3
19 9
19 13
20 2
22 5
23 16
24 2
24 13
26 5
26 19
27 19
28 5
28 19
28 24
30 11
31 1
31 17
33 5
34 26
35 2
36 3
36 13
36 19
37 13
39 1
40 8
43 2
45 9
46 5
46 11
46 13
46 19
47 27
47 46
49 5
49 9
50 15
51 19
51 47
53 13
54 2
56 26
57 28
57 36
61 2
62 11
62 27
63 19
63 26
67 2
67 19
68 9
69 19
71 13
76 5
77 19
78 13
78 23
78 27
78 34
79 62
79 77
81 19
86 2
86 19
87 24
87 46
87 77
88 3
89 26
91 2
92 36
92 62
95 5
95 6
95 17
95 36
96 89
96 95
100 2
100 96
101 96
102 36
103 3
104 5
104 24
107 24
110 5
112 36
113 5
114 24
115 24
117 5
118 14
118 117
119 45
120 13
120 24
121 5
122 40
123 5
124 27
125 68
125 107
128 67
128 95
130 57
130 124
131 26
131 87
133 13
133 19
135 2
136 1
136 5
137 13
137 53
140 16
141 28
141 131
143 19
146 40
146 47
146 51
147 39
148 3
148 13
149 3
149 19
150 96
152 26
152 95
153 14
153 34
154 54
155 17
155 19
155 27
155 47
158 19
159 19
161 2
163 5
164 5
165 53
165 125
167 12
167 13
167 36
168 5
169 40
171 13
171 87
171 131
171 148
172 19
178 5
178 24
178 77
178 148
179 19
180 45
182 171
183 28
183 86
185 146
187 9
188 117
189 24
189 141
190 19
190 28
192 2
193 131
194 37
196 183
197 187
198 11
199 24
200 2
200 155
202 76
202 131
204 2
204 53
204 158
206 53
207 178
209 107
210 2
210 19
211 113
212 95
213 5
214 8
215 46
215 88
217 183
218 128
219 28
221 36
223 131
224 17
224 78
226 171
227 34
228 37
228 88
229 5
230 178
232 79
233 2
233 124
234 68
235 40
235 155
237 13
238 131
239 8
239 107
240 5
243 17
246 3
247 148
248 146
251 19
251 112
252 243
