253 277
1 2
3 2
4 3
5 3
5 4
6 3
6 5
7 5
7 6
8 6
9 5
9 6
10 1
10 3
10 6
12 7
13 7
14 7
14 10
15 6
15 7
15 8
15 14
17 10
17 13
18 8
19 5
19 6
20 2
20 5
22 20
25 4
25 18
26 13
27 6
29 7
30 3
30 6
30 15
31 6
31 7
32 31
33 7
33 29
34 8
34 32
34 33
35 3
35 18
36 7
37 4
37 6
37 9
38 7
38 31
39 4
39 31
42 12
44 7
44 8
44 35
48 15
50 5
51 19
54 14
54 29
55 5
58 25
61 3
63 6
65 5
68 7
69 39
70 5
71 7
73 19
76 5
77 7
78 35
78 39
79 26
79 29
81 10
83 3
84 6
84 13
84 34
84 44
84 63
84 65
85 26
86 5
87 3
87 4
87 5
87 81
89 19
91 12
92 12
93 5
93 81
94 15
99 3
100 42
100 81
101 5
101 10
101 39
102 29
102 61
104 6
104 25
105 5
105 7
105 19
106 101
107 6
108 13
108 14
108 71
110 15
113 8
114 6
114 101
115 39
116 5
117 7
119 18
120 4
120 14
121 5
122 6
123 7
124 6
125 9
125 29
126 7
129 7
129 26
131 8
131 84
132 14
132 29
135 35
141 4
141 7
142 87
143 6
143 35
144 14
145 29
145 101
147 6
147 84
149 7
149 26
150 85
150 143
151 4
151 108
152 39
152 120
152 132
153 5
154 7
155 123
155 135
158 1
158 131
159 2
159 3
159 76
161 124
163 6
163 38
164 7
164 78
167 1
168 6
168 32
170 4
171 4
171 5
173 5
174 6
174 39
174 55
175 38
176 34
177 33
178 5
179 33
180 26
181 5
181 44
182 7
182 179
183 7
183 12
183 92
184 14
185 1
186 18
187 36
188 6
188 39
192 7
192 163
193 44
193 91
195 7
195 39
195 44
197 7
201 29
203 184
204 6
207 101
207 151
209 7
209 34
209 155
210 10
210 17
210 161
213 7
214 5
215 7
215 34
215 65
216 39
216 65
217 26
218 132
221 7
222 215
223 6
224 50
224 207
225 30
225 161
226 129
227 31
227 101
228 19
229 7
229 34
230 151
231 229
232 6
232 101
233 6
233 91
233 226
234 6
234 12
235 5
235 7
236 7
236 12
237 44
238 178
241 37
242 18
242 175
243 132
244 110
245 38
245 161
247 10
248 117
249 7
250 5
250 12
250 29
251 163
251 242
