254 263
1 2
3 1
4 2
6 1
7 1
7 2
7 4
9 1
10 1
10 2
12 1
12 4
12 9
15 12
18 12
19 1
19 4
20 7
20 15
21 1
22 6
23 4
23 6
23 12
25 1
25 12
28 1
29 1
29 4
31 1
31 29
33 7
34 4
34 6
35 29
36 19
37 1
37 29
38 1
38 7
38 12
38 37
39 1
40 1
41 7
42 6
42 12
42 21
43 9
44 1
44 4
45 6
45 7
48 20
50 1
50 29
51 12
53 2
54 2
55 1
56 23
56 29
57 39
58 9
59 1
61 29
63 21
66 63
68 6
68 45
68 54
70 35
71 7
71 54
72 9
73 35
75 63
76 4
76 45
76 48
79 6
79 54
81 75
82 12
84 45
85 34
86 19
87 35
88 9
88 31
88 44
89 53
90 45
91 9
93 45
98 1
98 71
98 86
99 56
100 1
101 4
102 63
104 54
104 79
105 4
106 1
107 51
108 29
111 98
113 4
113 19
114 21
116 6
116 9
116 114
117 79
118 1
118 44
119 6
120 7
120 66
123 23
124 93
125 3
125 114
126 1
126 18
126 124
127 1
131 86
132 2
138 19
138 75
140 12
140 85
141 59
141 140
142 29
143 1
144 141
145 9
145 88
146 39
149 1
150 31
150 88
151 19
151 31
151 42
152 58
153 7
154 45
155 12
156 63
157 12
159 149
160 41
161 29
161 34
161 113
163 6
165 1
165 132
166 39
169 108
170 132
172 12
173 12
174 63
175 21
175 104
177 25
180 22
181 88
181 120
181 140
182 37
182 124
184 1
185 4
186 152
187 71
188 3
188 7
188 12
188 161
189 98
189 151
190 1
190 34
191 31
191 113
192 1
194 175
197 1
198 7
199 54
200 6
200 141
201 108
201 138
201 186
202 29
203 31
204 20
205 113
206 118
206 175
207 54
207 66
208 89
208 163
209 45
209 181
211 48
211 85
212 6
212 165
214 1
214 89
215 120
220 4
220 68
221 31
221 153
222 84
222 141
223 79
224 22
224 140
224 214
225 209
226 20
226 29
226 146
228 209
229 1
229 126
230 45
230 53
231 161
233 71
237 207
239 205
240 1
240 53
241 43
242 141
243 44
243 50
243 107
245 1
245 56
247 1
247 6
247 45
247 124
248 4
248 54
249 198
252 4
252 12
253 88
