128 4510
1
2
3
4
5
6
7
8
9
10
11
12
13
14
15
16
17
18
19
20
21
22
23
24
25
26
27
28
29
30
31
32
33
34
35
36
37
38
39
40
41
42
43
44
45
46
47
48
49
50
51
52
53
54
55
56
57
58
59
60
61
62
63
64
65
66
67
68
69
70
71
72
73
74
75
76
77
78
79
80
81
82
83
84
85
86
87
88
89
90
91
92
93
94
95
96
97
98
99
100
101
102
103
104
105
106
107
108
109
110
111
112
113
114
115
116
117
118
119
120
121
122
123
124
125
126
127
128
1 2 
1 5 
1 8 
1 9 
1 10 
1 11 
1 12 
1 14 
1 15 
1 16 
1 17 
1 19 
1 20 
1 21 
1 24 
1 25 
1 26 
1 27 
1 28 
1 29 
1 31 
1 35 
1 36 
1 40 
1 41 
1 42 
1 45 
1 46 
1 47 
1 48 
1 51 
1 52 
1 56 
1 57 
1 58 
1 60 
1 61 
1 67 
1 68 
1 73 
1 78 
1 79 
1 80 
1 81 
1 82 
1 83 
1 86 
1 87 
1 90 
1 92 
1 93 
1 94 
1 95 
1 96 
1 97 
1 99 
1 101 
1 102 
1 104 
1 105 
1 107 
1 109 
1 112 
1 113 
1 114 
1 116 
1 117 
1 118 
1 119 
1 120 
1 124 
1 126 
1 127 
2 3 
2 4 
2 5 
2 6 
2 7 
2 13 
2 14 
2 15 
2 16 
2 17 
2 18 
2 19 
2 22 
2 29 
2 30 
2 31 
2 32 
2 33 
2 35 
2 37 
2 38 
2 39 
2 40 
2 41 
2 42 
2 43 
2 44 
2 46 
2 47 
2 48 
2 49 
2 50 
2 51 
2 53 
2 55 
2 56 
2 58 
2 60 
2 61 
2 63 
2 67 
2 68 
2 70 
2 72 
2 73 
2 74 
2 75 
2 76 
2 79 
2 80 
2 81 
2 82 
2 83 
2 84 
2 87 
2 88 
2 91 
2 92 
2 93 
2 94 
2 96 
2 100 
2 102 
2 103 
2 105 
2 108 
2 111 
2 112 
2 113 
2 114 
2 115 
2 116 
2 117 
2 118 
2 120 
2 124 
2 128 
3 4 
3 5 
3 6 
3 8 
3 9 
3 10 
3 11 
3 12 
3 14 
3 15 
3 17 
3 18 
3 19 
3 20 
3 22 
3 24 
3 26 
3 27 
3 29 
3 31 
3 34 
3 35 
3 36 
3 40 
3 41 
3 42 
3 43 
3 44 
3 45 
3 46 
3 48 
3 51 
3 52 
3 54 
3 57 
3 59 
3 60 
3 61 
3 65 
3 69 
3 70 
3 72 
3 73 
3 75 
3 78 
3 79 
3 83 
3 84 
3 85 
3 86 
3 87 
3 88 
3 90 
3 91 
3 92 
3 94 
3 95 
3 96 
3 97 
3 99 
3 100 
3 103 
3 104 
3 105 
3 108 
3 109 
3 110 
3 111 
3 112 
3 113 
3 116 
3 117 
3 118 
3 119 
3 120 
3 122 
3 126 
4 5 
4 6 
4 8 
4 9 
4 10 
4 11 
4 12 
4 13 
4 16 
4 17 
4 18 
4 19 
4 20 
4 21 
4 24 
4 26 
4 28 
4 29 
4 30 
4 31 
4 34 
4 40 
4 41 
4 42 
4 46 
4 47 
4 49 
4 50 
4 51 
4 52 
4 54 
4 57 
4 58 
4 59 
4 60 
4 61 
4 62 
4 63 
4 64 
4 67 
4 70 
4 71 
4 73 
4 74 
4 76 
4 77 
4 83 
4 85 
4 86 
4 87 
4 88 
4 90 
4 91 
4 99 
4 105 
4 107 
4 108 
4 111 
4 112 
4 113 
4 114 
4 115 
4 116 
4 118 
4 120 
4 121 
4 123 
4 124 
4 127 
5 6 
5 8 
5 9 
5 10 
5 11 
5 12 
5 13 
5 14 
5 15 
5 16 
5 18 
5 19 
5 21 
5 23 
5 24 
5 25 
5 26 
5 27 
5 29 
5 31 
5 35 
5 36 
5 38 
5 40 
5 42 
5 43 
5 44 
5 45 
5 49 
5 51 
5 52 
5 55 
5 59 
5 61 
5 64 
5 67 
5 69 
5 72 
5 74 
5 75 
5 76 
5 77 
5 78 
5 79 
5 81 
5 82 
5 84 
5 85 
5 86 
5 88 
5 89 
5 90 
5 91 
5 94 
5 95 
5 96 
5 98 
5 99 
5 100 
5 101 
5 104 
5 105 
5 106 
5 108 
5 110 
5 111 
5 114 
5 115 
5 116 
5 119 
5 120 
5 122 
5 123 
5 124 
5 126 
5 127 
5 128 
6 10 
6 11 
6 15 
6 16 
6 19 
6 21 
6 22 
6 26 
6 27 
6 31 
6 32 
6 36 
6 41 
6 44 
6 45 
6 48 
6 51 
6 52 
6 53 
6 54 
6 55 
6 56 
6 57 
6 59 
6 61 
6 63 
6 64 
6 65 
6 67 
6 69 
6 71 
6 76 
6 80 
6 82 
6 83 
6 84 
6 86 
6 88 
6 89 
6 90 
6 91 
6 92 
6 96 
6 98 
6 99 
6 100 
6 101 
6 103 
6 104 
6 105 
6 107 
6 108 
6 109 
6 110 
6 111 
6 112 
6 114 
6 115 
6 116 
6 118 
6 125 
6 128 
7 10 
7 11 
7 12 
7 14 
7 15 
7 19 
7 21 
7 22 
7 23 
7 24 
7 25 
7 26 
7 27 
7 28 
7 29 
7 33 
7 35 
7 39 
7 45 
7 46 
7 48 
7 50 
7 51 
7 52 
7 53 
7 56 
7 58 
7 62 
7 63 
7 66 
7 67 
7 68 
7 69 
7 70 
7 71 
7 73 
7 74 
7 75 
7 81 
7 83 
7 85 
7 87 
7 89 
7 90 
7 91 
7 93 
7 94 
7 95 
7 96 
7 97 
7 100 
7 101 
7 102 
7 103 
7 105 
7 106 
7 107 
7 108 
7 109 
7 111 
7 112 
7 114 
7 116 
7 117 
7 120 
7 124 
7 126 
7 127 
7 128 
8 10 
8 11 
8 14 
8 17 
8 19 
8 20 
8 21 
8 23 
8 29 
8 30 
8 31 
8 33 
8 35 
8 36 
8 37 
8 38 
8 40 
8 42 
8 45 
8 46 
8 48 
8 49 
8 50 
8 52 
8 54 
8 55 
8 59 
8 65 
8 66 
8 70 
8 72 
8 74 
8 75 
8 78 
8 79 
8 80 
8 83 
8 85 
8 86 
8 87 
8 88 
8 89 
8 90 
8 92 
8 94 
8 95 
8 96 
8 97 
8 98 
8 100 
8 101 
8 102 
8 103 
8 104 
8 108 
8 110 
8 114 
8 116 
8 117 
8 118 
8 119 
8 120 
8 122 
8 123 
8 125 
8 126 
8 127 
9 14 
9 15 
9 16 
9 17 
9 20 
9 23 
9 24 
9 26 
9 27 
9 28 
9 31 
9 34 
9 35 
9 36 
9 37 
9 38 
9 40 
9 41 
9 42 
9 43 
9 45 
9 46 
9 47 
9 49 
9 52 
9 56 
9 57 
9 60 
9 61 
9 62 
9 63 
9 65 
9 72 
9 73 
9 75 
9 76 
9 77 
9 78 
9 79 
9 82 
9 83 
9 87 
9 89 
9 90 
9 91 
9 94 
9 95 
9 99 
9 102 
9 105 
9 106 
9 107 
9 108 
9 109 
9 110 
9 112 
9 114 
9 116 
9 118 
9 119 
9 125 
9 126 
9 128 
10 11 
10 12 
10 14 
10 15 
10 16 
10 22 
10 24 
10 25 
10 26 
10 28 
10 31 
10 32 
10 35 
10 36 
10 37 
10 40 
10 41 
10 42 
10 44 
10 46 
10 47 
10 48 
10 51 
10 54 
10 55 
10 58 
10 68 
10 69 
10 71 
10 72 
10 74 
10 75 
10 76 
10 77 
10 78 
10 80 
10 82 
10 84 
10 85 
10 86 
10 87 
10 93 
10 94 
10 95 
10 96 
10 97 
10 98 
10 102 
10 104 
10 105 
10 106 
10 107 
10 108 
10 109 
10 112 
10 114 
10 115 
10 116 
10 117 
10 118 
10 119 
10 121 
10 127 
11 12 
11 13 
11 15 
11 16 
11 18 
11 20 
11 21 
11 23 
11 24 
11 25 
11 26 
11 29 
11 34 
11 36 
11 40 
11 42 
11 46 
11 49 
11 55 
11 56 
11 57 
11 59 
11 64 
11 66 
11 67 
11 69 
11 70 
11 72 
11 74 
11 75 
11 76 
11 82 
11 83 
11 84 
11 86 
11 90 
11 91 
11 92 
11 95 
11 96 
11 100 
11 101 
11 102 
11 103 
11 106 
11 107 
11 116 
11 120 
11 121 
11 122 
11 124 
11 125 
11 128 
12 14 
12 15 
12 16 
12 17 
12 18 
12 22 
12 25 
12 27 
12 28 
12 31 
12 35 
12 37 
12 38 
12 39 
12 41 
12 42 
12 44 
12 48 
12 50 
12 52 
12 53 
12 57 
12 59 
12 60 
12 61 
12 63 
12 68 
12 69 
12 71 
12 72 
12 73 
12 75 
12 79 
12 80 
12 81 
12 84 
12 86 
12 88 
12 89 
12 91 
12 94 
12 95 
12 98 
12 99 
12 101 
12 102 
12 104 
12 105 
12 106 
12 107 
12 108 
12 109 
12 110 
12 112 
12 113 
12 114 
12 116 
12 121 
12 123 
12 126 
12 128 
13 14 
13 15 
13 16 
13 20 
13 21 
13 22 
13 27 
13 28 
13 29 
13 30 
13 32 
13 35 
13 37 
13 38 
13 39 
13 40 
13 41 
13 42 
13 43 
13 46 
13 47 
13 48 
13 49 
13 50 
13 51 
13 54 
13 55 
13 57 
13 58 
13 59 
13 61 
13 64 
13 65 
13 66 
13 68 
13 69 
13 71 
13 74 
13 75 
13 76 
13 83 
13 86 
13 87 
13 88 
13 89 
13 92 
13 94 
13 95 
13 96 
13 97 
13 100 
13 101 
13 102 
13 105 
13 106 
13 108 
13 110 
13 111 
13 112 
13 114 
13 116 
13 118 
13 119 
13 122 
13 126 
13 127 
13 128 
14 16 
14 17 
14 19 
14 21 
14 22 
14 23 
14 25 
14 26 
14 27 
14 29 
14 30 
14 31 
14 35 
14 36 
14 39 
14 42 
14 43 
14 46 
14 47 
14 49 
14 51 
14 52 
14 53 
14 54 
14 56 
14 57 
14 59 
14 60 
14 62 
14 64 
14 65 
14 70 
14 71 
14 72 
14 73 
14 74 
14 76 
14 77 
14 83 
14 84 
14 85 
14 86 
14 89 
14 93 
14 94 
14 97 
14 99 
14 100 
14 101 
14 102 
14 103 
14 105 
14 106 
14 107 
14 109 
14 113 
14 114 
14 115 
14 116 
14 119 
14 124 
14 125 
14 126 
14 127 
14 128 
15 16 
15 17 
15 18 
15 21 
15 22 
15 25 
15 28 
15 29 
15 31 
15 32 
15 35 
15 36 
15 37 
15 40 
15 41 
15 43 
15 44 
15 45 
15 47 
15 48 
15 49 
15 53 
15 54 
15 55 
15 56 
15 57 
15 60 
15 65 
15 70 
15 71 
15 72 
15 77 
15 81 
15 82 
15 83 
15 85 
15 87 
15 88 
15 89 
15 90 
15 92 
15 94 
15 95 
15 96 
15 97 
15 99 
15 100 
15 101 
15 103 
15 104 
15 110 
15 112 
15 115 
15 116 
15 118 
15 119 
15 123 
15 124 
15 125 
15 126 
15 128 
16 19 
16 20 
16 21 
16 24 
16 27 
16 29 
16 30 
16 31 
16 33 
16 36 
16 42 
16 43 
16 44 
16 45 
16 48 
16 49 
16 50 
16 51 
16 52 
16 53 
16 54 
16 55 
16 56 
16 57 
16 60 
16 62 
16 64 
16 65 
16 66 
16 67 
16 71 
16 72 
16 76 
16 77 
16 78 
16 80 
16 81 
16 83 
16 84 
16 85 
16 86 
16 88 
16 89 
16 90 
16 92 
16 94 
16 95 
16 96 
16 99 
16 104 
16 105 
16 107 
16 108 
16 111 
16 113 
16 114 
16 115 
16 116 
16 117 
16 118 
16 119 
16 125 
16 128 
17 20 
17 21 
17 22 
17 23 
17 25 
17 27 
17 30 
17 34 
17 36 
17 37 
17 38 
17 39 
17 40 
17 41 
17 45 
17 47 
17 49 
17 50 
17 51 
17 52 
17 53 
17 54 
17 55 
17 56 
17 57 
17 58 
17 59 
17 60 
17 61 
17 63 
17 66 
17 67 
17 68 
17 69 
17 70 
17 73 
17 74 
17 75 
17 78 
17 79 
17 80 
17 82 
17 83 
17 84 
17 85 
17 86 
17 88 
17 90 
17 91 
17 92 
17 93 
17 95 
17 97 
17 99 
17 101 
17 105 
17 106 
17 107 
17 108 
17 109 
17 110 
17 111 
17 112 
17 113 
17 115 
17 121 
17 122 
17 123 
17 124 
17 125 
17 126 
17 128 
18 19 
18 20 
18 23 
18 25 
18 26 
18 33 
18 34 
18 35 
18 36 
18 38 
18 39 
18 43 
18 44 
18 48 
18 52 
18 53 
18 54 
18 55 
18 58 
18 59 
18 61 
18 62 
18 64 
18 66 
18 67 
18 68 
18 71 
18 72 
18 73 
18 75 
18 78 
18 79 
18 80 
18 81 
18 82 
18 84 
18 85 
18 88 
18 94 
18 98 
18 99 
18 100 
18 103 
18 105 
18 106 
18 107 
18 110 
18 111 
18 112 
18 113 
18 116 
18 117 
18 118 
18 119 
18 120 
18 122 
18 124 
18 127 
18 128 
19 20 
19 21 
19 26 
19 27 
19 29 
19 30 
19 35 
19 38 
19 39 
19 41 
19 42 
19 45 
19 46 
19 49 
19 52 
19 53 
19 56 
19 58 
19 59 
19 66 
19 69 
19 71 
19 73 
19 74 
19 77 
19 81 
19 82 
19 85 
19 87 
19 88 
19 90 
19 91 
19 92 
19 94 
19 97 
19 98 
19 101 
19 102 
19 103 
19 104 
19 105 
19 109 
19 113 
19 114 
19 117 
19 118 
19 119 
19 120 
19 123 
19 124 
19 125 
19 126 
19 127 
19 128 
20 21 
20 22 
20 23 
20 24 
20 25 
20 26 
20 30 
20 31 
20 33 
20 40 
20 44 
20 45 
20 47 
20 50 
20 52 
20 53 
20 55 
20 56 
20 57 
20 60 
20 61 
20 62 
20 64 
20 65 
20 66 
20 67 
20 69 
20 71 
20 74 
20 75 
20 81 
20 82 
20 83 
20 85 
20 86 
20 87 
20 88 
20 89 
20 91 
20 92 
20 93 
20 94 
20 95 
20 96 
20 97 
20 99 
20 100 
20 101 
20 103 
20 104 
20 105 
20 106 
20 107 
20 110 
20 111 
20 112 
20 115 
20 116 
20 117 
20 118 
20 119 
20 121 
20 127 
21 23 
21 24 
21 28 
21 31 
21 33 
21 34 
21 36 
21 37 
21 38 
21 39 
21 41 
21 42 
21 43 
21 47 
21 48 
21 49 
21 50 
21 51 
21 52 
21 55 
21 56 
21 57 
21 61 
21 64 
21 65 
21 67 
21 70 
21 71 
21 72 
21 73 
21 74 
21 77 
21 78 
21 80 
21 86 
21 87 
21 88 
21 89 
21 90 
21 91 
21 95 
21 97 
21 101 
21 106 
21 108 
21 109 
21 112 
21 113 
21 115 
21 118 
21 120 
21 121 
21 128 
22 24 
22 26 
22 27 
22 28 
22 30 
22 31 
22 32 
22 33 
22 34 
22 36 
22 38 
22 39 
22 40 
22 42 
22 44 
22 46 
22 48 
22 50 
22 52 
22 53 
22 54 
22 55 
22 56 
22 58 
22 60 
22 62 
22 64 
22 65 
22 67 
22 70 
22 71 
22 72 
22 73 
22 74 
22 76 
22 77 
22 78 
22 80 
22 82 
22 83 
22 85 
22 86 
22 87 
22 88 
22 90 
22 94 
22 96 
22 97 
22 98 
22 100 
22 105 
22 106 
22 109 
22 110 
22 111 
22 113 
22 114 
22 117 
22 118 
22 119 
22 125 
22 127 
23 24 
23 25 
23 27 
23 28 
23 29 
23 30 
23 32 
23 34 
23 37 
23 40 
23 42 
23 43 
23 44 
23 46 
23 48 
23 51 
23 52 
23 53 
23 56 
23 59 
23 61 
23 63 
23 64 
23 65 
23 67 
23 68 
23 69 
23 70 
23 73 
23 76 
23 77 
23 80 
23 81 
23 82 
23 84 
23 86 
23 88 
23 89 
23 90 
23 95 
23 96 
23 98 
23 100 
23 101 
23 102 
23 103 
23 107 
23 108 
23 110 
23 111 
23 113 
23 114 
23 117 
23 119 
23 120 
23 121 
23 127 
23 128 
24 25 
24 28 
24 30 
24 33 
24 34 
24 35 
24 36 
24 37 
24 38 
24 39 
24 40 
24 42 
24 44 
24 46 
24 50 
24 51 
24 52 
24 54 
24 55 
24 58 
24 59 
24 61 
24 63 
24 64 
24 65 
24 66 
24 68 
24 70 
24 73 
24 74 
24 76 
24 77 
24 78 
24 80 
24 81 
24 83 
24 84 
24 85 
24 88 
24 89 
24 92 
24 93 
24 95 
24 96 
24 98 
24 99 
24 103 
24 104 
24 106 
24 107 
24 109 
24 110 
24 111 
24 112 
24 113 
24 114 
24 116 
24 117 
24 118 
24 119 
24 120 
24 121 
24 122 
24 124 
24 125 
24 126 
24 127 
24 128 
25 26 
25 27 
25 28 
25 30 
25 31 
25 32 
25 33 
25 37 
25 43 
25 46 
25 47 
25 49 
25 50 
25 51 
25 54 
25 57 
25 59 
25 60 
25 61 
25 63 
25 64 
25 65 
25 67 
25 68 
25 69 
25 70 
25 71 
25 72 
25 77 
25 80 
25 81 
25 82 
25 84 
25 87 
25 88 
25 89 
25 92 
25 93 
25 94 
25 97 
25 98 
25 99 
25 103 
25 104 
25 107 
25 108 
25 109 
25 112 
25 114 
25 115 
25 116 
25 118 
25 119 
25 120 
25 123 
25 126 
25 128 
26 27 
26 28 
26 36 
26 37 
26 38 
26 40 
26 42 
26 44 
26 45 
26 47 
26 48 
26 51 
26 52 
26 53 
26 54 
26 56 
26 61 
26 62 
26 63 
26 65 
26 66 
26 68 
26 69 
26 71 
26 73 
26 74 
26 75 
26 77 
26 79 
26 81 
26 82 
26 83 
26 86 
26 88 
26 89 
26 90 
26 93 
26 94 
26 95 
26 96 
26 97 
26 101 
26 104 
26 105 
26 107 
26 111 
26 112 
26 118 
26 120 
26 121 
26 125 
26 127 
27 31 
27 33 
27 34 
27 41 
27 42 
27 43 
27 47 
27 48 
27 49 
27 52 
27 53 
27 54 
27 55 
27 59 
27 66 
27 70 
27 72 
27 73 
27 74 
27 77 
27 80 
27 81 
27 83 
27 84 
27 86 
27 87 
27 91 
27 92 
27 95 
27 98 
27 101 
27 102 
27 103 
27 104 
27 108 
27 110 
27 111 
27 113 
27 115 
27 116 
27 119 
27 122 
27 124 
27 125 
27 126 
27 128 
28 29 
28 32 
28 37 
28 39 
28 40 
28 43 
28 44 
28 45 
28 47 
28 48 
28 49 
28 51 
28 54 
28 55 
28 56 
28 59 
28 60 
28 62 
28 64 
28 65 
28 67 
28 68 
28 70 
28 71 
28 73 
28 74 
28 76 
28 77 
28 79 
28 80 
28 82 
28 83 
28 84 
28 85 
28 86 
28 88 
28 89 
28 90 
28 93 
28 94 
28 95 
28 96 
28 97 
28 98 
28 99 
28 101 
28 102 
28 107 
28 108 
28 110 
28 111 
28 113 
28 114 
28 116 
28 117 
28 118 
28 119 
28 121 
28 122 
28 123 
28 124 
28 125 
28 126 
28 127 
29 31 
29 32 
29 37 
29 38 
29 41 
29 42 
29 44 
29 48 
29 50 
29 55 
29 59 
29 60 
29 61 
29 62 
29 63 
29 64 
29 66 
29 69 
29 71 
29 73 
29 74 
29 75 
29 76 
29 79 
29 82 
29 85 
29 87 
29 89 
29 91 
29 93 
29 94 
29 96 
29 98 
29 99 
29 100 
29 101 
29 103 
29 107 
29 108 
29 109 
29 110 
29 113 
29 116 
29 118 
29 119 
29 121 
29 122 
29 124 
29 125 
29 127 
29 128 
30 31 
30 32 
30 33 
30 34 
30 35 
30 43 
30 44 
30 45 
30 47 
30 50 
30 51 
30 52 
30 53 
30 54 
30 55 
30 56 
30 58 
30 59 
30 62 
30 65 
30 67 
30 68 
30 69 
30 70 
30 71 
30 72 
30 75 
30 76 
30 77 
30 79 
30 80 
30 81 
30 82 
30 83 
30 85 
30 88 
30 89 
30 90 
30 91 
30 93 
30 94 
30 95 
30 96 
30 97 
30 98 
30 99 
30 102 
30 103 
30 105 
30 110 
30 111 
30 117 
30 118 
30 119 
30 120 
30 126 
30 127 
30 128 
31 32 
31 35 
31 36 
31 39 
31 43 
31 45 
31 46 
31 48 
31 49 
31 50 
31 51 
31 52 
31 53 
31 54 
31 55 
31 57 
31 58 
31 59 
31 61 
31 64 
31 66 
31 67 
31 70 
31 71 
31 73 
31 74 
31 75 
31 78 
31 84 
31 87 
31 89 
31 90 
31 92 
31 94 
31 95 
31 96 
31 101 
31 102 
31 103 
31 104 
31 105 
31 109 
31 112 
31 113 
31 114 
31 115 
31 116 
31 118 
31 120 
31 123 
32 33 
32 35 
32 37 
32 39 
32 40 
32 41 
32 44 
32 45 
32 46 
32 47 
32 48 
32 49 
32 50 
32 51 
32 52 
32 53 
32 54 
32 55 
32 61 
32 62 
32 63 
32 64 
32 66 
32 67 
32 68 
32 69 
32 70 
32 71 
32 73 
32 77 
32 79 
32 83 
32 84 
32 85 
32 86 
32 87 
32 88 
32 90 
32 95 
32 96 
32 97 
32 101 
32 104 
32 111 
32 113 
32 114 
32 116 
32 118 
32 120 
32 125 
32 127 
32 128 
33 34 
33 37 
33 41 
33 43 
33 47 
33 48 
33 49 
33 50 
33 52 
33 54 
33 57 
33 58 
33 65 
33 68 
33 69 
33 70 
33 71 
33 76 
33 78 
33 79 
33 80 
33 84 
33 86 
33 88 
33 89 
33 90 
33 94 
33 95 
33 96 
33 97 
33 98 
33 102 
33 104 
33 106 
33 107 
33 108 
33 109 
33 111 
33 114 
33 117 
33 118 
33 119 
33 124 
33 126 
33 127 
33 128 
34 35 
34 36 
34 39 
34 40 
34 42 
34 43 
34 44 
34 46 
34 47 
34 48 
34 49 
34 52 
34 53 
34 54 
34 55 
34 58 
34 60 
34 61 
34 65 
34 68 
34 69 
34 70 
34 71 
34 73 
34 74 
34 75 
34 76 
34 77 
34 80 
34 82 
34 83 
34 84 
34 85 
34 88 
34 89 
34 90 
34 91 
34 94 
34 95 
34 96 
34 98 
34 99 
34 100 
34 109 
34 112 
34 113 
34 114 
34 115 
34 117 
34 118 
34 119 
34 120 
34 123 
34 125 
34 126 
34 127 
34 128 
35 36 
35 40 
35 42 
35 43 
35 50 
35 51 
35 52 
35 55 
35 59 
35 63 
35 64 
35 66 
35 67 
35 69 
35 71 
35 74 
35 77 
35 82 
35 83 
35 90 
35 91 
35 93 
35 96 
35 103 
35 104 
35 105 
35 110 
35 111 
35 113 
35 117 
35 118 
35 119 
35 120 
35 122 
35 123 
35 128 
36 37 
36 39 
36 40 
36 41 
36 44 
36 45 
36 46 
36 47 
36 50 
36 51 
36 52 
36 53 
36 54 
36 55 
36 56 
36 59 
36 64 
36 65 
36 66 
36 68 
36 71 
36 72 
36 76 
36 80 
36 81 
36 84 
36 86 
36 87 
36 89 
36 91 
36 92 
36 93 
36 96 
36 98 
36 100 
36 102 
36 104 
36 106 
36 109 
36 111 
36 112 
36 115 
36 116 
36 119 
36 120 
36 123 
36 125 
36 127 
37 38 
37 39 
37 40 
37 41 
37 44 
37 45 
37 46 
37 47 
37 50 
37 51 
37 54 
37 55 
37 57 
37 58 
37 60 
37 62 
37 63 
37 64 
37 66 
37 67 
37 68 
37 69 
37 70 
37 72 
37 77 
37 78 
37 83 
37 87 
37 90 
37 91 
37 92 
37 93 
37 94 
37 95 
37 97 
37 98 
37 99 
37 101 
37 104 
37 105 
37 107 
37 108 
37 111 
37 117 
37 120 
37 121 
37 122 
37 126 
37 127 
37 128 
38 40 
38 41 
38 42 
38 43 
38 44 
38 47 
38 50 
38 53 
38 54 
38 55 
38 56 
38 57 
38 58 
38 59 
38 60 
38 61 
38 63 
38 64 
38 68 
38 69 
38 70 
38 71 
38 77 
38 81 
38 83 
38 84 
38 85 
38 87 
38 88 
38 89 
38 92 
38 93 
38 95 
38 96 
38 97 
38 98 
38 100 
38 102 
38 103 
38 104 
38 105 
38 106 
38 107 
38 108 
38 111 
38 112 
38 113 
38 115 
38 116 
38 118 
38 119 
38 121 
38 123 
38 124 
38 125 
38 126 
39 40 
39 42 
39 43 
39 44 
39 50 
39 53 
39 54 
39 56 
39 57 
39 60 
39 63 
39 66 
39 67 
39 68 
39 70 
39 71 
39 75 
39 77 
39 80 
39 81 
39 83 
39 86 
39 87 
39 90 
39 92 
39 93 
39 95 
39 99 
39 100 
39 102 
39 103 
39 104 
39 106 
39 108 
39 109 
39 111 
39 112 
39 113 
39 115 
39 116 
39 117 
39 119 
39 120 
39 124 
39 125 
39 126 
40 41 
40 42 
40 43 
40 44 
40 46 
40 47 
40 48 
40 50 
40 51 
40 53 
40 55 
40 56 
40 61 
40 62 
40 64 
40 65 
40 66 
40 68 
40 72 
40 73 
40 75 
40 77 
40 78 
40 79 
40 80 
40 81 
40 82 
40 83 
40 86 
40 87 
40 88 
40 91 
40 92 
40 93 
40 95 
40 96 
40 97 
40 98 
40 100 
40 104 
40 105 
40 107 
40 110 
40 111 
40 112 
40 113 
40 114 
40 115 
40 117 
40 119 
40 120 
40 121 
40 123 
40 124 
40 126 
40 127 
40 128 
41 45 
41 46 
41 47 
41 48 
41 50 
41 51 
41 52 
41 53 
41 54 
41 55 
41 56 
41 59 
41 60 
41 61 
41 64 
41 65 
41 67 
41 68 
41 69 
41 75 
41 76 
41 77 
41 80 
41 81 
41 83 
41 85 
41 87 
41 93 
41 97 
41 99 
41 101 
41 103 
41 105 
41 106 
41 107 
41 109 
41 110 
41 111 
41 112 
41 113 
41 114 
41 115 
41 116 
41 118 
41 119 
41 120 
41 121 
41 124 
41 125 
41 126 
41 128 
42 44 
42 45 
42 47 
42 48 
42 51 
42 53 
42 54 
42 60 
42 61 
42 62 
42 63 
42 65 
42 66 
42 67 
42 68 
42 71 
42 72 
42 74 
42 76 
42 79 
42 80 
42 84 
42 85 
42 89 
42 90 
42 91 
42 92 
42 93 
42 94 
42 96 
42 98 
42 99 
42 100 
42 101 
42 102 
42 104 
42 108 
42 109 
42 110 
42 114 
42 116 
42 118 
42 123 
42 124 
42 126 
42 128 
43 47 
43 49 
43 50 
43 52 
43 53 
43 54 
43 57 
43 60 
43 61 
43 62 
43 64 
43 66 
43 68 
43 69 
43 72 
43 73 
43 76 
43 80 
43 82 
43 83 
43 84 
43 87 
43 88 
43 89 
43 90 
43 91 
43 93 
43 94 
43 95 
43 96 
43 97 
43 98 
43 100 
43 101 
43 102 
43 103 
43 104 
43 105 
43 107 
43 110 
43 111 
43 112 
43 113 
43 114 
43 116 
43 117 
43 118 
43 119 
43 120 
43 123 
43 128 
44 45 
44 46 
44 47 
44 48 
44 53 
44 56 
44 57 
44 58 
44 59 
44 60 
44 62 
44 63 
44 66 
44 67 
44 69 
44 71 
44 76 
44 78 
44 80 
44 82 
44 83 
44 84 
44 85 
44 86 
44 87 
44 88 
44 91 
44 92 
44 93 
44 97 
44 98 
44 100 
44 101 
44 102 
44 104 
44 105 
44 108 
44 110 
44 111 
44 112 
44 113 
44 114 
44 115 
44 116 
44 120 
44 122 
44 123 
44 124 
44 125 
45 47 
45 48 
45 49 
45 52 
45 53 
45 54 
45 56 
45 59 
45 62 
45 64 
45 67 
45 68 
45 69 
45 71 
45 72 
45 73 
45 74 
45 77 
45 78 
45 79 
45 81 
45 83 
45 84 
45 86 
45 88 
45 95 
45 99 
45 100 
45 101 
45 102 
45 103 
45 104 
45 105 
45 110 
45 111 
45 113 
45 115 
45 116 
45 120 
45 121 
45 123 
45 126 
45 128 
46 47 
46 49 
46 50 
46 52 
46 53 
46 54 
46 56 
46 57 
46 59 
46 61 
46 63 
46 64 
46 65 
46 66 
46 67 
46 68 
46 69 
46 71 
46 72 
46 73 
46 75 
46 77 
46 79 
46 80 
46 83 
46 89 
46 94 
46 95 
46 96 
46 97 
46 101 
46 102 
46 106 
46 109 
46 111 
46 112 
46 113 
46 114 
46 115 
46 117 
46 123 
46 125 
46 126 
46 128 
47 48 
47 49 
47 51 
47 52 
47 54 
47 55 
47 56 
47 57 
47 58 
47 59 
47 61 
47 62 
47 65 
47 67 
47 69 
47 71 
47 72 
47 73 
47 74 
47 78 
47 79 
47 80 
47 81 
47 82 
47 83 
47 84 
47 87 
47 88 
47 89 
47 90 
47 91 
47 93 
47 94 
47 95 
47 96 
47 100 
47 101 
47 105 
47 106 
47 107 
47 108 
47 112 
47 114 
47 117 
47 120 
47 121 
47 124 
47 125 
47 126 
47 127 
48 49 
48 51 
48 55 
48 56 
48 57 
48 58 
48 59 
48 60 
48 64 
48 65 
48 66 
48 67 
48 68 
48 70 
48 71 
48 74 
48 75 
48 76 
48 77 
48 78 
48 81 
48 82 
48 83 
48 84 
48 87 
48 88 
48 89 
48 91 
48 92 
48 94 
48 95 
48 96 
48 97 
48 101 
48 103 
48 104 
48 105 
48 107 
48 111 
48 114 
48 116 
48 118 
48 119 
48 124 
48 125 
49 51 
49 53 
49 54 
49 55 
49 56 
49 57 
49 58 
49 61 
49 63 
49 65 
49 66 
49 67 
49 71 
49 74 
49 76 
49 78 
49 79 
49 80 
49 81 
49 87 
49 91 
49 92 
49 96 
49 97 
49 98 
49 101 
49 102 
49 105 
49 108 
49 110 
49 111 
49 112 
49 113 
49 114 
49 115 
49 117 
49 118 
49 122 
49 123 
49 126 
49 127 
50 51 
50 54 
50 55 
50 57 
50 58 
50 60 
50 61 
50 64 
50 65 
50 66 
50 67 
50 69 
50 71 
50 77 
50 78 
50 79 
50 81 
50 83 
50 90 
50 91 
50 92 
50 94 
50 96 
50 97 
50 98 
50 104 
50 105 
50 109 
50 110 
50 111 
50 112 
50 113 
50 116 
50 119 
50 120 
50 121 
50 122 
50 124 
50 125 
50 126 
50 128 
51 52 
51 53 
51 55 
51 56 
51 58 
51 63 
51 66 
51 67 
51 69 
51 70 
51 71 
51 76 
51 81 
51 86 
51 87 
51 89 
51 90 
51 91 
51 92 
51 93 
51 95 
51 96 
51 100 
51 102 
51 103 
51 104 
51 105 
51 107 
51 109 
51 110 
51 111 
51 112 
51 113 
51 115 
51 116 
51 120 
51 121 
51 122 
51 124 
51 125 
51 126 
51 128 
52 56 
52 57 
52 59 
52 60 
52 61 
52 62 
52 63 
52 64 
52 72 
52 76 
52 78 
52 79 
52 81 
52 83 
52 85 
52 90 
52 92 
52 94 
52 95 
52 96 
52 98 
52 100 
52 101 
52 102 
52 103 
52 104 
52 105 
52 106 
52 107 
52 108 
52 109 
52 110 
52 112 
52 114 
52 117 
52 118 
52 119 
52 121 
52 122 
52 124 
52 125 
52 127 
52 128 
53 54 
53 55 
53 56 
53 57 
53 61 
53 62 
53 65 
53 66 
53 67 
53 71 
53 73 
53 75 
53 76 
53 77 
53 78 
53 82 
53 85 
53 87 
53 89 
53 90 
53 92 
53 95 
53 97 
53 99 
53 100 
53 101 
53 102 
53 104 
53 109 
53 110 
53 111 
53 114 
53 115 
53 117 
53 118 
53 119 
53 123 
53 124 
53 126 
53 127 
54 55 
54 56 
54 57 
54 59 
54 60 
54 64 
54 66 
54 68 
54 69 
54 72 
54 73 
54 75 
54 79 
54 80 
54 81 
54 82 
54 85 
54 88 
54 89 
54 90 
54 91 
54 93 
54 94 
54 100 
54 107 
54 108 
54 110 
54 111 
54 112 
54 113 
54 115 
54 117 
54 118 
54 121 
54 123 
54 124 
54 125 
54 126 
54 127 
54 128 
55 56 
55 58 
55 60 
55 63 
55 64 
55 65 
55 66 
55 68 
55 70 
55 71 
55 72 
55 74 
55 76 
55 77 
55 78 
55 79 
55 80 
55 83 
55 84 
55 85 
55 89 
55 93 
55 95 
55 96 
55 98 
55 99 
55 102 
55 104 
55 105 
55 113 
55 114 
55 115 
55 120 
55 121 
55 123 
55 124 
55 125 
55 126 
56 57 
56 58 
56 62 
56 63 
56 64 
56 68 
56 70 
56 71 
56 72 
56 76 
56 77 
56 78 
56 79 
56 80 
56 81 
56 82 
56 83 
56 84 
56 86 
56 87 
56 89 
56 90 
56 91 
56 96 
56 97 
56 99 
56 100 
56 102 
56 103 
56 104 
56 105 
56 106 
56 107 
56 110 
56 111 
56 114 
56 115 
56 116 
56 117 
56 118 
56 122 
56 123 
56 126 
56 127 
56 128 
57 58 
57 59 
57 61 
57 62 
57 65 
57 66 
57 67 
57 68 
57 70 
57 72 
57 74 
57 75 
57 76 
57 77 
57 81 
57 86 
57 87 
57 89 
57 90 
57 93 
57 94 
57 96 
57 99 
57 100 
57 101 
57 102 
57 103 
57 104 
57 105 
57 107 
57 108 
57 109 
57 110 
57 112 
57 115 
57 116 
57 118 
57 121 
57 124 
57 125 
57 127 
57 128 
58 61 
58 65 
58 66 
58 68 
58 70 
58 72 
58 74 
58 76 
58 77 
58 78 
58 79 
58 87 
58 89 
58 93 
58 94 
58 95 
58 96 
58 97 
58 98 
58 100 
58 101 
58 102 
58 107 
58 108 
58 111 
58 114 
58 115 
58 122 
58 124 
58 126 
58 127 
58 128 
59 61 
59 62 
59 64 
59 65 
59 68 
59 73 
59 74 
59 75 
59 78 
59 79 
59 80 
59 84 
59 85 
59 87 
59 91 
59 92 
59 93 
59 94 
59 95 
59 97 
59 98 
59 100 
59 101 
59 103 
59 108 
59 109 
59 113 
59 117 
59 118 
59 119 
59 120 
59 121 
59 125 
59 126 
59 128 
60 62 
60 63 
60 65 
60 66 
60 67 
60 68 
60 69 
60 71 
60 72 
60 73 
60 74 
60 78 
60 79 
60 80 
60 81 
60 84 
60 86 
60 87 
60 93 
60 94 
60 95 
60 98 
60 100 
60 101 
60 106 
60 108 
60 109 
60 111 
60 114 
60 115 
60 117 
60 118 
60 119 
60 120 
60 121 
60 123 
60 126 
60 127 
61 62 
61 63 
61 64 
61 65 
61 68 
61 70 
61 74 
61 75 
61 76 
61 77 
61 78 
61 81 
61 82 
61 87 
61 88 
61 89 
61 90 
61 92 
61 94 
61 95 
61 97 
61 98 
61 99 
61 102 
61 104 
61 108 
61 111 
61 112 
61 113 
61 114 
61 116 
61 118 
61 120 
61 122 
61 125 
61 126 
62 63 
62 65 
62 67 
62 68 
62 69 
62 70 
62 71 
62 72 
62 74 
62 75 
62 76 
62 78 
62 79 
62 83 
62 84 
62 85 
62 86 
62 91 
62 93 
62 95 
62 100 
62 101 
62 102 
62 104 
62 105 
62 106 
62 107 
62 108 
62 111 
62 112 
62 114 
62 116 
62 117 
62 118 
62 123 
62 124 
62 125 
62 127 
62 128 
63 64 
63 65 
63 66 
63 70 
63 71 
63 72 
63 73 
63 74 
63 76 
63 77 
63 78 
63 79 
63 80 
63 81 
63 83 
63 84 
63 86 
63 87 
63 88 
63 90 
63 91 
63 92 
63 94 
63 96 
63 98 
63 101 
63 103 
63 104 
63 105 
63 106 
63 108 
63 109 
63 111 
63 112 
63 113 
63 116 
63 119 
63 120 
63 123 
63 126 
63 127 
64 65 
64 67 
64 69 
64 72 
64 73 
64 74 
64 76 
64 78 
64 79 
64 80 
64 82 
64 83 
64 84 
64 86 
64 88 
64 89 
64 94 
64 96 
64 97 
64 99 
64 100 
64 102 
64 103 
64 104 
64 105 
64 106 
64 107 
64 109 
64 110 
64 111 
64 113 
64 116 
64 119 
64 122 
64 123 
64 124 
64 125 
64 127 
65 68 
65 69 
65 70 
65 71 
65 73 
65 74 
65 75 
65 76 
65 77 
65 78 
65 79 
65 81 
65 83 
65 86 
65 88 
65 89 
65 90 
65 91 
65 92 
65 93 
65 95 
65 96 
65 97 
65 99 
65 100 
65 101 
65 102 
65 103 
65 105 
65 110 
65 112 
65 121 
65 122 
65 123 
65 124 
65 125 
65 126 
65 127 
65 128 
66 68 
66 73 
66 74 
66 75 
66 77 
66 79 
66 80 
66 81 
66 82 
66 83 
66 85 
66 87 
66 88 
66 89 
66 90 
66 91 
66 93 
66 94 
66 95 
66 97 
66 98 
66 99 
66 101 
66 102 
66 104 
66 109 
66 111 
66 113 
66 114 
66 118 
66 121 
66 122 
66 124 
66 125 
66 128 
67 69 
67 71 
67 73 
67 75 
67 77 
67 78 
67 79 
67 80 
67 84 
67 85 
67 87 
67 91 
67 92 
67 93 
67 95 
67 96 
67 97 
67 99 
67 100 
67 101 
67 103 
67 105 
67 108 
67 111 
67 112 
67 116 
67 117 
67 118 
67 119 
67 120 
67 121 
67 122 
67 124 
67 125 
67 127 
67 128 
68 71 
68 74 
68 75 
68 80 
68 82 
68 83 
68 85 
68 86 
68 87 
68 88 
68 91 
68 92 
68 93 
68 96 
68 97 
68 99 
68 100 
68 101 
68 103 
68 105 
68 106 
68 108 
68 109 
68 111 
68 112 
68 114 
68 115 
68 116 
68 117 
68 121 
68 122 
68 123 
68 124 
68 126 
68 127 
68 128 
69 70 
69 71 
69 72 
69 73 
69 74 
69 75 
69 80 
69 82 
69 83 
69 84 
69 85 
69 86 
69 91 
69 94 
69 98 
69 101 
69 103 
69 104 
69 107 
69 108 
69 109 
69 112 
69 114 
69 117 
69 118 
69 120 
69 121 
69 125 
69 126 
69 127 
70 71 
70 73 
70 75 
70 77 
70 78 
70 79 
70 80 
70 82 
70 83 
70 84 
70 86 
70 87 
70 88 
70 89 
70 90 
70 91 
70 92 
70 94 
70 95 
70 96 
70 99 
70 100 
70 101 
70 102 
70 105 
70 108 
70 111 
70 112 
70 113 
70 115 
70 116 
70 117 
70 119 
70 120 
70 121 
70 122 
70 123 
70 124 
70 126 
70 128 
71 73 
71 74 
71 75 
71 76 
71 77 
71 81 
71 82 
71 83 
71 84 
71 87 
71 89 
71 91 
71 93 
71 98 
71 100 
71 101 
71 104 
71 105 
71 106 
71 108 
71 109 
71 110 
71 113 
71 114 
71 116 
71 119 
71 120 
71 122 
71 125 
71 127 
72 73 
72 74 
72 75 
72 76 
72 77 
72 78 
72 81 
72 82 
72 83 
72 84 
72 88 
72 95 
72 96 
72 97 
72 99 
72 100 
72 101 
72 102 
72 103 
72 104 
72 106 
72 107 
72 111 
72 112 
72 113 
72 114 
72 116 
72 118 
72 120 
72 121 
72 122 
72 125 
72 128 
73 74 
73 75 
73 76 
73 77 
73 81 
73 82 
73 84 
73 85 
73 86 
73 87 
73 92 
73 94 
73 95 
73 96 
73 97 
73 98 
73 101 
73 102 
73 103 
73 109 
73 111 
73 112 
73 113 
73 114 
73 116 
73 118 
73 120 
73 123 
73 126 
73 127 
73 128 
74 79 
74 85 
74 86 
74 87 
74 90 
74 91 
74 93 
74 94 
74 99 
74 102 
74 105 
74 106 
74 110 
74 113 
74 115 
74 116 
74 121 
74 122 
74 123 
74 124 
74 125 
74 126 
75 76 
75 77 
75 79 
75 84 
75 85 
75 88 
75 90 
75 91 
75 93 
75 94 
75 95 
75 97 
75 100 
75 104 
75 107 
75 109 
75 111 
75 113 
75 115 
75 116 
75 117 
75 120 
75 121 
75 123 
76 78 
76 80 
76 81 
76 86 
76 89 
76 90 
76 92 
76 93 
76 94 
76 95 
76 98 
76 99 
76 100 
76 101 
76 102 
76 103 
76 106 
76 109 
76 110 
76 112 
76 113 
76 114 
76 117 
76 118 
76 122 
76 124 
76 126 
77 82 
77 86 
77 91 
77 92 
77 93 
77 94 
77 95 
77 96 
77 99 
77 101 
77 102 
77 103 
77 106 
77 107 
77 108 
77 111 
77 112 
77 121 
77 125 
77 127 
77 128 
78 79 
78 80 
78 81 
78 83 
78 86 
78 91 
78 92 
78 93 
78 97 
78 99 
78 105 
78 106 
78 107 
78 108 
78 109 
78 110 
78 111 
78 112 
78 113 
78 115 
78 117 
78 118 
78 119 
78 121 
78 122 
78 124 
78 125 
78 126 
78 127 
78 128 
79 81 
79 82 
79 83 
79 85 
79 86 
79 87 
79 89 
79 91 
79 92 
79 93 
79 94 
79 95 
79 96 
79 99 
79 101 
79 102 
79 104 
79 107 
79 108 
79 109 
79 111 
79 113 
79 114 
79 116 
79 118 
79 119 
79 120 
79 121 
79 122 
79 123 
79 127 
80 81 
80 84 
80 86 
80 87 
80 88 
80 89 
80 91 
80 92 
80 93 
80 95 
80 96 
80 98 
80 100 
80 101 
80 105 
80 108 
80 109 
80 111 
80 112 
80 113 
80 119 
80 121 
80 123 
80 124 
80 125 
80 126 
80 127 
80 128 
81 84 
81 87 
81 88 
81 89 
81 90 
81 93 
81 94 
81 97 
81 98 
81 100 
81 101 
81 102 
81 104 
81 107 
81 109 
81 110 
81 112 
81 113 
81 116 
81 118 
81 119 
81 121 
81 122 
81 123 
81 124 
81 126 
81 128 
82 84 
82 85 
82 86 
82 87 
82 90 
82 91 
82 92 
82 94 
82 95 
82 96 
82 97 
82 99 
82 102 
82 105 
82 107 
82 109 
82 111 
82 112 
82 113 
82 116 
82 117 
82 118 
82 119 
82 120 
82 122 
82 123 
82 126 
82 127 
83 85 
83 89 
83 90 
83 91 
83 92 
83 96 
83 97 
83 98 
83 101 
83 102 
83 104 
83 105 
83 107 
83 108 
83 109 
83 110 
83 111 
83 112 
83 114 
83 117 
83 118 
83 122 
83 123 
83 124 
83 127 
83 128 
84 90 
84 91 
84 92 
84 94 
84 96 
84 98 
84 99 
84 103 
84 104 
84 106 
84 110 
84 111 
84 112 
84 118 
84 119 
84 121 
84 122 
84 125 
84 126 
84 128 
85 88 
85 89 
85 93 
85 97 
85 107 
85 110 
85 112 
85 117 
85 119 
85 120 
85 121 
85 122 
85 123 
85 125 
85 126 
85 128 
86 87 
86 91 
86 93 
86 94 
86 97 
86 99 
86 103 
86 105 
86 108 
86 111 
86 112 
86 113 
86 116 
86 117 
86 118 
86 119 
86 120 
86 121 
86 122 
86 125 
86 126 
86 128 
87 90 
87 92 
87 97 
87 100 
87 104 
87 105 
87 106 
87 107 
87 108 
87 109 
87 111 
87 112 
87 113 
87 114 
87 118 
87 120 
87 127 
88 91 
88 93 
88 95 
88 96 
88 97 
88 98 
88 102 
88 103 
88 104 
88 105 
88 106 
88 107 
88 110 
88 111 
88 112 
88 113 
88 114 
88 116 
88 117 
88 119 
88 123 
88 125 
88 126 
88 128 
89 90 
89 91 
89 93 
89 96 
89 98 
89 99 
89 101 
89 103 
89 104 
89 105 
89 106 
89 107 
89 109 
89 111 
89 112 
89 113 
89 115 
89 116 
89 117 
89 118 
89 119 
89 121 
89 122 
89 124 
89 126 
89 127 
90 91 
90 94 
90 95 
90 96 
90 99 
90 101 
90 103 
90 104 
90 107 
90 108 
90 110 
90 112 
90 113 
90 115 
90 116 
90 117 
90 119 
90 121 
90 122 
90 124 
90 125 
90 128 
91 92 
91 93 
91 95 
91 96 
91 97 
91 99 
91 100 
91 102 
91 103 
91 104 
91 105 
91 106 
91 109 
91 112 
91 113 
91 115 
91 117 
91 119 
91 120 
91 121 
91 122 
91 123 
91 125 
91 126 
91 127 
91 128 
92 93 
92 95 
92 97 
92 102 
92 103 
92 105 
92 106 
92 108 
92 109 
92 110 
92 111 
92 113 
92 116 
92 118 
92 119 
92 121 
92 122 
92 126 
92 127 
93 94 
93 95 
93 96 
93 97 
93 100 
93 101 
93 102 
93 103 
93 104 
93 105 
93 106 
93 107 
93 108 
93 110 
93 112 
93 113 
93 116 
93 117 
93 118 
93 119 
93 120 
93 121 
93 122 
93 124 
93 125 
93 128 
94 95 
94 98 
94 99 
94 103 
94 108 
94 111 
94 112 
94 114 
94 117 
94 127 
94 128 
95 96 
95 97 
95 98 
95 101 
95 102 
95 103 
95 104 
95 105 
95 106 
95 109 
95 111 
95 113 
95 114 
95 116 
95 117 
95 118 
95 119 
95 122 
95 126 
95 127 
96 98 
96 100 
96 103 
96 106 
96 107 
96 108 
96 111 
96 114 
96 117 
96 120 
96 123 
96 125 
96 126 
96 127 
96 128 
97 99 
97 101 
97 103 
97 104 
97 108 
97 112 
97 115 
97 116 
97 117 
97 118 
97 119 
97 120 
97 122 
97 124 
97 127 
98 99 
98 100 
98 101 
98 102 
98 104 
98 106 
98 109 
98 110 
98 112 
98 113 
98 115 
98 116 
98 118 
98 119 
98 120 
98 122 
98 125 
98 126 
99 101 
99 107 
99 108 
99 109 
99 111 
99 112 
99 113 
99 114 
99 116 
99 118 
99 119 
99 121 
99 123 
99 124 
99 126 
100 102 
100 103 
100 105 
100 106 
100 109 
100 110 
100 111 
100 114 
100 116 
100 121 
100 122 
100 126 
100 128 
101 102 
101 103 
101 104 
101 105 
101 106 
101 107 
101 108 
101 109 
101 110 
101 111 
101 116 
101 118 
101 119 
101 120 
101 121 
101 125 
101 128 
102 104 
102 106 
102 107 
102 109 
102 110 
102 111 
102 112 
102 115 
102 116 
102 117 
102 122 
102 123 
102 126 
102 127 
103 104 
103 105 
103 106 
103 107 
103 111 
103 112 
103 114 
103 115 
103 116 
103 117 
103 118 
103 120 
103 121 
103 123 
103 127 
103 128 
104 107 
104 108 
104 109 
104 111 
104 113 
104 114 
104 116 
104 117 
104 118 
104 119 
104 120 
104 123 
104 126 
104 128 
105 107 
105 110 
105 114 
105 116 
105 117 
105 118 
105 119 
105 120 
105 121 
105 122 
106 109 
106 110 
106 111 
106 113 
106 114 
106 115 
106 117 
106 118 
106 120 
106 121 
106 122 
106 126 
106 127 
106 128 
107 108 
107 109 
107 110 
107 115 
107 118 
107 119 
107 122 
107 124 
107 125 
107 126 
107 128 
108 110 
108 111 
108 112 
108 114 
108 115 
108 116 
108 119 
108 121 
108 122 
108 123 
108 126 
108 127 
108 128 
109 112 
109 113 
109 117 
109 118 
109 119 
109 121 
109 122 
109 123 
109 124 
109 125 
109 127 
110 111 
110 114 
110 115 
110 116 
110 117 
110 119 
110 122 
110 125 
110 126 
110 128 
111 112 
111 113 
111 114 
111 115 
111 117 
111 118 
111 120 
111 121 
111 122 
111 123 
111 127 
112 114 
112 115 
112 116 
112 117 
112 118 
112 119 
112 120 
112 122 
112 124 
112 125 
113 115 
113 116 
113 117 
113 118 
113 120 
113 121 
113 122 
113 124 
113 125 
113 127 
114 116 
114 117 
114 118 
114 119 
114 120 
114 121 
114 122 
114 125 
114 127 
115 116 
115 119 
115 123 
115 124 
115 125 
115 126 
115 127 
116 118 
116 119 
116 120 
116 121 
116 123 
116 126 
116 127 
116 128 
117 118 
117 119 
117 121 
117 122 
117 124 
117 125 
117 127 
118 123 
118 124 
118 125 
118 126 
118 128 
119 121 
119 122 
119 123 
119 125 
119 127 
119 128 
120 122 
120 125 
121 122 
121 123 
121 126 
121 127 
122 123 
122 124 
122 125 
123 125 
123 126 
124 126 
124 128 
125 126 
126 127 
126 128 
