128 1823
1
2
3
4
5
6
7
8
9
10
11
12
13
14
15
16
17
18
19
20
21
22
23
24
25
26
27
28
29
30
31
32
33
34
35
36
37
38
39
40
41
42
43
44
45
46
47
48
49
50
51
52
53
54
55
56
57
58
59
60
61
62
63
64
65
66
67
68
69
70
71
72
73
74
75
76
77
78
79
80
81
82
83
84
85
86
87
88
89
90
91
92
93
94
95
96
97
98
99
100
101
102
103
104
105
106
107
108
109
110
111
112
113
114
115
116
117
118
119
120
121
122
123
124
125
126
127
128
1 2 
1 8 
1 14 
1 16 
1 19 
1 26 
1 28 
1 32 
1 39 
1 43 
1 45 
1 47 
1 50 
1 53 
1 54 
1 58 
1 59 
1 60 
1 63 
1 64 
1 67 
1 69 
1 71 
1 77 
1 85 
1 94 
1 96 
1 100 
1 112 
1 114 
1 115 
1 118 
1 119 
1 125 
2 3 
2 11 
2 15 
2 18 
2 27 
2 29 
2 32 
2 46 
2 50 
2 59 
2 60 
2 62 
2 65 
2 66 
2 73 
2 74 
2 80 
2 84 
2 86 
2 87 
2 97 
2 104 
2 115 
2 118 
2 119 
2 120 
2 127 
3 4 
3 5 
3 7 
3 8 
3 10 
3 15 
3 20 
3 30 
3 35 
3 42 
3 45 
3 51 
3 52 
3 53 
3 56 
3 57 
3 59 
3 62 
3 74 
3 83 
3 87 
3 89 
3 90 
3 95 
3 102 
3 104 
3 107 
3 111 
3 119 
3 121 
3 127 
4 5 
4 7 
4 8 
4 10 
4 19 
4 25 
4 39 
4 43 
4 50 
4 57 
4 67 
4 68 
4 70 
4 71 
4 73 
4 78 
4 82 
4 83 
4 93 
4 103 
4 122 
4 123 
4 128 
5 7 
5 10 
5 12 
5 14 
5 15 
5 19 
5 22 
5 23 
5 25 
5 27 
5 30 
5 37 
5 43 
5 44 
5 47 
5 48 
5 60 
5 65 
5 75 
5 78 
5 82 
5 84 
5 86 
5 89 
5 90 
5 91 
5 93 
5 94 
5 95 
5 103 
5 112 
5 114 
5 115 
5 116 
5 117 
5 128 
6 19 
6 22 
6 25 
6 27 
6 31 
6 35 
6 37 
6 40 
6 45 
6 46 
6 56 
6 58 
6 62 
6 63 
6 65 
6 68 
6 76 
6 78 
6 86 
6 87 
6 90 
6 91 
6 92 
6 99 
6 104 
6 108 
6 111 
6 112 
6 114 
6 117 
6 118 
6 125 
7 9 
7 16 
7 19 
7 30 
7 32 
7 59 
7 64 
7 66 
7 69 
7 71 
7 72 
7 76 
7 79 
7 82 
7 83 
7 90 
7 101 
7 102 
7 103 
7 104 
7 113 
7 114 
7 116 
7 118 
7 121 
7 126 
8 19 
8 21 
8 22 
8 23 
8 24 
8 25 
8 31 
8 38 
8 39 
8 42 
8 45 
8 48 
8 58 
8 63 
8 64 
8 66 
8 67 
8 71 
8 91 
8 93 
8 94 
8 95 
8 101 
8 106 
8 117 
8 118 
8 124 
9 10 
9 11 
9 13 
9 19 
9 24 
9 25 
9 30 
9 41 
9 43 
9 55 
9 60 
9 61 
9 62 
9 64 
9 66 
9 68 
9 72 
9 74 
9 76 
9 79 
9 81 
9 84 
9 86 
9 91 
9 95 
9 97 
9 99 
9 112 
9 115 
9 118 
9 120 
9 121 
10 20 
10 39 
10 40 
10 41 
10 47 
10 52 
10 55 
10 64 
10 71 
10 75 
10 83 
10 84 
10 87 
10 92 
10 95 
10 96 
10 97 
10 99 
10 101 
10 102 
10 104 
10 105 
10 110 
10 111 
10 112 
10 118 
10 119 
10 121 
11 12 
11 22 
11 23 
11 27 
11 29 
11 31 
11 36 
11 46 
11 47 
11 49 
11 53 
11 54 
11 58 
11 61 
11 76 
11 77 
11 88 
11 89 
11 90 
11 93 
11 94 
11 102 
11 104 
11 106 
11 107 
11 112 
11 115 
11 119 
11 122 
12 13 
12 15 
12 19 
12 20 
12 27 
12 33 
12 34 
12 36 
12 39 
12 51 
12 52 
12 64 
12 69 
12 73 
12 74 
12 75 
12 79 
12 88 
12 92 
12 107 
12 108 
12 124 
12 126 
13 14 
13 16 
13 20 
13 23 
13 24 
13 33 
13 37 
13 42 
13 43 
13 45 
13 50 
13 54 
13 56 
13 65 
13 67 
13 68 
13 72 
13 75 
13 81 
13 97 
13 107 
13 111 
13 113 
13 115 
13 117 
14 31 
14 39 
14 41 
14 47 
14 49 
14 52 
14 53 
14 56 
14 57 
14 61 
14 67 
14 68 
14 72 
14 74 
14 87 
14 91 
14 97 
14 99 
14 103 
14 104 
14 111 
14 114 
14 115 
14 118 
14 123 
14 125 
14 128 
15 21 
15 23 
15 28 
15 31 
15 34 
15 38 
15 41 
15 42 
15 51 
15 56 
15 59 
15 65 
15 72 
15 80 
15 81 
15 83 
15 84 
15 89 
15 92 
15 94 
15 99 
15 100 
15 102 
15 104 
15 108 
15 111 
15 113 
15 121 
15 125 
16 19 
16 25 
16 30 
16 33 
16 34 
16 37 
16 39 
16 47 
16 51 
16 53 
16 56 
16 59 
16 75 
16 77 
16 86 
16 94 
16 95 
16 102 
16 107 
16 110 
17 20 
17 22 
17 25 
17 26 
17 35 
17 36 
17 48 
17 52 
17 53 
17 56 
17 58 
17 66 
17 68 
17 78 
17 84 
17 88 
17 95 
17 96 
17 110 
17 115 
17 119 
17 122 
17 125 
17 126 
17 128 
18 21 
18 22 
18 23 
18 25 
18 29 
18 30 
18 40 
18 46 
18 51 
18 54 
18 55 
18 56 
18 66 
18 70 
18 73 
18 75 
18 80 
18 87 
18 97 
18 101 
18 105 
18 108 
18 109 
18 112 
18 120 
18 121 
18 125 
18 127 
19 21 
19 23 
19 27 
19 31 
19 33 
19 35 
19 36 
19 37 
19 41 
19 42 
19 50 
19 52 
19 60 
19 63 
19 65 
19 68 
19 69 
19 70 
19 71 
19 73 
19 74 
19 75 
19 82 
19 84 
19 89 
19 95 
19 97 
19 104 
19 112 
19 115 
19 126 
20 21 
20 25 
20 26 
20 30 
20 31 
20 34 
20 35 
20 40 
20 41 
20 44 
20 50 
20 52 
20 58 
20 59 
20 61 
20 66 
20 69 
20 70 
20 71 
20 77 
20 80 
20 81 
20 88 
20 90 
20 93 
20 96 
20 99 
20 101 
20 102 
20 103 
20 104 
20 106 
20 110 
20 128 
21 22 
21 31 
21 33 
21 36 
21 50 
21 51 
21 53 
21 63 
21 65 
21 75 
21 78 
21 93 
21 94 
21 95 
21 96 
21 97 
21 98 
21 100 
21 112 
21 117 
21 122 
21 123 
21 127 
22 23 
22 25 
22 26 
22 32 
22 33 
22 34 
22 38 
22 44 
22 48 
22 66 
22 74 
22 76 
22 78 
22 79 
22 97 
22 99 
22 103 
22 105 
22 110 
22 113 
22 120 
23 25 
23 29 
23 34 
23 35 
23 37 
23 40 
23 41 
23 44 
23 45 
23 46 
23 50 
23 54 
23 55 
23 58 
23 65 
23 68 
23 72 
23 82 
23 86 
23 91 
23 99 
23 112 
23 113 
23 115 
23 123 
23 127 
24 31 
24 32 
24 34 
24 41 
24 42 
24 43 
24 45 
24 56 
24 63 
24 71 
24 82 
24 83 
24 84 
24 92 
24 99 
24 100 
24 109 
24 111 
24 112 
24 115 
24 128 
25 27 
25 30 
25 32 
25 34 
25 35 
25 46 
25 47 
25 49 
25 50 
25 54 
25 70 
25 77 
25 84 
25 93 
25 98 
25 103 
25 104 
25 108 
25 111 
25 114 
25 116 
25 123 
26 31 
26 35 
26 44 
26 58 
26 69 
26 81 
26 85 
26 87 
26 89 
26 90 
26 93 
26 95 
26 105 
26 107 
26 117 
27 28 
27 30 
27 35 
27 41 
27 42 
27 53 
27 70 
27 71 
27 78 
27 80 
27 81 
27 82 
27 89 
27 93 
27 99 
27 100 
27 101 
27 102 
27 105 
27 106 
27 112 
27 114 
27 115 
28 36 
28 39 
28 44 
28 46 
28 47 
28 50 
28 51 
28 58 
28 60 
28 67 
28 73 
28 75 
28 78 
28 84 
28 85 
28 87 
28 90 
28 95 
28 99 
28 104 
28 106 
28 110 
28 111 
28 114 
28 117 
28 119 
28 121 
28 124 
28 125 
29 34 
29 35 
29 37 
29 41 
29 57 
29 63 
29 71 
29 75 
29 78 
29 79 
29 86 
29 88 
29 94 
29 96 
29 97 
29 106 
29 108 
29 118 
29 119 
29 122 
30 33 
30 41 
30 44 
30 45 
30 46 
30 49 
30 52 
30 54 
30 56 
30 57 
30 75 
30 76 
30 80 
30 94 
30 105 
30 106 
30 109 
30 112 
30 121 
30 124 
30 125 
30 128 
31 33 
31 34 
31 35 
31 36 
31 37 
31 40 
31 41 
31 46 
31 49 
31 50 
31 70 
31 77 
31 79 
31 87 
31 88 
31 95 
31 99 
31 106 
31 123 
31 128 
32 35 
32 39 
32 52 
32 62 
32 67 
32 71 
32 77 
32 80 
32 81 
32 84 
32 92 
32 94 
32 98 
32 104 
32 106 
32 107 
32 108 
32 112 
32 113 
32 119 
32 122 
32 125 
33 34 
33 39 
33 41 
33 42 
33 44 
33 55 
33 56 
33 57 
33 58 
33 61 
33 64 
33 65 
33 69 
33 79 
33 81 
33 84 
33 86 
33 89 
33 101 
33 115 
33 117 
33 120 
33 128 
34 42 
34 43 
34 48 
34 52 
34 57 
34 58 
34 66 
34 67 
34 76 
34 78 
34 79 
34 83 
34 88 
34 90 
34 91 
34 93 
34 104 
34 105 
34 106 
34 112 
34 113 
34 114 
34 116 
34 123 
34 126 
34 128 
35 36 
35 37 
35 40 
35 55 
35 70 
35 74 
35 76 
35 82 
35 84 
35 92 
35 93 
35 102 
35 111 
35 116 
35 126 
35 127 
36 46 
36 47 
36 49 
36 68 
36 72 
36 74 
36 75 
36 87 
36 89 
36 90 
36 91 
36 98 
36 100 
36 105 
36 106 
36 111 
36 114 
36 122 
37 57 
37 61 
37 63 
37 71 
37 72 
37 76 
37 78 
37 86 
37 88 
37 91 
37 94 
37 104 
37 110 
37 112 
37 123 
38 42 
38 44 
38 51 
38 63 
38 64 
38 66 
38 70 
38 71 
38 82 
38 88 
38 89 
38 92 
38 95 
38 102 
38 103 
38 105 
38 109 
38 112 
38 114 
38 115 
38 117 
38 118 
38 121 
38 123 
38 124 
39 44 
39 45 
39 46 
39 48 
39 49 
39 50 
39 51 
39 54 
39 64 
39 71 
39 87 
39 90 
39 102 
39 107 
39 112 
39 113 
39 114 
39 117 
39 121 
39 126 
40 55 
40 57 
40 58 
40 62 
40 65 
40 71 
40 77 
40 84 
40 96 
40 102 
40 107 
40 108 
40 114 
40 115 
40 118 
40 122 
41 48 
41 51 
41 57 
41 58 
41 71 
41 72 
41 75 
41 80 
41 82 
41 84 
41 90 
41 96 
41 100 
41 104 
41 108 
41 109 
41 112 
41 115 
41 121 
41 122 
41 123 
41 126 
41 127 
41 128 
42 60 
42 71 
42 72 
42 80 
42 100 
42 102 
42 108 
42 109 
42 111 
42 118 
42 122 
42 126 
43 53 
43 55 
43 56 
43 65 
43 68 
43 74 
43 80 
43 84 
43 90 
43 91 
43 96 
43 102 
43 111 
43 113 
43 121 
43 128 
44 48 
44 50 
44 52 
44 57 
44 58 
44 59 
44 61 
44 69 
44 72 
44 88 
44 93 
44 94 
44 95 
44 98 
44 104 
44 106 
44 114 
44 115 
44 117 
44 118 
44 124 
44 127 
44 128 
45 53 
45 57 
45 63 
45 64 
45 73 
45 79 
45 84 
45 89 
45 92 
45 94 
45 96 
45 101 
45 110 
45 111 
45 118 
45 123 
45 127 
45 128 
46 48 
46 49 
46 54 
46 55 
46 57 
46 63 
46 68 
46 69 
46 71 
46 75 
46 76 
46 85 
46 89 
46 91 
46 99 
46 100 
46 101 
46 107 
46 113 
46 118 
46 121 
46 123 
46 124 
46 127 
47 49 
47 52 
47 75 
47 81 
47 87 
47 91 
47 95 
47 100 
47 107 
47 112 
47 113 
47 115 
47 116 
47 117 
47 122 
48 49 
48 54 
48 55 
48 61 
48 63 
48 64 
48 70 
48 72 
48 88 
48 89 
48 93 
48 100 
48 102 
48 108 
48 109 
48 112 
48 119 
48 120 
48 121 
49 53 
49 59 
49 68 
49 74 
49 76 
49 79 
49 81 
49 82 
49 87 
49 88 
49 95 
49 97 
49 98 
49 99 
49 103 
49 105 
49 106 
49 108 
49 112 
49 121 
49 124 
49 125 
50 51 
50 60 
50 67 
50 76 
50 77 
50 79 
50 85 
50 88 
50 90 
50 93 
50 98 
50 99 
50 109 
50 110 
50 115 
51 57 
51 58 
51 63 
51 68 
51 70 
51 75 
51 79 
51 80 
51 81 
51 83 
51 84 
51 86 
51 87 
51 91 
51 93 
51 108 
51 112 
51 118 
51 120 
51 121 
51 123 
51 124 
51 125 
52 54 
52 55 
52 58 
52 60 
52 62 
52 68 
52 78 
52 91 
52 93 
52 101 
52 105 
52 123 
52 128 
53 54 
53 60 
53 65 
53 70 
53 74 
53 86 
53 95 
53 99 
53 103 
53 106 
53 121 
53 123 
53 124 
54 58 
54 62 
54 69 
54 70 
54 71 
54 78 
54 92 
54 93 
54 95 
54 96 
54 100 
54 102 
54 104 
54 106 
54 109 
54 116 
54 120 
55 60 
55 63 
55 65 
55 67 
55 68 
55 70 
55 89 
55 91 
55 95 
55 96 
55 99 
55 106 
55 116 
55 120 
55 121 
55 126 
56 57 
56 58 
56 63 
56 64 
56 65 
56 68 
56 70 
56 71 
56 75 
56 80 
56 93 
56 95 
56 103 
56 106 
56 109 
56 111 
56 112 
56 113 
56 119 
56 120 
56 123 
56 124 
57 59 
57 62 
57 74 
57 88 
57 90 
57 93 
57 97 
57 103 
57 116 
57 121 
57 123 
57 124 
57 128 
58 59 
58 64 
58 68 
58 79 
58 84 
58 89 
58 91 
58 96 
58 100 
58 101 
58 109 
58 113 
58 114 
58 115 
58 119 
58 122 
58 124 
58 128 
59 63 
59 64 
59 67 
59 69 
59 79 
59 80 
59 81 
59 82 
59 84 
59 85 
59 86 
59 87 
59 93 
59 94 
59 99 
59 101 
59 105 
59 111 
59 115 
59 116 
59 118 
59 121 
59 128 
60 63 
60 67 
60 75 
60 79 
60 82 
60 86 
60 92 
60 93 
60 94 
60 96 
60 103 
60 107 
60 113 
60 122 
60 124 
61 65 
61 66 
61 71 
61 79 
61 82 
61 83 
61 91 
61 95 
61 96 
61 98 
61 110 
61 115 
61 120 
61 122 
62 64 
62 68 
62 70 
62 74 
62 79 
62 83 
62 87 
62 90 
62 93 
62 94 
62 95 
62 98 
62 101 
62 103 
62 106 
62 108 
62 113 
63 70 
63 71 
63 79 
63 81 
63 88 
63 97 
63 102 
63 106 
63 107 
63 116 
63 118 
63 123 
63 128 
64 72 
64 76 
64 79 
64 80 
64 82 
64 84 
64 87 
64 88 
64 91 
64 93 
64 96 
64 107 
64 114 
64 116 
64 117 
65 69 
65 76 
65 77 
65 79 
65 91 
65 92 
65 94 
65 118 
65 119 
65 123 
65 128 
66 68 
66 79 
66 87 
66 96 
66 98 
66 101 
66 108 
66 111 
66 120 
67 69 
67 94 
67 96 
67 101 
67 107 
67 111 
67 113 
67 117 
67 119 
67 126 
67 127 
67 128 
68 71 
68 73 
68 83 
68 87 
68 94 
68 99 
68 107 
68 121 
68 123 
68 125 
68 126 
69 73 
69 78 
69 86 
69 90 
69 91 
69 95 
69 100 
69 109 
69 112 
69 124 
70 71 
70 88 
70 91 
70 100 
70 101 
70 105 
70 107 
70 110 
70 113 
70 124 
70 128 
71 89 
71 91 
71 93 
71 94 
71 96 
71 109 
71 110 
71 113 
71 116 
71 118 
71 125 
72 76 
72 80 
72 83 
72 85 
72 87 
72 88 
72 90 
72 100 
72 101 
72 103 
72 111 
72 112 
72 114 
72 123 
73 83 
73 111 
73 116 
73 118 
73 120 
73 126 
74 77 
74 79 
74 81 
74 84 
74 87 
74 88 
74 93 
74 94 
74 95 
74 97 
74 104 
74 106 
74 110 
74 116 
74 125 
75 80 
75 88 
75 92 
75 93 
75 98 
75 99 
75 102 
75 105 
75 106 
75 111 
75 124 
75 126 
75 127 
75 128 
76 80 
76 89 
76 96 
76 97 
76 100 
76 102 
76 110 
76 122 
77 79 
77 80 
77 95 
77 98 
77 103 
77 108 
77 117 
77 119 
78 85 
78 86 
78 87 
78 90 
78 101 
78 104 
78 107 
78 108 
78 110 
78 121 
78 126 
79 89 
79 91 
79 102 
79 103 
79 105 
79 109 
79 111 
79 117 
79 124 
79 127 
79 128 
80 85 
80 87 
80 91 
80 99 
80 100 
80 106 
80 109 
80 116 
80 126 
81 87 
81 88 
81 90 
81 91 
81 107 
81 116 
81 124 
82 91 
82 97 
82 100 
82 102 
82 104 
82 106 
82 112 
82 119 
82 120 
82 121 
82 127 
82 128 
83 86 
83 94 
83 100 
83 112 
83 119 
83 121 
83 122 
84 87 
84 99 
84 100 
84 102 
84 103 
84 104 
84 105 
84 115 
84 116 
84 124 
84 128 
85 92 
85 96 
85 98 
85 105 
85 113 
85 115 
85 116 
85 128 
86 98 
86 104 
86 110 
86 117 
86 118 
86 122 
87 90 
87 91 
87 93 
87 98 
87 100 
87 106 
87 109 
87 115 
87 116 
88 93 
88 105 
88 109 
88 120 
88 122 
88 125 
88 126 
89 94 
89 96 
89 97 
89 100 
89 101 
89 113 
89 115 
89 119 
89 122 
89 128 
90 97 
90 98 
90 100 
90 101 
90 104 
90 107 
90 121 
91 94 
91 107 
91 109 
91 112 
91 126 
92 93 
92 98 
92 103 
92 104 
92 106 
92 107 
92 118 
92 119 
92 120 
92 122 
93 100 
93 101 
93 102 
93 106 
93 111 
93 112 
93 115 
93 125 
94 97 
94 100 
94 103 
94 108 
94 111 
94 112 
94 114 
94 115 
94 120 
94 126 
94 128 
95 96 
95 102 
95 104 
95 107 
95 108 
95 115 
95 118 
95 122 
95 125 
96 104 
96 105 
96 107 
96 110 
96 113 
96 121 
96 128 
97 99 
97 100 
97 114 
97 116 
97 118 
98 104 
98 105 
98 107 
98 114 
98 117 
98 118 
98 120 
98 121 
98 126 
99 102 
99 109 
99 113 
99 118 
99 119 
99 120 
99 121 
99 122 
100 104 
100 105 
100 106 
100 120 
100 127 
101 116 
101 120 
101 123 
102 105 
102 106 
102 108 
102 111 
102 119 
102 120 
102 122 
102 123 
103 105 
103 111 
103 112 
103 115 
103 117 
103 120 
103 124 
103 127 
103 128 
104 118 
104 123 
104 124 
104 127 
105 110 
105 111 
105 113 
105 115 
105 118 
105 126 
106 111 
106 113 
107 110 
107 121 
107 123 
107 124 
108 111 
108 120 
108 127 
108 128 
109 110 
109 114 
109 117 
109 118 
110 111 
110 115 
110 116 
110 126 
111 112 
111 114 
111 117 
111 118 
111 119 
111 122 
111 127 
112 114 
112 116 
112 126 
113 114 
113 119 
113 120 
113 123 
113 126 
114 118 
114 119 
114 124 
114 126 
115 120 
116 122 
116 124 
117 118 
117 119 
117 125 
118 124 
120 124 
120 127 
121 122 
122 127 
123 127 
124 128 
125 126 
