128 2529
1
2
3
4
5
6
7
8
9
10
11
12
13
14
15
16
17
18
19
20
21
22
23
24
25
26
27
28
29
30
31
32
33
34
35
36
37
38
39
40
41
42
43
44
45
46
47
48
49
50
51
52
53
54
55
56
57
58
59
60
61
62
63
64
65
66
67
68
69
70
71
72
73
74
75
76
77
78
79
80
81
82
83
84
85
86
87
88
89
90
91
92
93
94
95
96
97
98
99
100
101
102
103
104
105
106
107
108
109
110
111
112
113
114
115
116
117
118
119
120
121
122
123
124
125
126
127
128
1 8 
1 10 
1 11 
1 12 
1 13 
1 20 
1 26 
1 30 
1 32 
1 33 
1 35 
1 38 
1 41 
1 43 
1 45 
1 50 
1 54 
1 60 
1 63 
1 67 
1 69 
1 71 
1 75 
1 77 
1 80 
1 83 
1 85 
1 86 
1 88 
1 90 
1 96 
1 97 
1 98 
1 100 
1 103 
1 115 
1 121 
1 122 
1 123 
1 124 
2 6 
2 13 
2 14 
2 15 
2 16 
2 19 
2 23 
2 24 
2 26 
2 28 
2 31 
2 32 
2 34 
2 35 
2 47 
2 54 
2 55 
2 58 
2 60 
2 62 
2 68 
2 69 
2 70 
2 76 
2 82 
2 86 
2 92 
2 101 
2 104 
2 110 
2 116 
2 117 
2 119 
2 121 
2 125 
2 126 
3 5 
3 6 
3 11 
3 13 
3 16 
3 17 
3 18 
3 19 
3 23 
3 24 
3 25 
3 32 
3 34 
3 40 
3 44 
3 51 
3 63 
3 64 
3 65 
3 66 
3 71 
3 72 
3 75 
3 76 
3 77 
3 81 
3 86 
3 97 
3 112 
3 113 
3 118 
3 120 
3 122 
3 123 
3 124 
3 126 
4 6 
4 11 
4 12 
4 13 
4 17 
4 18 
4 21 
4 22 
4 23 
4 30 
4 31 
4 40 
4 42 
4 60 
4 62 
4 67 
4 68 
4 72 
4 78 
4 82 
4 85 
4 90 
4 93 
4 96 
4 98 
4 102 
4 103 
4 104 
4 108 
4 113 
4 115 
4 118 
4 120 
4 122 
4 124 
4 125 
4 127 
5 7 
5 8 
5 16 
5 19 
5 20 
5 22 
5 34 
5 36 
5 39 
5 43 
5 45 
5 47 
5 48 
5 59 
5 63 
5 71 
5 72 
5 73 
5 75 
5 77 
5 79 
5 80 
5 86 
5 88 
5 89 
5 90 
5 91 
5 94 
5 96 
5 100 
5 106 
5 116 
5 126 
6 8 
6 11 
6 16 
6 17 
6 18 
6 19 
6 25 
6 30 
6 33 
6 34 
6 36 
6 37 
6 38 
6 41 
6 46 
6 48 
6 50 
6 52 
6 56 
6 59 
6 60 
6 61 
6 62 
6 68 
6 72 
6 73 
6 76 
6 79 
6 80 
6 82 
6 85 
6 89 
6 92 
6 94 
6 98 
6 106 
6 109 
6 111 
6 115 
6 122 
6 123 
7 8 
7 9 
7 11 
7 14 
7 15 
7 23 
7 28 
7 30 
7 37 
7 40 
7 51 
7 55 
7 56 
7 59 
7 68 
7 70 
7 75 
7 79 
7 90 
7 93 
7 101 
7 103 
7 110 
7 114 
7 116 
7 117 
7 121 
7 122 
7 123 
8 9 
8 16 
8 19 
8 20 
8 27 
8 30 
8 33 
8 34 
8 35 
8 38 
8 40 
8 42 
8 43 
8 44 
8 46 
8 47 
8 48 
8 56 
8 60 
8 62 
8 63 
8 64 
8 68 
8 76 
8 78 
8 79 
8 82 
8 83 
8 85 
8 86 
8 90 
8 96 
8 98 
8 102 
8 105 
8 108 
8 111 
8 113 
8 115 
8 116 
8 117 
8 119 
8 123 
8 125 
8 126 
8 127 
8 128 
9 13 
9 14 
9 15 
9 18 
9 25 
9 28 
9 29 
9 32 
9 33 
9 34 
9 36 
9 37 
9 44 
9 45 
9 46 
9 50 
9 51 
9 54 
9 56 
9 58 
9 65 
9 71 
9 74 
9 78 
9 79 
9 86 
9 88 
9 90 
9 94 
9 100 
9 101 
9 102 
9 107 
9 112 
9 113 
9 116 
9 126 
10 12 
10 13 
10 17 
10 21 
10 22 
10 24 
10 27 
10 35 
10 36 
10 37 
10 46 
10 54 
10 55 
10 57 
10 59 
10 66 
10 69 
10 72 
10 78 
10 80 
10 81 
10 82 
10 83 
10 86 
10 88 
10 89 
10 92 
10 94 
10 107 
10 109 
10 114 
10 120 
10 126 
11 13 
11 16 
11 18 
11 31 
11 32 
11 33 
11 38 
11 40 
11 43 
11 44 
11 52 
11 54 
11 62 
11 72 
11 75 
11 78 
11 88 
11 98 
11 99 
11 103 
11 104 
11 106 
11 112 
11 115 
11 116 
11 117 
11 118 
11 126 
12 18 
12 25 
12 26 
12 33 
12 34 
12 43 
12 45 
12 48 
12 52 
12 59 
12 60 
12 62 
12 68 
12 69 
12 78 
12 82 
12 85 
12 87 
12 88 
12 91 
12 94 
12 98 
12 101 
12 113 
12 121 
12 128 
13 15 
13 21 
13 22 
13 23 
13 24 
13 25 
13 28 
13 29 
13 33 
13 36 
13 37 
13 45 
13 46 
13 51 
13 52 
13 56 
13 58 
13 62 
13 63 
13 68 
13 69 
13 72 
13 73 
13 81 
13 83 
13 86 
13 88 
13 89 
13 90 
13 95 
13 96 
13 102 
13 107 
13 111 
13 116 
13 118 
13 125 
13 126 
13 127 
14 15 
14 17 
14 30 
14 36 
14 37 
14 39 
14 45 
14 50 
14 51 
14 53 
14 58 
14 59 
14 60 
14 65 
14 66 
14 71 
14 72 
14 74 
14 80 
14 81 
14 82 
14 86 
14 88 
14 89 
14 91 
14 93 
14 94 
14 95 
14 100 
14 102 
14 103 
14 104 
14 108 
14 109 
14 114 
14 116 
14 126 
14 128 
15 17 
15 22 
15 23 
15 45 
15 55 
15 56 
15 60 
15 61 
15 63 
15 64 
15 65 
15 67 
15 69 
15 71 
15 75 
15 80 
15 82 
15 85 
15 87 
15 88 
15 98 
15 101 
15 102 
15 103 
15 107 
15 111 
15 115 
15 117 
15 121 
15 122 
15 125 
15 126 
15 128 
16 21 
16 23 
16 28 
16 33 
16 34 
16 37 
16 39 
16 40 
16 43 
16 44 
16 49 
16 50 
16 52 
16 53 
16 55 
16 58 
16 60 
16 61 
16 64 
16 67 
16 69 
16 72 
16 74 
16 75 
16 78 
16 79 
16 80 
16 83 
16 85 
16 86 
16 99 
16 103 
16 113 
16 116 
16 118 
16 123 
16 124 
16 125 
16 128 
17 18 
17 21 
17 22 
17 29 
17 32 
17 38 
17 39 
17 57 
17 61 
17 62 
17 65 
17 67 
17 68 
17 69 
17 75 
17 77 
17 83 
17 84 
17 85 
17 89 
17 90 
17 98 
17 101 
17 107 
17 108 
17 110 
17 113 
17 114 
17 127 
18 19 
18 20 
18 24 
18 25 
18 29 
18 31 
18 32 
18 35 
18 39 
18 40 
18 45 
18 52 
18 54 
18 58 
18 60 
18 62 
18 64 
18 65 
18 66 
18 67 
18 70 
18 71 
18 73 
18 74 
18 78 
18 80 
18 83 
18 85 
18 86 
18 90 
18 94 
18 95 
18 103 
18 104 
18 105 
18 110 
18 111 
18 112 
18 119 
18 120 
18 122 
18 125 
18 126 
19 22 
19 26 
19 27 
19 28 
19 29 
19 30 
19 31 
19 32 
19 34 
19 39 
19 40 
19 44 
19 46 
19 47 
19 48 
19 49 
19 52 
19 53 
19 54 
19 57 
19 61 
19 69 
19 74 
19 79 
19 80 
19 82 
19 83 
19 84 
19 91 
19 95 
19 98 
19 99 
19 106 
19 108 
19 110 
19 112 
19 114 
19 119 
19 123 
20 23 
20 25 
20 26 
20 27 
20 38 
20 48 
20 55 
20 56 
20 57 
20 59 
20 63 
20 68 
20 78 
20 79 
20 84 
20 90 
20 91 
20 96 
20 98 
20 99 
20 100 
20 104 
20 105 
20 108 
20 111 
20 112 
20 118 
20 120 
20 126 
20 127 
21 25 
21 28 
21 31 
21 36 
21 39 
21 44 
21 45 
21 56 
21 59 
21 63 
21 67 
21 68 
21 72 
21 73 
21 75 
21 79 
21 80 
21 81 
21 83 
21 85 
21 86 
21 87 
21 91 
21 92 
21 93 
21 95 
21 103 
21 104 
21 106 
21 110 
21 114 
21 121 
22 23 
22 25 
22 28 
22 30 
22 32 
22 36 
22 37 
22 38 
22 41 
22 47 
22 48 
22 50 
22 51 
22 53 
22 61 
22 63 
22 65 
22 69 
22 71 
22 72 
22 73 
22 80 
22 82 
22 86 
22 87 
22 91 
22 92 
22 94 
22 96 
22 97 
22 100 
22 104 
22 105 
22 108 
22 115 
22 116 
22 117 
23 24 
23 31 
23 32 
23 34 
23 35 
23 39 
23 40 
23 42 
23 43 
23 49 
23 53 
23 62 
23 63 
23 64 
23 65 
23 66 
23 68 
23 69 
23 70 
23 71 
23 73 
23 77 
23 79 
23 94 
23 95 
23 100 
23 104 
23 105 
23 107 
23 108 
23 109 
23 110 
23 112 
23 113 
23 114 
23 118 
23 120 
23 127 
24 28 
24 29 
24 30 
24 31 
24 32 
24 34 
24 39 
24 40 
24 45 
24 48 
24 58 
24 60 
24 62 
24 64 
24 71 
24 85 
24 92 
24 93 
24 94 
24 96 
24 104 
24 105 
24 107 
24 123 
24 125 
24 128 
25 30 
25 37 
25 39 
25 40 
25 42 
25 46 
25 50 
25 56 
25 60 
25 68 
25 73 
25 77 
25 78 
25 80 
25 81 
25 84 
25 88 
25 94 
25 99 
25 102 
25 104 
25 106 
25 109 
25 113 
25 116 
25 117 
25 119 
25 121 
25 123 
25 125 
26 27 
26 33 
26 34 
26 39 
26 41 
26 42 
26 43 
26 44 
26 46 
26 47 
26 53 
26 61 
26 63 
26 67 
26 70 
26 72 
26 75 
26 76 
26 77 
26 79 
26 83 
26 84 
26 89 
26 92 
26 93 
26 101 
26 102 
26 104 
26 107 
26 108 
26 109 
26 114 
26 116 
26 117 
26 118 
26 122 
26 124 
26 126 
26 127 
27 30 
27 31 
27 37 
27 39 
27 40 
27 41 
27 43 
27 48 
27 49 
27 50 
27 56 
27 57 
27 58 
27 64 
27 68 
27 77 
27 80 
27 81 
27 83 
27 87 
27 92 
27 93 
27 95 
27 97 
27 99 
27 100 
27 104 
27 106 
27 109 
27 112 
27 115 
27 124 
27 127 
27 128 
28 29 
28 36 
28 40 
28 42 
28 44 
28 47 
28 49 
28 53 
28 54 
28 56 
28 57 
28 59 
28 61 
28 63 
28 64 
28 69 
28 71 
28 73 
28 75 
28 87 
28 89 
28 91 
28 92 
28 100 
28 108 
28 110 
28 111 
28 112 
28 113 
28 114 
28 117 
28 120 
28 123 
28 125 
29 30 
29 32 
29 37 
29 38 
29 39 
29 45 
29 46 
29 56 
29 59 
29 60 
29 62 
29 63 
29 69 
29 74 
29 82 
29 85 
29 94 
29 97 
29 99 
29 100 
29 101 
29 104 
29 108 
29 117 
29 118 
29 127 
29 128 
30 34 
30 46 
30 49 
30 50 
30 53 
30 56 
30 60 
30 64 
30 69 
30 70 
30 72 
30 73 
30 75 
30 77 
30 80 
30 82 
30 87 
30 92 
30 99 
30 100 
30 102 
30 106 
30 111 
30 117 
30 119 
30 123 
30 127 
30 128 
31 32 
31 33 
31 34 
31 37 
31 40 
31 45 
31 48 
31 51 
31 52 
31 56 
31 58 
31 59 
31 61 
31 64 
31 65 
31 66 
31 67 
31 78 
31 79 
31 80 
31 81 
31 84 
31 86 
31 87 
31 92 
31 93 
31 99 
31 102 
31 104 
31 106 
31 108 
31 111 
31 116 
31 120 
31 123 
32 41 
32 42 
32 50 
32 51 
32 53 
32 55 
32 57 
32 59 
32 61 
32 63 
32 67 
32 70 
32 71 
32 77 
32 79 
32 80 
32 81 
32 94 
32 97 
32 103 
32 119 
32 121 
32 123 
32 125 
32 126 
33 38 
33 39 
33 45 
33 46 
33 49 
33 53 
33 55 
33 56 
33 61 
33 64 
33 69 
33 70 
33 77 
33 78 
33 80 
33 81 
33 82 
33 85 
33 93 
33 94 
33 96 
33 97 
33 99 
33 102 
33 105 
33 108 
33 114 
33 115 
33 119 
34 36 
34 38 
34 41 
34 44 
34 45 
34 49 
34 56 
34 57 
34 62 
34 68 
34 71 
34 73 
34 81 
34 85 
34 90 
34 96 
34 108 
34 110 
34 112 
34 113 
34 114 
34 116 
34 117 
34 121 
34 125 
34 127 
35 36 
35 37 
35 42 
35 44 
35 45 
35 49 
35 54 
35 59 
35 60 
35 61 
35 66 
35 69 
35 71 
35 73 
35 76 
35 78 
35 84 
35 90 
35 93 
35 98 
35 99 
35 106 
35 111 
35 113 
35 118 
35 120 
35 126 
36 37 
36 39 
36 40 
36 41 
36 45 
36 46 
36 47 
36 51 
36 53 
36 54 
36 55 
36 58 
36 66 
36 72 
36 74 
36 77 
36 82 
36 84 
36 86 
36 92 
36 106 
36 107 
36 114 
36 115 
36 119 
36 123 
36 127 
36 128 
37 40 
37 44 
37 45 
37 50 
37 56 
37 59 
37 65 
37 66 
37 68 
37 69 
37 71 
37 73 
37 79 
37 81 
37 84 
37 91 
37 93 
37 94 
37 96 
37 98 
37 99 
37 100 
37 108 
37 113 
37 119 
37 121 
37 126 
38 39 
38 41 
38 42 
38 45 
38 52 
38 53 
38 55 
38 62 
38 64 
38 66 
38 67 
38 71 
38 75 
38 77 
38 81 
38 87 
38 91 
38 93 
38 105 
38 106 
38 111 
38 120 
38 121 
38 122 
38 123 
38 126 
38 128 
39 42 
39 43 
39 48 
39 50 
39 53 
39 57 
39 60 
39 61 
39 62 
39 64 
39 68 
39 70 
39 71 
39 74 
39 75 
39 76 
39 81 
39 82 
39 87 
39 91 
39 95 
39 99 
39 101 
39 104 
39 106 
39 109 
39 110 
39 112 
39 115 
39 117 
39 118 
39 120 
39 121 
39 127 
40 45 
40 46 
40 48 
40 49 
40 50 
40 51 
40 52 
40 57 
40 59 
40 60 
40 61 
40 63 
40 64 
40 71 
40 72 
40 77 
40 87 
40 90 
40 92 
40 93 
40 95 
40 98 
40 99 
40 100 
40 101 
40 109 
40 112 
40 113 
40 122 
40 124 
40 126 
41 46 
41 52 
41 55 
41 57 
41 62 
41 63 
41 67 
41 69 
41 74 
41 75 
41 78 
41 79 
41 80 
41 82 
41 84 
41 92 
41 101 
41 104 
41 110 
41 111 
41 113 
41 121 
41 123 
42 45 
42 48 
42 50 
42 53 
42 58 
42 62 
42 65 
42 66 
42 81 
42 89 
42 92 
42 99 
42 101 
42 103 
42 104 
42 106 
42 107 
42 108 
42 116 
42 119 
42 120 
42 121 
42 122 
42 124 
43 44 
43 50 
43 51 
43 62 
43 63 
43 71 
43 78 
43 79 
43 80 
43 88 
43 90 
43 91 
43 92 
43 95 
43 97 
43 98 
43 100 
43 102 
43 103 
43 111 
43 118 
43 122 
43 123 
43 128 
44 46 
44 48 
44 50 
44 52 
44 57 
44 58 
44 61 
44 62 
44 64 
44 65 
44 68 
44 72 
44 73 
44 75 
44 77 
44 78 
44 80 
44 82 
44 87 
44 91 
44 96 
44 100 
44 101 
44 102 
44 106 
44 111 
44 114 
44 116 
44 118 
44 122 
44 124 
44 127 
44 128 
45 46 
45 47 
45 53 
45 55 
45 58 
45 66 
45 67 
45 71 
45 74 
45 75 
45 80 
45 82 
45 83 
45 84 
45 85 
45 88 
45 89 
45 91 
45 94 
45 96 
45 102 
45 105 
45 106 
45 113 
45 117 
45 118 
45 120 
46 47 
46 49 
46 50 
46 58 
46 61 
46 67 
46 68 
46 73 
46 79 
46 80 
46 88 
46 89 
46 90 
46 92 
46 95 
46 96 
46 97 
46 99 
46 109 
46 111 
46 112 
46 118 
46 121 
46 122 
46 123 
46 126 
47 50 
47 56 
47 62 
47 64 
47 68 
47 72 
47 75 
47 76 
47 79 
47 81 
47 83 
47 95 
47 98 
47 101 
47 115 
47 116 
47 118 
47 121 
47 128 
48 50 
48 52 
48 57 
48 58 
48 59 
48 61 
48 62 
48 65 
48 67 
48 69 
48 70 
48 76 
48 77 
48 86 
48 89 
48 90 
48 91 
48 92 
48 95 
48 99 
48 102 
48 111 
48 115 
48 116 
48 117 
48 120 
48 123 
48 126 
49 50 
49 54 
49 55 
49 56 
49 61 
49 63 
49 65 
49 70 
49 71 
49 75 
49 77 
49 78 
49 79 
49 83 
49 85 
49 87 
49 88 
49 90 
49 96 
49 98 
49 104 
49 108 
49 110 
49 111 
49 112 
49 113 
49 115 
49 116 
49 121 
49 124 
49 125 
49 127 
50 51 
50 53 
50 56 
50 64 
50 66 
50 69 
50 71 
50 76 
50 78 
50 87 
50 94 
50 96 
50 99 
50 104 
50 109 
50 110 
50 112 
50 116 
50 118 
50 119 
50 120 
50 122 
51 53 
51 54 
51 65 
51 73 
51 76 
51 78 
51 84 
51 87 
51 90 
51 91 
51 93 
51 94 
51 98 
51 99 
51 100 
51 107 
51 109 
51 111 
51 113 
51 114 
51 115 
51 118 
51 126 
51 128 
52 58 
52 68 
52 71 
52 75 
52 76 
52 77 
52 80 
52 86 
52 87 
52 90 
52 92 
52 102 
52 104 
52 105 
52 114 
52 119 
52 122 
52 126 
52 127 
53 54 
53 59 
53 60 
53 64 
53 65 
53 66 
53 68 
53 75 
53 77 
53 78 
53 80 
53 83 
53 87 
53 91 
53 97 
53 99 
53 101 
53 104 
53 105 
53 108 
53 113 
53 116 
53 119 
53 120 
53 121 
53 124 
53 126 
54 56 
54 68 
54 69 
54 73 
54 77 
54 78 
54 92 
54 95 
54 100 
54 105 
54 116 
54 119 
54 121 
54 122 
54 123 
54 124 
54 125 
55 57 
55 58 
55 70 
55 71 
55 72 
55 74 
55 76 
55 77 
55 78 
55 82 
55 83 
55 90 
55 91 
55 92 
55 94 
55 95 
55 99 
55 102 
55 110 
55 111 
55 112 
55 115 
55 117 
55 118 
55 127 
56 57 
56 60 
56 61 
56 65 
56 66 
56 67 
56 70 
56 71 
56 73 
56 74 
56 75 
56 78 
56 82 
56 84 
56 86 
56 88 
56 91 
56 92 
56 95 
56 96 
56 103 
56 110 
56 125 
56 126 
56 127 
57 58 
57 63 
57 65 
57 66 
57 67 
57 69 
57 75 
57 77 
57 78 
57 79 
57 81 
57 85 
57 90 
57 92 
57 97 
57 100 
57 102 
57 107 
57 108 
57 109 
57 117 
57 119 
57 120 
57 121 
57 122 
57 125 
57 126 
58 65 
58 67 
58 70 
58 71 
58 72 
58 75 
58 87 
58 94 
58 95 
58 97 
58 103 
58 105 
58 110 
58 111 
58 122 
58 123 
58 124 
58 127 
59 62 
59 71 
59 73 
59 76 
59 82 
59 86 
59 89 
59 91 
59 92 
59 93 
59 97 
59 100 
59 102 
59 103 
59 104 
59 105 
59 107 
59 113 
59 117 
59 119 
59 128 
60 61 
60 62 
60 63 
60 64 
60 66 
60 68 
60 69 
60 73 
60 77 
60 82 
60 83 
60 85 
60 86 
60 90 
60 95 
60 97 
60 99 
60 100 
60 102 
60 104 
60 108 
60 119 
60 120 
60 122 
61 72 
61 73 
61 76 
61 77 
61 79 
61 82 
61 87 
61 90 
61 92 
61 95 
61 97 
61 109 
61 110 
61 114 
61 115 
61 116 
61 118 
61 120 
61 121 
61 123 
61 124 
62 66 
62 68 
62 70 
62 74 
62 80 
62 81 
62 83 
62 85 
62 86 
62 88 
62 90 
62 93 
62 94 
62 104 
62 106 
62 113 
62 116 
62 119 
62 120 
62 123 
62 125 
63 70 
63 71 
63 73 
63 78 
63 79 
63 80 
63 81 
63 82 
63 84 
63 88 
63 91 
63 92 
63 93 
63 96 
63 100 
63 110 
63 111 
63 112 
63 114 
63 118 
63 120 
63 122 
63 123 
63 128 
64 65 
64 73 
64 76 
64 79 
64 82 
64 92 
64 94 
64 95 
64 100 
64 102 
64 104 
64 106 
64 108 
64 109 
64 110 
64 111 
64 112 
64 118 
64 120 
64 121 
64 122 
64 124 
65 69 
65 74 
65 76 
65 81 
65 91 
65 92 
65 97 
65 98 
65 99 
65 100 
65 103 
65 105 
65 108 
65 110 
65 118 
65 121 
65 124 
65 126 
65 127 
66 70 
66 74 
66 78 
66 79 
66 81 
66 89 
66 93 
66 102 
66 107 
66 112 
66 114 
66 115 
66 116 
66 121 
66 122 
66 123 
66 127 
67 70 
67 72 
67 73 
67 74 
67 75 
67 79 
67 80 
67 83 
67 84 
67 87 
67 89 
67 90 
67 91 
67 92 
67 93 
67 94 
67 95 
67 97 
67 98 
67 101 
67 105 
67 107 
67 109 
67 110 
67 112 
67 113 
67 118 
67 119 
67 121 
67 123 
67 126 
67 127 
68 71 
68 74 
68 75 
68 77 
68 80 
68 82 
68 83 
68 87 
68 91 
68 96 
68 97 
68 98 
68 99 
68 101 
68 102 
68 108 
68 110 
68 111 
68 114 
68 115 
68 121 
68 123 
68 127 
68 128 
69 75 
69 86 
69 87 
69 91 
69 93 
69 96 
69 98 
69 100 
69 102 
69 103 
69 110 
69 112 
69 119 
69 120 
69 123 
69 125 
69 126 
69 127 
70 87 
70 91 
70 92 
70 93 
70 108 
70 111 
70 114 
70 115 
70 116 
70 119 
70 124 
70 126 
71 72 
71 76 
71 81 
71 82 
71 85 
71 86 
71 89 
71 92 
71 93 
71 95 
71 100 
71 101 
71 103 
71 108 
71 109 
71 116 
71 119 
71 120 
71 121 
71 122 
71 123 
71 125 
72 77 
72 81 
72 82 
72 86 
72 87 
72 92 
72 98 
72 99 
72 106 
72 111 
72 113 
72 116 
72 121 
72 122 
73 74 
73 75 
73 78 
73 83 
73 84 
73 85 
73 88 
73 90 
73 92 
73 93 
73 97 
73 102 
73 108 
73 110 
73 112 
73 116 
73 122 
74 76 
74 80 
74 88 
74 89 
74 90 
74 93 
74 100 
74 101 
74 105 
74 114 
74 115 
74 117 
74 121 
74 123 
75 76 
75 80 
75 85 
75 88 
75 94 
75 100 
75 115 
75 121 
75 124 
75 125 
76 77 
76 79 
76 80 
76 83 
76 84 
76 86 
76 87 
76 94 
76 110 
76 117 
76 121 
76 128 
77 80 
77 84 
77 86 
77 99 
77 101 
77 104 
77 105 
77 112 
77 113 
77 115 
77 118 
77 119 
77 121 
77 125 
78 80 
78 83 
78 85 
78 86 
78 90 
78 92 
78 93 
78 97 
78 98 
78 102 
78 107 
78 115 
78 119 
78 121 
79 81 
79 86 
79 87 
79 88 
79 90 
79 94 
79 96 
79 97 
79 110 
79 111 
79 112 
79 116 
79 117 
79 119 
79 120 
79 123 
79 124 
80 81 
80 83 
80 93 
80 94 
80 95 
80 105 
80 108 
80 109 
80 110 
80 117 
80 119 
80 125 
80 126 
80 127 
81 85 
81 92 
81 93 
81 96 
81 99 
81 100 
81 103 
81 107 
81 109 
81 111 
81 114 
81 121 
81 122 
81 125 
81 126 
81 127 
82 92 
82 95 
82 97 
82 99 
82 101 
82 102 
82 103 
82 104 
82 109 
82 110 
82 111 
82 116 
82 118 
82 119 
82 120 
82 124 
82 127 
82 128 
83 87 
83 91 
83 93 
83 98 
83 100 
83 105 
83 107 
83 110 
83 112 
83 113 
83 121 
83 122 
83 123 
83 126 
83 127 
84 86 
84 87 
84 88 
84 89 
84 90 
84 91 
84 98 
84 107 
84 108 
84 117 
84 119 
84 123 
84 125 
84 127 
85 89 
85 95 
85 96 
85 97 
85 99 
85 100 
85 102 
85 103 
85 104 
85 105 
85 108 
85 111 
85 113 
85 114 
85 115 
85 116 
85 117 
85 120 
85 124 
86 101 
86 102 
86 108 
86 112 
86 114 
86 118 
86 119 
86 125 
86 128 
87 91 
87 96 
87 99 
87 102 
87 104 
87 105 
87 110 
87 115 
87 118 
87 119 
87 121 
87 127 
87 128 
88 100 
88 105 
88 107 
88 109 
88 112 
88 120 
88 124 
88 127 
89 90 
89 91 
89 92 
89 93 
89 94 
89 97 
89 101 
89 103 
89 108 
89 111 
89 112 
89 115 
89 116 
89 117 
89 118 
89 120 
89 121 
89 123 
89 124 
89 125 
89 126 
90 92 
90 94 
90 96 
90 99 
90 104 
90 107 
90 111 
90 115 
90 116 
90 119 
90 124 
90 125 
90 127 
91 93 
91 94 
91 99 
91 102 
91 107 
91 109 
91 112 
91 113 
91 116 
91 118 
91 125 
91 126 
92 94 
92 99 
92 100 
92 103 
92 105 
92 106 
92 114 
92 115 
92 118 
92 123 
92 124 
93 95 
93 100 
93 107 
93 108 
93 116 
93 125 
94 108 
94 110 
94 116 
94 123 
94 124 
94 125 
95 102 
95 105 
95 108 
95 111 
95 112 
95 117 
95 119 
95 121 
95 127 
96 97 
96 98 
96 102 
96 106 
96 107 
96 113 
96 114 
96 116 
96 118 
96 119 
96 121 
96 122 
96 124 
96 125 
97 101 
97 106 
97 107 
97 109 
97 113 
97 114 
97 118 
97 123 
98 104 
98 109 
98 112 
98 116 
98 120 
98 121 
98 122 
98 123 
98 127 
99 106 
99 111 
99 113 
99 122 
99 123 
99 127 
100 101 
100 103 
100 108 
100 112 
100 117 
100 118 
100 119 
100 121 
101 103 
101 104 
101 105 
101 106 
101 112 
101 113 
101 116 
101 118 
101 121 
101 124 
102 103 
102 106 
102 114 
102 117 
102 118 
102 119 
102 121 
102 124 
102 127 
103 106 
103 108 
103 109 
103 110 
103 112 
103 115 
103 121 
103 122 
103 123 
103 127 
104 106 
104 107 
104 108 
104 111 
104 114 
104 115 
104 119 
104 121 
104 122 
104 124 
104 125 
105 112 
105 113 
105 114 
105 116 
105 119 
105 120 
105 126 
105 127 
105 128 
106 109 
106 111 
106 116 
106 117 
106 125 
107 113 
107 114 
107 116 
107 122 
107 127 
108 110 
108 112 
108 113 
108 117 
108 118 
108 120 
108 123 
109 110 
109 111 
109 115 
109 120 
109 121 
109 124 
109 126 
110 115 
110 118 
110 121 
110 123 
110 126 
111 112 
111 115 
111 116 
111 121 
111 123 
111 124 
111 127 
112 119 
112 122 
112 125 
112 127 
113 118 
113 120 
113 122 
113 123 
113 127 
114 122 
114 124 
114 128 
115 121 
115 122 
115 123 
115 124 
115 126 
116 122 
116 124 
116 125 
117 118 
117 121 
117 122 
117 123 
117 124 
117 128 
118 119 
119 122 
119 125 
119 127 
120 122 
120 125 
120 127 
121 124 
121 126 
121 128 
122 125 
122 126 
124 126 
