128 3128
1
2
3
4
5
6
7
8
9
10
11
12
13
14
15
16
17
18
19
20
21
22
23
24
25
26
27
28
29
30
31
32
33
34
35
36
37
38
39
40
41
42
43
44
45
46
47
48
49
50
51
52
53
54
55
56
57
58
59
60
61
62
63
64
65
66
67
68
69
70
71
72
73
74
75
76
77
78
79
80
81
82
83
84
85
86
87
88
89
90
91
92
93
94
95
96
97
98
99
100
101
102
103
104
105
106
107
108
109
110
111
112
113
114
115
116
117
118
119
120
121
122
123
124
125
126
127
128
1 3 
1 4 
1 11 
1 14 
1 17 
1 18 
1 19 
1 21 
1 23 
1 26 
1 27 
1 28 
1 35 
1 38 
1 40 
1 42 
1 50 
1 53 
1 56 
1 58 
1 61 
1 63 
1 64 
1 70 
1 72 
1 75 
1 77 
1 83 
1 86 
1 89 
1 93 
1 96 
1 97 
1 98 
1 99 
1 101 
1 102 
1 104 
1 109 
1 110 
1 113 
1 117 
1 118 
1 119 
1 120 
1 122 
1 125 
1 128 
2 8 
2 10 
2 11 
2 12 
2 14 
2 17 
2 24 
2 26 
2 28 
2 30 
2 31 
2 36 
2 38 
2 40 
2 47 
2 48 
2 49 
2 53 
2 54 
2 61 
2 62 
2 63 
2 64 
2 68 
2 70 
2 71 
2 73 
2 75 
2 78 
2 84 
2 86 
2 89 
2 90 
2 93 
2 94 
2 95 
2 98 
2 99 
2 104 
2 106 
2 107 
2 114 
2 119 
2 120 
2 121 
2 123 
2 124 
2 125 
2 126 
3 11 
3 14 
3 15 
3 16 
3 17 
3 19 
3 20 
3 22 
3 24 
3 26 
3 29 
3 31 
3 34 
3 46 
3 48 
3 51 
3 56 
3 60 
3 73 
3 79 
3 80 
3 81 
3 84 
3 88 
3 92 
3 94 
3 95 
3 96 
3 98 
3 102 
3 103 
3 107 
3 114 
3 119 
3 120 
3 122 
3 126 
4 5 
4 8 
4 9 
4 11 
4 13 
4 15 
4 16 
4 17 
4 18 
4 19 
4 20 
4 23 
4 26 
4 27 
4 29 
4 33 
4 35 
4 37 
4 40 
4 45 
4 49 
4 50 
4 52 
4 56 
4 58 
4 62 
4 63 
4 67 
4 69 
4 72 
4 74 
4 77 
4 87 
4 88 
4 89 
4 91 
4 92 
4 94 
4 104 
4 105 
4 106 
4 107 
4 111 
4 113 
4 116 
4 117 
4 119 
4 126 
5 7 
5 10 
5 11 
5 13 
5 16 
5 19 
5 20 
5 28 
5 33 
5 35 
5 37 
5 39 
5 40 
5 43 
5 49 
5 52 
5 53 
5 55 
5 56 
5 59 
5 71 
5 72 
5 75 
5 77 
5 78 
5 79 
5 81 
5 84 
5 85 
5 86 
5 88 
5 89 
5 90 
5 95 
5 97 
5 99 
5 100 
5 101 
5 102 
5 106 
5 110 
5 113 
5 116 
5 121 
5 126 
5 127 
6 10 
6 11 
6 13 
6 14 
6 17 
6 19 
6 22 
6 23 
6 24 
6 27 
6 29 
6 30 
6 33 
6 34 
6 35 
6 38 
6 40 
6 42 
6 44 
6 49 
6 51 
6 53 
6 54 
6 57 
6 58 
6 59 
6 61 
6 62 
6 64 
6 66 
6 68 
6 72 
6 75 
6 76 
6 77 
6 86 
6 89 
6 91 
6 92 
6 94 
6 98 
6 99 
6 101 
6 102 
6 105 
6 111 
6 112 
6 116 
6 117 
6 121 
6 124 
7 8 
7 9 
7 10 
7 11 
7 15 
7 16 
7 17 
7 23 
7 26 
7 27 
7 28 
7 29 
7 30 
7 31 
7 35 
7 45 
7 46 
7 49 
7 55 
7 56 
7 58 
7 61 
7 63 
7 64 
7 69 
7 70 
7 72 
7 74 
7 76 
7 78 
7 80 
7 82 
7 83 
7 85 
7 86 
7 89 
7 90 
7 94 
7 96 
7 99 
7 101 
7 102 
7 105 
7 107 
7 108 
7 111 
7 112 
7 117 
7 120 
7 121 
7 124 
7 127 
8 10 
8 12 
8 19 
8 22 
8 23 
8 25 
8 26 
8 27 
8 32 
8 41 
8 45 
8 50 
8 55 
8 56 
8 57 
8 59 
8 64 
8 68 
8 69 
8 72 
8 75 
8 76 
8 77 
8 82 
8 86 
8 87 
8 88 
8 96 
8 97 
8 98 
8 99 
8 101 
8 104 
8 106 
8 110 
8 111 
8 112 
8 114 
8 116 
8 117 
8 122 
8 125 
8 128 
9 11 
9 22 
9 24 
9 26 
9 28 
9 29 
9 30 
9 31 
9 35 
9 39 
9 42 
9 47 
9 49 
9 59 
9 60 
9 61 
9 64 
9 66 
9 67 
9 75 
9 79 
9 84 
9 85 
9 89 
9 90 
9 93 
9 98 
9 99 
9 100 
9 104 
9 105 
9 106 
9 107 
9 109 
9 110 
9 112 
9 114 
9 116 
9 122 
9 125 
9 126 
10 11 
10 14 
10 15 
10 23 
10 24 
10 25 
10 26 
10 28 
10 31 
10 32 
10 37 
10 39 
10 43 
10 44 
10 47 
10 48 
10 54 
10 56 
10 60 
10 64 
10 65 
10 68 
10 69 
10 70 
10 73 
10 75 
10 78 
10 79 
10 80 
10 81 
10 86 
10 88 
10 91 
10 94 
10 96 
10 101 
10 104 
10 105 
10 106 
10 117 
10 118 
10 120 
10 122 
10 124 
10 127 
11 14 
11 18 
11 21 
11 22 
11 25 
11 29 
11 30 
11 32 
11 33 
11 35 
11 36 
11 38 
11 44 
11 47 
11 49 
11 50 
11 53 
11 55 
11 64 
11 68 
11 69 
11 70 
11 79 
11 80 
11 82 
11 85 
11 86 
11 87 
11 91 
11 93 
11 97 
11 102 
11 105 
11 107 
11 109 
11 117 
11 118 
11 120 
11 123 
12 13 
12 18 
12 20 
12 22 
12 23 
12 24 
12 28 
12 30 
12 33 
12 37 
12 39 
12 41 
12 43 
12 44 
12 45 
12 48 
12 55 
12 56 
12 58 
12 60 
12 63 
12 64 
12 67 
12 69 
12 72 
12 78 
12 80 
12 81 
12 87 
12 91 
12 93 
12 95 
12 97 
12 99 
12 103 
12 104 
12 106 
12 107 
12 111 
12 112 
12 115 
12 117 
12 118 
12 119 
13 14 
13 18 
13 19 
13 20 
13 23 
13 24 
13 26 
13 27 
13 32 
13 36 
13 42 
13 45 
13 46 
13 49 
13 51 
13 59 
13 62 
13 65 
13 70 
13 76 
13 78 
13 79 
13 81 
13 82 
13 90 
13 93 
13 96 
13 97 
13 101 
13 102 
13 104 
13 112 
13 113 
13 119 
13 125 
13 128 
14 15 
14 16 
14 17 
14 18 
14 19 
14 23 
14 24 
14 26 
14 29 
14 30 
14 32 
14 34 
14 35 
14 36 
14 37 
14 41 
14 43 
14 45 
14 48 
14 54 
14 56 
14 57 
14 60 
14 61 
14 62 
14 65 
14 67 
14 69 
14 71 
14 72 
14 74 
14 75 
14 77 
14 78 
14 79 
14 81 
14 85 
14 86 
14 88 
14 92 
14 95 
14 96 
14 105 
14 106 
14 107 
14 108 
14 109 
14 112 
14 114 
14 115 
14 122 
14 124 
14 128 
15 16 
15 17 
15 18 
15 19 
15 21 
15 22 
15 23 
15 25 
15 26 
15 32 
15 33 
15 34 
15 35 
15 36 
15 39 
15 41 
15 42 
15 44 
15 45 
15 46 
15 53 
15 54 
15 55 
15 57 
15 58 
15 62 
15 63 
15 65 
15 66 
15 68 
15 69 
15 75 
15 76 
15 77 
15 79 
15 83 
15 84 
15 85 
15 86 
15 88 
15 92 
15 101 
15 103 
15 104 
15 105 
15 111 
15 112 
15 114 
15 115 
15 119 
15 120 
15 126 
16 19 
16 20 
16 23 
16 26 
16 29 
16 30 
16 34 
16 35 
16 36 
16 37 
16 43 
16 44 
16 45 
16 46 
16 53 
16 55 
16 56 
16 59 
16 66 
16 70 
16 71 
16 75 
16 77 
16 78 
16 79 
16 85 
16 90 
16 93 
16 96 
16 107 
16 109 
16 114 
16 123 
16 125 
17 19 
17 23 
17 27 
17 28 
17 31 
17 34 
17 37 
17 38 
17 44 
17 45 
17 46 
17 48 
17 49 
17 55 
17 62 
17 64 
17 65 
17 66 
17 67 
17 68 
17 71 
17 72 
17 73 
17 76 
17 80 
17 83 
17 84 
17 87 
17 89 
17 93 
17 95 
17 101 
17 104 
17 105 
17 106 
17 108 
17 109 
17 114 
17 118 
17 119 
17 120 
17 122 
17 124 
17 125 
17 127 
18 20 
18 30 
18 32 
18 40 
18 41 
18 44 
18 45 
18 46 
18 47 
18 48 
18 49 
18 53 
18 56 
18 57 
18 66 
18 69 
18 78 
18 83 
18 86 
18 90 
18 92 
18 93 
18 95 
18 97 
18 98 
18 100 
18 101 
18 102 
18 103 
18 108 
18 109 
18 113 
18 115 
18 116 
18 122 
18 123 
18 125 
18 128 
19 21 
19 25 
19 26 
19 29 
19 32 
19 33 
19 34 
19 35 
19 38 
19 40 
19 41 
19 46 
19 48 
19 49 
19 54 
19 55 
19 57 
19 66 
19 69 
19 73 
19 74 
19 77 
19 79 
19 81 
19 82 
19 83 
19 85 
19 91 
19 95 
19 96 
19 97 
19 99 
19 101 
19 103 
19 117 
19 119 
19 123 
19 127 
20 21 
20 25 
20 26 
20 27 
20 31 
20 36 
20 37 
20 38 
20 39 
20 40 
20 41 
20 47 
20 50 
20 51 
20 53 
20 54 
20 55 
20 56 
20 58 
20 60 
20 63 
20 64 
20 65 
20 67 
20 73 
20 78 
20 80 
20 82 
20 83 
20 86 
20 87 
20 91 
20 98 
20 99 
20 102 
20 106 
20 113 
20 115 
20 117 
20 118 
20 125 
21 22 
21 26 
21 29 
21 30 
21 35 
21 37 
21 41 
21 44 
21 47 
21 50 
21 51 
21 52 
21 55 
21 56 
21 61 
21 64 
21 71 
21 73 
21 76 
21 77 
21 81 
21 83 
21 87 
21 90 
21 93 
21 94 
21 95 
21 98 
21 100 
21 103 
21 104 
21 112 
21 114 
21 118 
21 119 
21 120 
22 28 
22 29 
22 34 
22 37 
22 39 
22 41 
22 42 
22 45 
22 49 
22 50 
22 53 
22 70 
22 74 
22 76 
22 77 
22 78 
22 80 
22 81 
22 82 
22 85 
22 86 
22 90 
22 94 
22 96 
22 98 
22 99 
22 103 
22 105 
22 106 
22 108 
22 109 
22 110 
22 112 
22 115 
22 118 
22 119 
22 120 
22 123 
22 126 
22 127 
22 128 
23 24 
23 29 
23 30 
23 32 
23 33 
23 34 
23 38 
23 39 
23 43 
23 44 
23 48 
23 50 
23 51 
23 55 
23 58 
23 59 
23 61 
23 63 
23 66 
23 71 
23 72 
23 73 
23 74 
23 76 
23 77 
23 78 
23 84 
23 86 
23 87 
23 88 
23 92 
23 96 
23 99 
23 102 
23 103 
23 107 
23 109 
23 112 
23 114 
23 115 
23 118 
23 122 
24 29 
24 31 
24 32 
24 34 
24 38 
24 39 
24 43 
24 46 
24 47 
24 48 
24 51 
24 56 
24 59 
24 61 
24 67 
24 70 
24 72 
24 75 
24 76 
24 77 
24 78 
24 84 
24 85 
24 86 
24 91 
24 93 
24 95 
24 96 
24 97 
24 100 
24 103 
24 105 
24 106 
24 108 
24 109 
24 111 
24 113 
24 115 
24 119 
24 122 
24 123 
24 125 
24 126 
25 26 
25 27 
25 28 
25 31 
25 32 
25 35 
25 38 
25 40 
25 42 
25 43 
25 47 
25 49 
25 51 
25 54 
25 55 
25 56 
25 57 
25 59 
25 62 
25 66 
25 68 
25 69 
25 70 
25 72 
25 82 
25 84 
25 89 
25 90 
25 91 
25 94 
25 95 
25 97 
25 98 
25 101 
25 103 
25 105 
25 106 
25 112 
25 116 
25 120 
25 121 
25 122 
25 123 
25 124 
25 125 
25 128 
26 27 
26 28 
26 32 
26 35 
26 37 
26 38 
26 39 
26 40 
26 45 
26 46 
26 48 
26 49 
26 52 
26 53 
26 55 
26 56 
26 58 
26 61 
26 65 
26 66 
26 72 
26 73 
26 74 
26 75 
26 76 
26 78 
26 80 
26 81 
26 84 
26 85 
26 86 
26 87 
26 90 
26 92 
26 93 
26 95 
26 99 
26 100 
26 105 
26 108 
26 110 
26 122 
27 30 
27 39 
27 40 
27 42 
27 46 
27 48 
27 55 
27 59 
27 62 
27 63 
27 65 
27 66 
27 68 
27 70 
27 71 
27 73 
27 74 
27 77 
27 79 
27 80 
27 85 
27 89 
27 90 
27 91 
27 96 
27 100 
27 107 
27 108 
27 109 
27 113 
27 120 
28 35 
28 42 
28 43 
28 50 
28 51 
28 54 
28 55 
28 57 
28 58 
28 59 
28 62 
28 65 
28 66 
28 67 
28 75 
28 80 
28 81 
28 82 
28 84 
28 96 
28 99 
28 101 
28 102 
28 103 
28 111 
28 112 
28 113 
28 114 
28 115 
28 116 
28 121 
28 123 
28 125 
28 126 
28 128 
29 34 
29 43 
29 45 
29 46 
29 48 
29 51 
29 53 
29 54 
29 60 
29 62 
29 65 
29 72 
29 73 
29 77 
29 78 
29 80 
29 87 
29 90 
29 92 
29 93 
29 94 
29 96 
29 98 
29 101 
29 103 
29 106 
29 107 
29 110 
29 113 
29 114 
29 115 
29 116 
29 117 
29 127 
30 32 
30 36 
30 38 
30 39 
30 40 
30 43 
30 44 
30 48 
30 62 
30 63 
30 65 
30 66 
30 71 
30 72 
30 74 
30 79 
30 80 
30 85 
30 86 
30 93 
30 98 
30 99 
30 100 
30 101 
30 102 
30 108 
30 114 
30 117 
30 118 
30 121 
30 126 
31 39 
31 44 
31 45 
31 47 
31 54 
31 56 
31 57 
31 58 
31 59 
31 61 
31 63 
31 75 
31 76 
31 77 
31 82 
31 85 
31 86 
31 88 
31 89 
31 97 
31 100 
31 102 
31 103 
31 107 
31 109 
31 113 
31 114 
31 115 
31 117 
31 119 
31 120 
31 125 
31 126 
31 128 
32 34 
32 35 
32 38 
32 47 
32 48 
32 49 
32 52 
32 53 
32 56 
32 59 
32 60 
32 61 
32 63 
32 64 
32 65 
32 68 
32 69 
32 71 
32 74 
32 75 
32 76 
32 78 
32 79 
32 88 
32 89 
32 98 
32 102 
32 105 
32 106 
32 108 
32 111 
32 113 
32 117 
32 119 
32 121 
32 123 
32 124 
32 128 
33 34 
33 35 
33 37 
33 40 
33 41 
33 42 
33 43 
33 45 
33 47 
33 52 
33 53 
33 54 
33 61 
33 64 
33 71 
33 75 
33 76 
33 81 
33 83 
33 85 
33 88 
33 92 
33 93 
33 95 
33 97 
33 101 
33 102 
33 104 
33 106 
33 107 
33 108 
33 110 
33 111 
33 114 
33 117 
33 118 
33 120 
33 122 
33 127 
34 36 
34 37 
34 41 
34 42 
34 45 
34 46 
34 48 
34 49 
34 53 
34 55 
34 58 
34 60 
34 62 
34 67 
34 69 
34 72 
34 75 
34 80 
34 86 
34 87 
34 94 
34 96 
34 98 
34 100 
34 103 
34 107 
34 113 
34 115 
34 116 
34 118 
34 121 
34 122 
34 127 
34 128 
35 36 
35 37 
35 38 
35 41 
35 45 
35 47 
35 49 
35 52 
35 53 
35 55 
35 57 
35 62 
35 64 
35 67 
35 71 
35 72 
35 73 
35 74 
35 77 
35 79 
35 81 
35 87 
35 90 
35 91 
35 96 
35 97 
35 98 
35 99 
35 103 
35 109 
35 113 
35 115 
35 117 
35 119 
35 120 
35 122 
35 126 
35 127 
35 128 
36 39 
36 41 
36 43 
36 44 
36 45 
36 47 
36 48 
36 51 
36 55 
36 56 
36 58 
36 59 
36 61 
36 62 
36 64 
36 66 
36 73 
36 75 
36 76 
36 78 
36 79 
36 80 
36 81 
36 83 
36 88 
36 89 
36 91 
36 94 
36 98 
36 101 
36 102 
36 104 
36 112 
36 115 
36 116 
36 120 
36 122 
36 123 
36 125 
36 128 
37 39 
37 43 
37 44 
37 48 
37 51 
37 52 
37 55 
37 56 
37 59 
37 60 
37 62 
37 66 
37 67 
37 69 
37 72 
37 74 
37 76 
37 81 
37 82 
37 85 
37 91 
37 93 
37 98 
37 101 
37 102 
37 106 
37 107 
37 109 
37 115 
37 117 
37 118 
37 119 
37 122 
37 123 
37 126 
37 127 
38 40 
38 43 
38 46 
38 47 
38 48 
38 49 
38 53 
38 54 
38 59 
38 60 
38 63 
38 65 
38 67 
38 68 
38 74 
38 81 
38 85 
38 88 
38 89 
38 92 
38 97 
38 98 
38 99 
38 101 
38 103 
38 105 
38 107 
38 108 
38 109 
38 112 
38 113 
38 117 
38 123 
38 127 
38 128 
39 41 
39 51 
39 52 
39 57 
39 58 
39 59 
39 62 
39 63 
39 68 
39 70 
39 76 
39 79 
39 81 
39 82 
39 84 
39 88 
39 93 
39 94 
39 102 
39 106 
39 107 
39 109 
39 110 
39 113 
39 115 
39 116 
39 119 
39 123 
39 126 
39 127 
40 41 
40 43 
40 47 
40 54 
40 55 
40 56 
40 58 
40 60 
40 62 
40 63 
40 64 
40 65 
40 67 
40 71 
40 75 
40 76 
40 77 
40 79 
40 80 
40 81 
40 82 
40 84 
40 85 
40 86 
40 88 
40 94 
40 95 
40 96 
40 97 
40 98 
40 105 
40 107 
40 108 
40 110 
40 113 
40 114 
40 120 
40 123 
40 124 
40 126 
40 127 
41 43 
41 44 
41 48 
41 51 
41 54 
41 56 
41 58 
41 59 
41 60 
41 68 
41 70 
41 82 
41 83 
41 84 
41 91 
41 92 
41 93 
41 95 
41 97 
41 102 
41 103 
41 104 
41 108 
41 112 
41 115 
41 119 
41 120 
41 122 
41 126 
41 128 
42 43 
42 45 
42 50 
42 51 
42 55 
42 57 
42 59 
42 64 
42 69 
42 73 
42 74 
42 77 
42 78 
42 79 
42 80 
42 81 
42 83 
42 84 
42 85 
42 86 
42 87 
42 90 
42 91 
42 93 
42 102 
42 105 
42 109 
42 114 
42 120 
42 124 
42 125 
42 126 
43 53 
43 57 
43 61 
43 69 
43 73 
43 74 
43 76 
43 77 
43 78 
43 80 
43 83 
43 85 
43 89 
43 92 
43 93 
43 94 
43 95 
43 97 
43 100 
43 101 
43 102 
43 104 
43 105 
43 106 
43 107 
43 108 
43 117 
43 127 
44 46 
44 47 
44 48 
44 49 
44 50 
44 51 
44 54 
44 55 
44 59 
44 62 
44 66 
44 67 
44 69 
44 70 
44 71 
44 72 
44 74 
44 76 
44 82 
44 84 
44 87 
44 88 
44 89 
44 91 
44 92 
44 93 
44 94 
44 95 
44 96 
44 97 
44 98 
44 104 
44 105 
44 107 
44 111 
44 112 
44 113 
44 115 
44 116 
44 118 
44 121 
44 124 
44 125 
45 53 
45 55 
45 61 
45 62 
45 63 
45 68 
45 74 
45 76 
45 81 
45 82 
45 83 
45 86 
45 92 
45 93 
45 99 
45 100 
45 102 
45 107 
45 108 
45 111 
45 113 
45 114 
45 116 
45 119 
45 120 
45 121 
45 124 
45 127 
45 128 
46 49 
46 52 
46 53 
46 55 
46 58 
46 60 
46 61 
46 66 
46 71 
46 76 
46 78 
46 80 
46 81 
46 83 
46 84 
46 86 
46 96 
46 99 
46 100 
46 104 
46 105 
46 106 
46 108 
46 109 
46 116 
46 117 
46 125 
46 127 
47 52 
47 57 
47 58 
47 65 
47 66 
47 69 
47 72 
47 73 
47 74 
47 76 
47 77 
47 80 
47 84 
47 89 
47 91 
47 96 
47 98 
47 100 
47 109 
47 112 
47 113 
47 114 
47 116 
47 122 
47 124 
47 127 
48 50 
48 51 
48 52 
48 53 
48 56 
48 64 
48 65 
48 67 
48 73 
48 74 
48 75 
48 77 
48 80 
48 81 
48 85 
48 86 
48 89 
48 91 
48 95 
48 96 
48 97 
48 99 
48 100 
48 104 
48 106 
48 111 
48 112 
48 113 
48 114 
48 118 
48 121 
48 124 
48 126 
49 55 
49 62 
49 63 
49 67 
49 71 
49 73 
49 79 
49 84 
49 88 
49 89 
49 92 
49 94 
49 95 
49 98 
49 99 
49 101 
49 102 
49 105 
49 106 
49 110 
49 114 
49 116 
49 122 
50 58 
50 61 
50 63 
50 68 
50 70 
50 72 
50 75 
50 77 
50 78 
50 79 
50 82 
50 85 
50 86 
50 87 
50 89 
50 91 
50 93 
50 100 
50 104 
50 107 
50 109 
50 111 
50 114 
50 116 
50 119 
50 120 
50 121 
50 122 
50 124 
50 125 
50 126 
51 53 
51 54 
51 60 
51 61 
51 62 
51 64 
51 65 
51 66 
51 67 
51 73 
51 75 
51 79 
51 80 
51 85 
51 86 
51 87 
51 88 
51 90 
51 92 
51 95 
51 97 
51 98 
51 104 
51 106 
51 107 
51 111 
51 116 
51 117 
51 123 
51 124 
51 125 
51 126 
51 128 
52 53 
52 54 
52 55 
52 62 
52 63 
52 65 
52 67 
52 68 
52 69 
52 70 
52 71 
52 75 
52 77 
52 79 
52 80 
52 81 
52 87 
52 91 
52 95 
52 96 
52 98 
52 99 
52 102 
52 106 
52 109 
52 111 
52 115 
52 116 
52 124 
52 127 
53 56 
53 58 
53 60 
53 64 
53 66 
53 67 
53 71 
53 74 
53 82 
53 84 
53 85 
53 87 
53 89 
53 90 
53 95 
53 98 
53 99 
53 100 
53 103 
53 113 
53 115 
53 116 
53 117 
53 119 
53 122 
53 123 
53 126 
53 127 
54 57 
54 62 
54 68 
54 69 
54 71 
54 76 
54 81 
54 84 
54 86 
54 88 
54 90 
54 91 
54 93 
54 95 
54 98 
54 101 
54 107 
54 108 
54 111 
54 112 
54 114 
54 118 
54 120 
54 126 
54 127 
55 57 
55 61 
55 63 
55 68 
55 69 
55 70 
55 71 
55 76 
55 78 
55 84 
55 87 
55 88 
55 93 
55 95 
55 96 
55 98 
55 102 
55 103 
55 109 
55 110 
55 112 
55 114 
55 115 
55 116 
55 120 
55 125 
55 126 
56 60 
56 64 
56 65 
56 68 
56 69 
56 70 
56 72 
56 73 
56 74 
56 78 
56 80 
56 82 
56 84 
56 86 
56 89 
56 93 
56 95 
56 99 
56 100 
56 103 
56 105 
56 107 
56 108 
56 114 
56 115 
56 119 
56 122 
56 125 
56 126 
57 58 
57 59 
57 62 
57 67 
57 69 
57 73 
57 74 
57 75 
57 77 
57 78 
57 79 
57 80 
57 81 
57 82 
57 84 
57 85 
57 87 
57 88 
57 91 
57 92 
57 94 
57 97 
57 100 
57 102 
57 106 
57 108 
57 109 
57 110 
57 113 
57 115 
57 116 
57 118 
57 121 
58 61 
58 62 
58 63 
58 65 
58 68 
58 71 
58 85 
58 86 
58 87 
58 88 
58 89 
58 91 
58 92 
58 94 
58 101 
58 104 
58 106 
58 107 
58 112 
58 113 
58 114 
58 117 
58 118 
58 120 
58 121 
58 122 
58 124 
58 125 
59 62 
59 63 
59 64 
59 66 
59 68 
59 72 
59 78 
59 80 
59 81 
59 83 
59 85 
59 88 
59 89 
59 90 
59 92 
59 93 
59 97 
59 99 
59 100 
59 101 
59 102 
59 103 
59 105 
59 106 
59 108 
59 109 
59 113 
59 114 
59 117 
59 122 
59 126 
59 128 
60 63 
60 64 
60 69 
60 70 
60 71 
60 72 
60 76 
60 81 
60 84 
60 86 
60 87 
60 90 
60 93 
60 96 
60 97 
60 100 
60 101 
60 103 
60 104 
60 105 
60 108 
60 109 
60 112 
60 113 
60 115 
60 116 
60 120 
60 121 
60 122 
60 123 
60 125 
60 126 
60 128 
61 62 
61 65 
61 67 
61 71 
61 73 
61 75 
61 79 
61 80 
61 84 
61 85 
61 87 
61 89 
61 94 
61 98 
61 103 
61 107 
61 108 
61 109 
61 110 
61 114 
61 119 
61 120 
61 123 
61 124 
61 125 
61 127 
62 63 
62 65 
62 68 
62 70 
62 74 
62 80 
62 82 
62 84 
62 85 
62 88 
62 91 
62 93 
62 97 
62 102 
62 104 
62 106 
62 107 
62 110 
62 111 
62 115 
62 119 
62 120 
62 122 
62 124 
62 125 
62 127 
62 128 
63 66 
63 67 
63 69 
63 70 
63 74 
63 85 
63 88 
63 92 
63 93 
63 96 
63 97 
63 98 
63 99 
63 103 
63 104 
63 107 
63 109 
63 116 
63 120 
63 121 
63 122 
63 125 
64 68 
64 69 
64 72 
64 73 
64 75 
64 76 
64 79 
64 80 
64 81 
64 82 
64 83 
64 84 
64 86 
64 87 
64 89 
64 91 
64 95 
64 98 
64 100 
64 103 
64 104 
64 106 
64 107 
64 116 
64 121 
64 125 
65 66 
65 67 
65 68 
65 70 
65 74 
65 75 
65 77 
65 80 
65 83 
65 84 
65 85 
65 87 
65 90 
65 92 
65 95 
65 96 
65 104 
65 107 
65 108 
65 110 
65 113 
65 120 
65 124 
65 125 
65 127 
66 68 
66 70 
66 72 
66 81 
66 82 
66 86 
66 87 
66 89 
66 94 
66 96 
66 97 
66 105 
66 106 
66 107 
66 109 
66 111 
66 112 
66 113 
66 114 
66 116 
66 120 
66 126 
67 72 
67 73 
67 78 
67 82 
67 84 
67 85 
67 86 
67 87 
67 92 
67 93 
67 95 
67 96 
67 98 
67 100 
67 103 
67 106 
67 112 
67 114 
67 116 
67 117 
67 119 
67 120 
67 122 
67 124 
67 125 
67 126 
67 127 
67 128 
68 74 
68 78 
68 83 
68 85 
68 86 
68 87 
68 91 
68 92 
68 93 
68 95 
68 96 
68 98 
68 101 
68 104 
68 107 
68 110 
68 112 
68 116 
68 117 
68 118 
68 120 
68 122 
68 124 
68 125 
68 126 
68 128 
69 70 
69 72 
69 75 
69 79 
69 88 
69 89 
69 91 
69 92 
69 95 
69 96 
69 97 
69 102 
69 105 
69 106 
69 109 
69 112 
69 114 
69 117 
69 118 
69 120 
69 122 
69 124 
69 125 
69 127 
69 128 
70 73 
70 77 
70 80 
70 84 
70 85 
70 86 
70 87 
70 88 
70 90 
70 91 
70 93 
70 102 
70 107 
70 110 
70 111 
70 112 
70 114 
70 116 
70 119 
70 121 
70 122 
70 123 
70 124 
70 125 
70 128 
71 72 
71 76 
71 78 
71 79 
71 81 
71 83 
71 85 
71 86 
71 88 
71 89 
71 91 
71 92 
71 95 
71 98 
71 100 
71 107 
71 109 
71 110 
71 114 
71 120 
71 121 
71 125 
71 126 
71 127 
72 73 
72 75 
72 76 
72 85 
72 86 
72 87 
72 90 
72 91 
72 95 
72 98 
72 101 
72 105 
72 107 
72 108 
72 109 
72 114 
72 119 
72 121 
72 123 
72 126 
72 127 
73 74 
73 75 
73 76 
73 79 
73 82 
73 83 
73 85 
73 87 
73 89 
73 90 
73 95 
73 104 
73 105 
73 106 
73 109 
73 112 
73 115 
73 116 
73 118 
73 119 
73 120 
73 122 
73 124 
73 126 
73 128 
74 75 
74 79 
74 82 
74 84 
74 87 
74 93 
74 99 
74 100 
74 106 
74 108 
74 114 
74 120 
74 121 
74 123 
74 126 
74 127 
75 90 
75 92 
75 94 
75 95 
75 96 
75 97 
75 98 
75 101 
75 103 
75 105 
75 106 
75 107 
75 110 
75 112 
75 114 
75 115 
75 118 
75 124 
76 79 
76 81 
76 82 
76 87 
76 91 
76 94 
76 95 
76 98 
76 99 
76 103 
76 106 
76 107 
76 110 
76 111 
76 114 
76 122 
77 79 
77 80 
77 81 
77 90 
77 98 
77 99 
77 100 
77 101 
77 102 
77 103 
77 107 
77 109 
77 110 
77 116 
77 118 
77 120 
77 122 
77 124 
77 126 
77 127 
78 81 
78 83 
78 84 
78 85 
78 86 
78 88 
78 90 
78 91 
78 94 
78 96 
78 100 
78 106 
78 107 
78 109 
78 110 
78 113 
78 117 
78 120 
78 126 
78 128 
79 81 
79 89 
79 90 
79 94 
79 95 
79 101 
79 102 
79 103 
79 105 
79 108 
79 110 
79 111 
79 113 
79 119 
79 121 
79 124 
79 125 
79 127 
80 81 
80 83 
80 84 
80 85 
80 87 
80 90 
80 91 
80 93 
80 94 
80 95 
80 97 
80 102 
80 104 
80 108 
80 116 
80 119 
80 123 
80 126 
80 127 
81 84 
81 86 
81 91 
81 92 
81 100 
81 101 
81 102 
81 104 
81 106 
81 109 
81 112 
81 117 
81 118 
81 121 
81 123 
81 128 
82 84 
82 85 
82 86 
82 90 
82 91 
82 94 
82 96 
82 97 
82 98 
82 107 
82 111 
82 114 
82 115 
82 117 
82 125 
82 128 
83 85 
83 86 
83 93 
83 95 
83 96 
83 97 
83 99 
83 102 
83 109 
83 112 
83 113 
83 116 
83 117 
83 118 
83 119 
83 122 
83 123 
83 124 
83 125 
84 86 
84 87 
84 88 
84 92 
84 96 
84 97 
84 101 
84 103 
84 111 
84 113 
84 117 
84 118 
84 121 
84 122 
84 125 
84 126 
85 89 
85 91 
85 92 
85 94 
85 95 
85 96 
85 97 
85 98 
85 99 
85 101 
85 103 
85 105 
85 115 
85 116 
86 90 
86 94 
86 95 
86 96 
86 98 
86 99 
86 101 
86 102 
86 108 
86 112 
86 113 
86 115 
86 116 
86 117 
86 120 
86 128 
87 88 
87 92 
87 94 
87 96 
87 98 
87 99 
87 103 
87 104 
87 106 
87 108 
87 109 
87 112 
87 116 
87 117 
87 122 
87 123 
87 128 
88 89 
88 90 
88 91 
88 95 
88 96 
88 100 
88 101 
88 108 
88 109 
88 111 
88 113 
88 114 
88 119 
88 122 
88 123 
88 125 
89 93 
89 95 
89 99 
89 101 
89 104 
89 105 
89 106 
89 107 
89 109 
89 110 
89 111 
89 116 
89 118 
89 120 
89 121 
89 127 
90 93 
90 97 
90 100 
90 101 
90 104 
90 106 
90 108 
90 116 
90 118 
90 120 
90 124 
90 125 
90 126 
90 128 
91 92 
91 95 
91 96 
91 97 
91 100 
91 102 
91 106 
91 110 
91 113 
91 116 
91 117 
91 119 
91 121 
91 123 
91 125 
91 126 
92 93 
92 95 
92 97 
92 98 
92 100 
92 103 
92 104 
92 108 
92 110 
92 113 
92 114 
92 116 
92 118 
92 119 
92 120 
92 123 
92 125 
92 126 
92 127 
92 128 
93 96 
93 103 
93 107 
93 110 
93 111 
93 113 
93 114 
93 116 
93 118 
93 119 
93 123 
93 125 
93 126 
94 96 
94 100 
94 102 
94 106 
94 107 
94 109 
94 112 
94 114 
94 120 
94 121 
94 125 
94 128 
95 98 
95 99 
95 100 
95 102 
95 103 
95 104 
95 112 
95 115 
95 120 
95 123 
95 124 
95 125 
95 127 
95 128 
96 100 
96 103 
96 105 
96 107 
96 108 
96 109 
96 111 
96 112 
96 113 
96 114 
96 115 
96 120 
96 122 
96 124 
96 125 
97 98 
97 101 
97 103 
97 106 
97 107 
97 113 
97 115 
97 118 
97 121 
97 122 
97 123 
97 124 
97 126 
97 127 
98 99 
98 101 
98 103 
98 104 
98 109 
98 116 
98 118 
98 119 
98 120 
98 122 
98 125 
98 126 
98 128 
99 101 
99 103 
99 104 
99 105 
99 106 
99 107 
99 108 
99 109 
99 113 
99 115 
99 120 
99 121 
99 122 
99 128 
100 103 
100 107 
100 112 
100 113 
100 116 
100 120 
100 121 
100 128 
101 102 
101 105 
101 110 
101 112 
101 114 
101 115 
101 116 
101 120 
101 122 
101 123 
101 124 
101 125 
101 126 
101 127 
102 104 
102 106 
102 108 
102 110 
102 112 
102 118 
102 123 
102 124 
103 107 
103 108 
103 109 
103 111 
103 117 
103 120 
103 123 
104 107 
104 109 
104 110 
104 117 
104 120 
104 121 
104 122 
104 126 
104 127 
105 108 
105 109 
105 110 
105 112 
105 114 
105 119 
105 120 
105 122 
105 124 
105 126 
106 107 
106 111 
106 115 
106 116 
106 122 
106 123 
106 124 
107 109 
107 110 
107 112 
107 117 
107 118 
107 119 
107 122 
107 123 
107 125 
107 126 
108 110 
108 114 
108 117 
108 118 
108 121 
109 110 
109 113 
109 114 
109 115 
109 118 
109 119 
109 121 
109 123 
109 124 
110 111 
110 116 
110 119 
110 120 
110 121 
110 123 
110 127 
111 113 
111 114 
111 116 
111 118 
111 119 
111 121 
111 123 
112 114 
112 115 
112 116 
112 120 
112 124 
112 125 
112 126 
112 127 
113 114 
113 116 
113 118 
113 119 
113 121 
113 122 
113 123 
113 124 
113 125 
113 126 
113 128 
114 115 
114 117 
114 119 
114 120 
114 122 
114 125 
114 128 
115 120 
115 122 
115 125 
115 127 
116 117 
116 121 
116 125 
116 126 
117 123 
117 125 
117 126 
118 120 
118 126 
118 128 
119 122 
119 128 
120 122 
120 124 
120 125 
120 127 
120 128 
121 124 
121 125 
121 128 
122 123 
122 124 
122 126 
123 128 
124 126 
124 128 
125 128 
126 128 
127 128 
