Using bound 9594
Instance with 1534 vertices and 1048800 edges
No edges = 127011
Tried aggregator 1 time.
Presolve has eliminated 2274529 rows and 0 columns...
MIP Presolve eliminated 2274529 rows and 0 columns.
MIP Presolve modified 80161 coefficients.
Reduced MIP has 78629 rows, 3068 columns, and 1609506 nonzeros.
Reduced MIP has 3068 binaries, 0 generals, 0 SOSs, and 0 indicators.
Presolve time = 219.48 sec. (59666.02 ticks)
Probing time = 0.09 sec. (7.83 ticks)
Tried aggregator 1 time.
Reduced MIP has 78629 rows, 3068 columns, and 1609506 nonzeros.
Reduced MIP has 3068 binaries, 0 generals, 0 SOSs, and 0 indicators.
Presolve time = 9.42 sec. (2164.03 ticks)
Probing time = 0.15 sec. (7.87 ticks)
Clique table members: 78627.
MIP emphasis: balance optimality and feasibility.
MIP search method: dynamic search.
Parallel mode: deterministic, using up to 8 threads.
Root relaxation solution time = 93.75 sec. (16706.71 ticks)

        Nodes                                         Cuts/
   Node  Left     Objective  IInf  Best Integer    Best Bound    ItCnt     Gap

      0     0    10200.9531  1310                  10200.9531       24
*     0+    0                         9594.0000    10200.9531             6.33%
      0     0     9763.8825  1340     9594.0000    Cuts: 1399     9705    1.77%
      0     0        cutoff           9594.0000                  14409     ---
Elapsed time = 1009.55 sec. (288084.99 ticks, tree = 0.01 MB, solutions = 1)

Clique cuts applied:  922

Root node processing (before b&c):
  Real time             = 1009.55 sec. (288089.89 ticks)
Parallel b&c, 8 threads:
  Real time             =    0.00 sec. (0.00 ticks)
  Sync time (average)   =    0.00 sec.
  Wait time (average)   =    0.00 sec.
                          ------------
Total (root+branch&cut) = 1009.55 sec. (288089.89 ticks)
MaximumVertices: 9594
x: 70 77 80 97 102 104 107 114 116 120 121 124 126 128 130 131 132 133 134 135 137 138 142 143 144 146 147 148 149 150 153 156 157 159 160 161 162 164 165 166 167 169 170 171 172 174 175 176 177 178 179 181 182 183 188 189 190 191 193 196 305 306 307 316 317 319 321 325 327 331 332 335 336 339 340 341 342 345 346 351 352 359 360 361 362 364 365 366 367 369 370 371 373 374 375 378 379 380 381 383 384 385 386 387 388 389 390 391 392 393 394 396 399 400 458 470 477 479 491 496 498 499 500 501 502 504 506 509 510 511 513 520 522 523 525 527 528 529 530 531 532 533 534 535 536 537 540 541 542 544 546 548 549 551 555 559 564 566 570 571 572 576 582 652 662 672 673 680 684 688 689 691 693 695 699 701 705 707 718 723 724 726 727 728 738 745 753 756 757 758 761 764 765 766 767 769 770 773 774 776 777 782 784 785 786 788 789 790 791 793 799 800 897 898 904 906 910 913 914 915 916 917 918 921 922 924 926 927 929 930 932 933 934 937 938 939 940 941 942 943 945 946 947 948 950 951 952 953 955 958 959 960 962 964 965 966 968 969 970 971 972 973 975 976 977 978 979 980 981 983 984 986 988 989 990 992 993 999 1000 1073 1080 1081 1082 1084 1085 1092 1096 1100 1101 1102 1103 1107 1108 1111 1113 1116 1119 1122 1123 1124 1126 1127 1128 1129 1130 1133 1135 1138 1140 1142 1145 1153 1154 1163 1167 1168 1171 1172 1173 1174 1175 1176 1177 1178 1179 1180 1181 1182 1183 1184 1185 1186 1187 1188 1189 1190 1191 1192 1193 1194 1195 1196 1270 1281 1284 1292 1294 1295 1302 1306 1307 1308 1311 1312 1319 1321 1326 1328 1330 1331 1332 1333 1334 1336 1338 1340 1343 1344 1345 1346 1347 1348 1349 1350 1351 1352 1354 1357 1368 1369 1371 1377 1383 1386 1392 1398 1399 1400 1480 1483 1492 1496 1500 1507 1508 1510 1511 1512 1514 1517 1520 1521 1523 1524 1526 1527 1528 1530 1533 1534
y: 80 84 89 126 149 152 154 156 159 162 170 174 175 179 181 184 185 191 194 195 196 198 236 239 240 246 260 278 280 282 327 335 344 345 347 349 350 351 353 354 357 370 375 385 389 399 499 504 523 527 528 533 535 541 553 560 572 573 574 575 576 577 578 579 580 581 582 583 584 585 586 587 588 589 590 591 592 593 594 595 596 597 598 606 695 699 725 726 730 733 737 739 741 744 748 750 768 772 774 776 778 780 785 798 804 901 909 913 928 938 940 942 943 944 945 947 948 949 958 961 976 977 981 983 1019 1027 1028 1031 1062 1077 1082 1104 1106 1118 1142 1145 1148 1149 1150 1154 1155 1156 1158 1160 1161 1163 1166 1182 1183 1187 1193 1201 1204 1211 1213 1224 1236 1238 1242 1246 1248 1280 1281 1290 1291 1292 1297 1298 1300 1327 1329 1336 1338 1339 1342 1345 1358 1362 1364 1367 1370 1373 1374 1383 1384 1389 1392 1398 1460 1474 1483 1489 1500 1506 1521 1524