Using bound 9594
Instance with 1534 vertices and 1049256 edges
No edges = 126555
Tried aggregator 1 time.
Presolve has eliminated 2273351 rows and 0 columns...
MIP Presolve eliminated 2273351 rows and 0 columns.
MIP Presolve modified 81339 coefficients.
Reduced MIP has 79807 rows, 3068 columns, and 1628416 nonzeros.
Reduced MIP has 3068 binaries, 0 generals, 0 SOSs, and 0 indicators.
Presolve time = 208.46 sec. (59432.97 ticks)
Probing time = 0.08 sec. (7.84 ticks)
Tried aggregator 1 time.
Reduced MIP has 79807 rows, 3068 columns, and 1628416 nonzeros.
Reduced MIP has 3068 binaries, 0 generals, 0 SOSs, and 0 indicators.
Presolve time = 6.96 sec. (2189.47 ticks)
Probing time = 0.04 sec. (7.87 ticks)
Clique table members: 79805.
MIP emphasis: balance optimality and feasibility.
MIP search method: dynamic search.
Parallel mode: deterministic, using up to 8 threads.
Root relaxation solution time = 90.59 sec. (17526.86 ticks)

        Nodes                                         Cuts/
   Node  Left     Objective  IInf  Best Integer    Best Bound    ItCnt     Gap

      0     0    10274.1102  1278                  10274.1102       26
*     0+    0                         9594.0000    10274.1102             7.09%
      0     0     9756.4237  1341     9594.0000    Cuts: 1370    10608    1.69%
      0     0        cutoff           9594.0000                  15083     ---
Elapsed time = 998.24 sec. (295002.26 ticks, tree = 0.01 MB, solutions = 1)

Clique cuts applied:  861

Root node processing (before b&c):
  Real time             =  998.25 sec. (295007.22 ticks)
Parallel b&c, 8 threads:
  Real time             =    0.00 sec. (0.00 ticks)
  Sync time (average)   =    0.00 sec.
  Wait time (average)   =    0.00 sec.
                          ------------
Total (root+branch&cut) =  998.25 sec. (295007.22 ticks)
MaximumVertices: 9594
x: 2 21 83 87 89 96 97 114 115 126 150 153 154 158 162 164 165 168 170 174 175 183 311 330 331 336 339 344 345 349 350 352 355 360 361 373 379 394 400 473 481 483 484 485 486 488 489 495 497 498 505 507 510 512 514 517 521 533 534 535 536 537 541 553 555 556 563 571 572 573 574 575 576 577 578 579 580 581 582 583 584 585 586 587 588 589 590 591 592 593 594 595 596 597 598 600 692 705 717 723 730 731 733 734 736 746 752 754 756 757 759 761 762 765 766 786 793 800 834 840 843 850 858 898 911 912 926 927 928 934 948 961 963 964 966 967 972 982 983 984 986 1072 1119 1126 1128 1136 1146 1149 1151 1158 1159 1160 1167 1169 1182 1192 1195 1254 1259 1261 1262 1263 1274 1276 1277 1282 1289 1290 1293 1297 1298 1301 1303 1315 1317 1325 1331 1335 1336 1341 1345 1348 1350 1357 1359 1360 1382 1395 1398 1400 1420 1424 1441 1449
y: 99 107 114 116 119 120 123 125 128 129 141 143 144 146 148 149 150 152 154 155 156 158 159 163 165 166 167 172 173 174 180 181 182 184 185 186 187 188 190 191 192 193 194 195 196 197 198 199 200 302 316 319 320 323 326 332 333 334 335 336 337 340 343 348 353 357 358 363 365 366 367 368 369 370 371 372 373 374 375 376 377 378 379 380 381 382 383 384 385 386 387 388 389 390 391 392 393 394 395 396 397 398 399 400 498 503 513 515 521 524 528 530 531 532 534 536 538 540 542 543 547 548 549 551 552 553 554 555 556 557 560 563 564 565 566 567 568 569 570 571 572 585 588 593 599 705 706 708 711 715 717 718 722 726 728 729 730 736 737 738 739 740 742 743 744 745 747 748 753 756 757 758 759 760 761 763 764 765 766 767 768 769 770 771 772 773 774 775 776 777 778 779 780 781 782 783 784 785 786 787 788 789 790 791 792 793 794 795 797 799 800 881 887 891 895 898 911 913 914 916 918 920 921 923 927 932 934 935 937 939 940 942 943 944 945 947 948 949 950 952 954 955 957 958 959 960 961 962 963 964 965 966 967 968 969 970 971 973 974 976 977 978 980 981 982 983 984 986 987 988 989 990 991 992 993 994 995 996 997 998 999 1000 1097 1116 1119 1120 1122 1126 1128 1129 1133 1134 1135 1137 1140 1142 1143 1144 1146 1147 1148 1149 1150 1151 1152 1153 1154 1155 1156 1157 1159 1160 1161 1163 1164 1165 1166 1167 1168 1169 1170 1171 1172 1173 1174 1175 1176 1177 1178 1179 1180 1181 1182 1183 1184 1185 1186 1187 1188 1189 1190 1191 1192 1193 1194 1195 1196 1197 1198 1199 1200 1304 1307 1310 1318 1328 1332 1338 1339 1340 1347 1349 1350 1353 1354 1355 1356 1357 1358 1359 1360 1361 1362 1363 1364 1365 1366 1367 1368 1369 1370 1373 1374 1375 1376 1377 1378 1379 1380 1381 1382 1383 1384 1385 1386 1387 1388 1390 1391 1393 1394 1395 1396 1398 1399 1400 1481 1491 1494 1499 1504 1505 1509 1516 1517 1519 1521 1523 1524 1525 1527 1529 1530 1531 1533