Using bound 9594
Instance with 1534 vertices and 1049648 edges
No edges = 126163
Tried aggregator 1 time.
Presolve has eliminated 2274475 rows and 0 columns...
MIP Presolve eliminated 2274475 rows and 0 columns.
MIP Presolve modified 80215 coefficients.
Reduced MIP has 78683 rows, 3068 columns, and 1614409 nonzeros.
Reduced MIP has 3068 binaries, 0 generals, 0 SOSs, and 0 indicators.
Presolve time = 217.09 sec. (59527.45 ticks)
Probing time = 0.17 sec. (7.82 ticks)
Tried aggregator 1 time.
Reduced MIP has 78683 rows, 3068 columns, and 1614409 nonzeros.
Reduced MIP has 3068 binaries, 0 generals, 0 SOSs, and 0 indicators.
Presolve time = 9.38 sec. (2169.50 ticks)
Probing time = 0.04 sec. (7.84 ticks)
Clique table members: 78681.
MIP emphasis: balance optimality and feasibility.
MIP search method: dynamic search.
Parallel mode: deterministic, using up to 8 threads.
Root relaxation solution time = 82.09 sec. (16604.44 ticks)

        Nodes                                         Cuts/
   Node  Left     Objective  IInf  Best Integer    Best Bound    ItCnt     Gap

      0     0    10197.5254  1274                  10197.5254       25
*     0+    0                         9594.0000    10197.5254             6.29%
      0     0     9754.5273  1356     9594.0000    Cuts: 1390    13969    1.67%
      0     0        cutoff           9594.0000                  19970     ---
Elapsed time = 1007.02 sec. (321298.40 ticks, tree = 0.01 MB, solutions = 1)

Clique cuts applied:  941

Root node processing (before b&c):
  Real time             = 1007.03 sec. (321303.31 ticks)
Parallel b&c, 8 threads:
  Real time             =    0.00 sec. (0.00 ticks)
  Sync time (average)   =    0.00 sec.
  Wait time (average)   =    0.00 sec.
                          ------------
Total (root+branch&cut) = 1007.03 sec. (321303.31 ticks)
MaximumVertices: 9594
x: 59 65 96 110 120 153 159 163 195 199 280 286 290 301 316 328 329 335 341 343 347 348 350 357 360 373 376 388 390 399 500 509 518 525 527 528 534 539 541 546 547 559 567 572 573 574 575 576 577 578 579 580 581 582 583 584 585 586 587 588 589 590 591 592 593 594 595 596 597 598 599 672 684 688 701 705 718 719 725 736 739 740 742 745 758 770 782 793 795 797 799 943 945 958 967 977 980 983 985 986 988 989 998 1080 1086 1096 1125 1126 1142 1147 1148 1152 1153 1155 1157 1158 1159 1161 1162 1163 1168 1169 1173 1180 1185 1186 1188 1200 1201 1223 1224 1232 1233 1236 1243 1246 1250 1266 1268 1286 1295 1303 1328 1329 1331 1334 1342 1343 1345 1348 1351 1352 1367 1376 1387 1390 1413 1494 1512 1513 1519 1520 1521 1530 1533
y: 80 91 95 98 108 109 110 112 114 118 124 125 132 134 135 136 137 140 142 143 146 147 148 150 151 154 155 156 157 158 161 162 163 165 166 167 168 169 170 171 172 173 174 175 177 178 179 180 181 182 183 186 188 191 193 194 196 198 253 272 280 281 284 288 290 300 301 306 320 323 325 331 332 337 339 340 341 342 343 346 347 348 349 351 352 353 355 357 358 359 360 361 363 364 365 367 368 370 371 372 373 374 375 376 377 378 379 380 381 382 384 385 386 387 388 390 391 392 393 394 395 396 397 398 399 400 480 493 495 510 517 521 522 523 524 526 527 528 529 530 532 533 535 537 538 539 541 543 544 545 546 547 549 550 551 552 554 555 556 557 558 559 560 561 562 563 564 565 566 567 568 570 571 572 583 652 660 670 672 696 699 717 721 727 728 730 735 744 746 749 751 755 756 757 758 760 762 763 764 765 767 768 769 770 771 772 773 774 775 776 777 778 779 780 781 782 783 784 785 786 787 788 789 790 791 793 795 796 797 799 800 874 884 893 903 908 912 913 917 918 920 924 928 931 932 934 936 937 939 940 941 942 943 944 945 946 947 949 951 952 953 954 956 958 959 960 961 962 965 974 978 979 985 989 990 991 992 993 994 997 1000 1066 1082 1083 1088 1091 1093 1096 1102 1103 1111 1116 1118 1132 1135 1144 1145 1146 1150 1155 1161 1171 1172 1173 1174 1175 1176 1177 1178 1179 1180 1181 1182 1183 1184 1185 1186 1187 1188 1189 1190 1191 1192 1193 1194 1195 1196 1198 1286 1293 1294 1299 1302 1303 1308 1309 1316 1318 1319 1322 1323 1331 1336 1341 1344 1346 1353 1354 1355 1357 1358 1360 1361 1362 1363 1364 1365 1366 1367 1368 1369 1370 1371 1372 1373 1374 1376 1378 1379 1381 1383 1384 1385 1386 1387 1388 1389 1390 1392 1393 1394 1395 1396 1397 1400 1497 1498 1501 1505 1518 1525 1532