128 4043
1 2
1 5
1 6
1 11
1 12
1 15
1 18
1 19
1 20
1 21
1 22
1 25
1 28
1 29
1 31
1 32
1 33
1 35
1 36
1 37
1 38
1 40
1 42
1 43
1 45
1 46
1 47
1 49
1 50
1 53
1 54
1 55
1 56
1 59
1 64
1 67
1 68
1 70
1 73
1 78
1 85
1 86
1 88
1 89
1 90
1 91
1 92
1 93
1 94
1 97
1 98
1 99
1 102
1 103
1 104
1 106
1 108
1 111
1 112
1 115
1 116
1 119
1 120
1 121
1 125
1 128
2 5
2 6
2 8
2 9
2 13
2 14
2 16
2 17
2 19
2 20
2 21
2 22
2 23
2 25
2 26
2 27
2 30
2 31
2 33
2 34
2 35
2 37
2 38
2 39
2 40
2 42
2 43
2 44
2 47
2 48
2 50
2 52
2 54
2 55
2 56
2 60
2 63
2 64
2 66
2 67
2 68
2 69
2 71
2 74
2 77
2 78
2 79
2 80
2 83
2 85
2 87
2 89
2 95
2 96
2 99
2 100
2 101
2 104
2 105
2 106
2 107
2 108
2 109
2 111
2 114
2 115
2 116
2 119
2 120
2 121
2 123
2 128
3 8
3 9
3 10
3 14
3 15
3 17
3 18
3 19
3 22
3 25
3 27
3 28
3 29
3 30
3 31
3 32
3 33
3 35
3 36
3 40
3 42
3 44
3 45
3 50
3 52
3 53
3 54
3 56
3 60
3 61
3 62
3 63
3 65
3 66
3 68
3 69
3 70
3 82
3 84
3 86
3 89
3 91
3 92
3 94
3 95
3 96
3 97
3 98
3 103
3 105
3 108
3 110
3 111
3 113
3 115
3 117
3 118
3 119
3 124
3 125
4 8
4 10
4 11
4 13
4 14
4 15
4 17
4 18
4 19
4 20
4 21
4 23
4 25
4 26
4 30
4 32
4 34
4 39
4 41
4 42
4 46
4 49
4 50
4 55
4 56
4 57
4 58
4 59
4 60
4 63
4 66
4 67
4 68
4 74
4 76
4 79
4 82
4 84
4 85
4 86
4 87
4 89
4 90
4 92
4 93
4 95
4 97
4 98
4 99
4 100
4 102
4 105
4 106
4 108
4 109
4 110
4 116
4 117
4 118
4 119
4 120
4 122
4 125
4 126
4 128
5 8
5 11
5 12
5 16
5 18
5 19
5 21
5 23
5 25
5 26
5 27
5 30
5 33
5 35
5 38
5 44
5 48
5 51
5 52
5 53
5 55
5 56
5 57
5 59
5 60
5 62
5 66
5 67
5 68
5 70
5 72
5 75
5 76
5 77
5 80
5 83
5 84
5 85
5 86
5 87
5 91
5 92
5 98
5 99
5 101
5 102
5 103
5 104
5 105
5 106
5 109
5 110
5 115
5 117
5 121
5 122
5 125
5 126
5 127
5 128
6 10
6 11
6 13
6 14
6 15
6 19
6 20
6 21
6 22
6 24
6 27
6 28
6 29
6 30
6 35
6 37
6 38
6 42
6 43
6 45
6 46
6 48
6 50
6 51
6 52
6 53
6 54
6 55
6 57
6 58
6 59
6 60
6 61
6 62
6 63
6 68
6 70
6 71
6 72
6 73
6 75
6 76
6 78
6 79
6 80
6 81
6 84
6 85
6 86
6 87
6 88
6 89
6 90
6 91
6 95
6 96
6 98
6 99
6 102
6 105
6 107
6 110
6 111
6 112
6 113
6 114
6 115
6 116
6 120
6 123
6 124
6 125
6 126
6 127
7 8
7 10
7 11
7 12
7 14
7 15
7 16
7 20
7 24
7 26
7 35
7 36
7 38
7 42
7 44
7 46
7 49
7 53
7 56
7 57
7 58
7 62
7 63
7 72
7 75
7 79
7 80
7 81
7 83
7 87
7 88
7 89
7 91
7 92
7 96
7 98
7 99
7 101
7 103
7 104
7 105
7 108
7 109
7 112
7 113
7 114
7 115
7 121
7 124
7 127
7 128
8 10
8 11
8 15
8 19
8 20
8 21
8 22
8 25
8 26
8 27
8 28
8 30
8 31
8 32
8 33
8 34
8 35
8 36
8 37
8 38
8 40
8 44
8 45
8 49
8 52
8 53
8 57
8 59
8 63
8 64
8 66
8 70
8 73
8 74
8 75
8 78
8 79
8 80
8 81
8 82
8 86
8 89
8 96
8 100
8 102
8 104
8 105
8 108
8 110
8 115
8 117
8 119
8 124
8 125
8 126
8 127
8 128
9 10
9 14
9 15
9 16
9 17
9 19
9 20
9 22
9 23
9 24
9 27
9 29
9 34
9 36
9 38
9 39
9 41
9 42
9 43
9 45
9 46
9 49
9 53
9 54
9 56
9 57
9 58
9 60
9 61
9 62
9 63
9 65
9 66
9 67
9 70
9 74
9 76
9 78
9 79
9 80
9 82
9 83
9 87
9 90
9 92
9 93
9 94
9 95
9 98
9 99
9 102
9 105
9 111
9 113
9 114
9 115
9 119
9 122
9 123
9 124
9 125
9 126
9 127
9 128
10 11
10 12
10 14
10 15
10 16
10 17
10 18
10 20
10 21
10 22
10 25
10 26
10 28
10 29
10 30
10 31
10 34
10 35
10 36
10 38
10 39
10 40
10 42
10 43
10 44
10 45
10 46
10 47
10 51
10 52
10 55
10 56
10 57
10 58
10 60
10 61
10 62
10 67
10 71
10 75
10 77
10 79
10 83
10 84
10 85
10 88
10 91
10 93
10 96
10 100
10 101
10 102
10 104
10 108
10 110
10 113
10 115
10 116
10 117
10 120
10 121
10 123
10 125
11 12
11 13
11 15
11 18
11 20
11 21
11 23
11 25
11 26
11 27
11 28
11 30
11 32
11 35
11 37
11 38
11 40
11 42
11 45
11 46
11 47
11 48
11 52
11 55
11 57
11 58
11 59
11 64
11 67
11 71
11 75
11 76
11 78
11 84
11 85
11 88
11 90
11 91
11 92
11 93
11 94
11 99
11 101
11 103
11 105
11 113
11 114
11 115
11 116
11 117
11 118
11 119
11 121
11 124
11 125
11 126
11 127
11 128
12 15
12 16
12 18
12 21
12 22
12 25
12 26
12 30
12 32
12 35
12 36
12 37
12 38
12 39
12 40
12 43
12 45
12 46
12 47
12 50
12 52
12 60
12 66
12 69
12 72
12 78
12 79
12 82
12 87
12 88
12 91
12 94
12 96
12 97
12 99
12 101
12 102
12 103
12 109
12 114
12 115
12 117
12 118
12 120
12 121
12 122
12 123
12 126
12 127
13 14
13 18
13 20
13 21
13 22
13 23
13 27
13 28
13 31
13 32
13 36
13 38
13 42
13 48
13 57
13 62
13 68
13 73
13 75
13 77
13 82
13 85
13 88
13 90
13 91
13 93
13 94
13 95
13 96
13 103
13 104
13 105
13 107
13 110
13 111
13 115
13 116
13 121
13 122
13 123
13 125
13 127
14 20
14 23
14 24
14 25
14 28
14 29
14 37
14 40
14 42
14 43
14 48
14 49
14 51
14 52
14 53
14 54
14 55
14 58
14 64
14 68
14 71
14 74
14 76
14 77
14 78
14 79
14 80
14 82
14 85
14 88
14 89
14 90
14 91
14 92
14 96
14 98
14 99
14 100
14 102
14 104
14 107
14 109
14 110
14 111
14 112
14 113
14 114
14 115
14 117
14 120
14 124
14 125
14 127
15 16
15 17
15 18
15 19
15 20
15 22
15 23
15 24
15 25
15 26
15 27
15 30
15 33
15 34
15 36
15 37
15 42
15 44
15 46
15 48
15 49
15 52
15 53
15 54
15 55
15 57
15 58
15 61
15 68
15 69
15 70
15 76
15 78
15 79
15 80
15 84
15 86
15 87
15 89
15 90
15 92
15 93
15 94
15 96
15 97
15 98
15 101
15 103
15 110
15 113
15 114
15 115
15 117
15 118
15 120
15 121
15 123
15 124
15 126
15 128
16 17
16 18
16 21
16 25
16 27
16 30
16 31
16 32
16 35
16 36
16 39
16 40
16 41
16 43
16 44
16 45
16 47
16 52
16 54
16 56
16 59
16 61
16 62
16 63
16 66
16 72
16 73
16 78
16 79
16 81
16 82
16 83
16 87
16 88
16 89
16 91
16 95
16 96
16 98
16 100
16 101
16 102
16 103
16 104
16 105
16 109
16 110
16 111
16 112
16 116
16 117
16 119
16 120
16 121
16 124
16 128
17 18
17 21
17 25
17 30
17 33
17 34
17 36
17 39
17 40
17 41
17 42
17 43
17 45
17 48
17 49
17 51
17 52
17 53
17 54
17 59
17 60
17 61
17 65
17 68
17 69
17 71
17 75
17 80
17 83
17 85
17 87
17 89
17 91
17 92
17 96
17 99
17 100
17 102
17 105
17 109
17 112
17 113
17 116
17 118
17 119
17 120
17 121
17 122
17 125
17 127
17 128
18 19
18 20
18 21
18 25
18 28
18 29
18 30
18 32
18 34
18 36
18 37
18 38
18 39
18 40
18 42
18 43
18 44
18 45
18 49
18 50
18 51
18 53
18 55
18 57
18 58
18 62
18 65
18 67
18 69
18 72
18 74
18 78
18 79
18 82
18 85
18 86
18 88
18 89
18 91
18 92
18 94
18 95
18 97
18 98
18 99
18 100
18 101
18 103
18 104
18 106
18 114
18 116
18 118
18 119
18 121
18 122
18 125
19 21
19 24
19 28
19 30
19 32
19 33
19 36
19 40
19 45
19 46
19 47
19 48
19 49
19 50
19 54
19 61
19 64
19 65
19 68
19 70
19 71
19 72
19 73
19 76
19 77
19 79
19 84
19 89
19 90
19 93
19 98
19 99
19 102
19 103
19 104
19 106
19 107
19 108
19 109
19 110
19 111
19 112
19 117
19 119
19 120
19 122
19 123
19 125
19 127
20 23
20 24
20 28
20 29
20 34
20 37
20 39
20 41
20 42
20 43
20 44
20 46
20 48
20 49
20 52
20 53
20 54
20 55
20 56
20 57
20 60
20 61
20 62
20 63
20 64
20 65
20 66
20 68
20 69
20 72
20 75
20 77
20 80
20 82
20 83
20 84
20 85
20 86
20 87
20 88
20 90
20 91
20 97
20 99
20 100
20 101
20 102
20 103
20 104
20 105
20 106
20 108
20 109
20 111
20 112
20 117
20 119
20 121
20 122
20 125
20 126
21 22
21 23
21 27
21 31
21 32
21 35
21 36
21 38
21 40
21 42
21 43
21 45
21 46
21 47
21 50
21 53
21 54
21 57
21 58
21 60
21 62
21 65
21 66
21 67
21 68
21 71
21 77
21 79
21 81
21 82
21 84
21 85
21 86
21 88
21 91
21 96
21 97
21 99
21 100
21 104
21 107
21 108
21 110
21 111
21 112
21 113
21 115
21 116
21 117
21 118
21 119
21 120
21 124
21 125
21 126
22 23
22 24
22 26
22 27
22 30
22 32
22 36
22 37
22 40
22 41
22 43
22 45
22 46
22 47
22 52
22 53
22 57
22 58
22 63
22 64
22 67
22 70
22 73
22 74
22 76
22 79
22 81
22 83
22 87
22 89
22 92
22 94
22 96
22 102
22 104
22 105
22 106
22 107
22 108
22 109
22 115
22 117
22 118
22 119
22 121
22 122
22 123
22 125
22 128
23 28
23 29
23 30
23 31
23 32
23 34
23 37
23 38
23 41
23 42
23 43
23 46
23 48
23 49
23 52
23 53
23 54
23 56
23 58
23 64
23 65
23 66
23 68
23 69
23 70
23 72
23 78
23 81
23 82
23 85
23 86
23 87
23 88
23 90
23 92
23 93
23 94
23 95
23 97
23 101
23 102
23 103
23 105
23 107
23 111
23 114
23 119
23 121
23 122
23 124
23 125
23 126
23 127
23 128
24 25
24 26
24 27
24 30
24 32
24 34
24 35
24 36
24 39
24 43
24 47
24 48
24 50
24 51
24 52
24 53
24 55
24 58
24 59
24 60
24 61
24 62
24 66
24 67
24 68
24 69
24 70
24 71
24 76
24 77
24 80
24 81
24 85
24 86
24 90
24 91
24 92
24 97
24 103
24 105
24 109
24 111
24 112
24 114
24 115
24 116
24 119
24 121
24 127
25 26
25 30
25 33
25 35
25 38
25 39
25 43
25 44
25 45
25 47
25 48
25 50
25 51
25 53
25 54
25 55
25 57
25 59
25 60
25 61
25 62
25 64
25 67
25 70
25 71
25 75
25 76
25 77
25 79
25 82
25 83
25 84
25 85
25 86
25 87
25 90
25 91
25 93
25 94
25 96
25 97
25 99
25 101
25 108
25 111
25 114
25 116
25 117
25 118
25 119
25 123
25 125
25 126
25 127
26 28
26 29
26 30
26 31
26 32
26 34
26 36
26 37
26 42
26 43
26 46
26 47
26 48
26 49
26 50
26 53
26 56
26 57
26 58
26 59
26 60
26 61
26 62
26 64
26 65
26 66
26 68
26 71
26 72
26 74
26 80
26 81
26 82
26 84
26 86
26 91
26 92
26 93
26 96
26 97
26 98
26 99
26 100
26 103
26 104
26 106
26 108
26 110
26 111
26 112
26 114
26 115
26 116
26 128
27 29
27 30
27 33
27 37
27 38
27 43
27 45
27 48
27 50
27 51
27 52
27 54
27 56
27 59
27 60
27 66
27 68
27 72
27 74
27 79
27 80
27 81
27 82
27 85
27 89
27 92
27 94
27 95
27 97
27 98
27 101
27 102
27 104
27 106
27 107
27 108
27 111
27 112
27 113
27 115
27 118
27 122
27 123
27 124
27 126
27 127
27 128
28 29
28 30
28 34
28 39
28 41
28 44
28 45
28 46
28 48
28 50
28 51
28 52
28 53
28 54
28 55
28 57
28 58
28 64
28 66
28 67
28 70
28 73
28 74
28 76
28 79
28 80
28 87
28 89
28 90
28 91
28 92
28 95
28 98
28 99
28 101
28 102
28 103
28 104
28 105
28 107
28 112
28 113
28 114
28 115
28 121
28 123
28 126
28 127
28 128
29 30
29 31
29 33
29 37
29 40
29 41
29 45
29 46
29 54
29 55
29 58
29 59
29 61
29 62
29 63
29 64
29 65
29 66
29 67
29 69
29 70
29 74
29 76
29 81
29 83
29 88
29 89
29 90
29 91
29 92
29 94
29 95
29 96
29 97
29 99
29 100
29 105
29 107
29 110
29 111
29 112
29 113
29 115
29 117
29 119
29 120
29 122
29 124
29 125
29 126
29 128
30 33
30 34
30 41
30 42
30 43
30 45
30 46
30 48
30 49
30 52
30 53
30 55
30 56
30 58
30 59
30 61
30 64
30 70
30 73
30 74
30 78
30 79
30 82
30 83
30 84
30 85
30 86
30 87
30 90
30 91
30 92
30 93
30 94
30 98
30 99
30 101
30 107
30 108
30 110
30 112
30 115
30 117
30 118
30 119
30 120
30 122
30 124
30 125
30 126
31 32
31 33
31 34
31 35
31 36
31 40
31 44
31 45
31 46
31 47
31 49
31 50
31 51
31 52
31 53
31 54
31 56
31 59
31 60
31 62
31 64
31 65
31 68
31 69
31 70
31 71
31 72
31 73
31 74
31 76
31 78
31 79
31 81
31 87
31 88
31 91
31 92
31 93
31 96
31 99
31 101
31 102
31 104
31 107
31 109
31 111
31 113
31 115
31 116
31 117
31 119
31 123
32 35
32 36
32 39
32 45
32 50
32 53
32 54
32 56
32 62
32 64
32 65
32 67
32 68
32 73
32 74
32 75
32 77
32 79
32 83
32 86
32 88
32 90
32 93
32 94
32 95
32 98
32 100
32 103
32 104
32 108
32 115
32 117
32 119
32 120
32 121
32 125
33 34
33 41
33 43
33 48
33 50
33 51
33 53
33 56
33 60
33 61
33 62
33 64
33 66
33 69
33 71
33 72
33 76
33 77
33 79
33 80
33 82
33 83
33 85
33 86
33 88
33 89
33 90
33 91
33 94
33 95
33 96
33 98
33 100
33 101
33 105
33 106
33 111
33 112
33 113
33 114
33 116
33 119
33 121
33 122
33 124
33 125
33 126
33 127
33 128
34 35
34 36
34 42
34 49
34 51
34 53
34 55
34 58
34 59
34 61
34 64
34 65
34 66
34 68
34 69
34 70
34 71
34 74
34 75
34 78
34 81
34 83
34 87
34 89
34 91
34 92
34 94
34 95
34 96
34 98
34 101
34 105
34 108
34 109
34 110
34 112
34 114
34 116
34 119
34 121
34 125
35 37
35 39
35 40
35 41
35 42
35 44
35 46
35 49
35 50
35 51
35 55
35 56
35 58
35 59
35 60
35 63
35 65
35 69
35 70
35 72
35 73
35 74
35 75
35 76
35 78
35 84
35 85
35 89
35 93
35 94
35 95
35 96
35 98
35 99
35 100
35 101
35 102
35 103
35 105
35 106
35 108
35 111
35 115
35 117
35 121
35 122
35 123
35 128
36 37
36 40
36 43
36 44
36 46
36 47
36 49
36 51
36 57
36 58
36 60
36 61
36 62
36 66
36 67
36 69
36 70
36 71
36 72
36 75
36 79
36 80
36 82
36 83
36 85
36 87
36 89
36 90
36 93
36 95
36 99
36 101
36 104
36 108
36 110
36 111
36 112
36 115
36 119
36 122
36 123
36 125
37 38
37 40
37 42
37 44
37 45
37 46
37 47
37 48
37 49
37 50
37 52
37 53
37 57
37 59
37 60
37 65
37 66
37 67
37 68
37 71
37 72
37 74
37 75
37 76
37 77
37 79
37 85
37 87
37 88
37 90
37 91
37 94
37 95
37 97
37 98
37 100
37 103
37 104
37 105
37 106
37 107
37 108
37 110
37 112
37 113
37 114
37 116
37 122
37 126
37 128
38 42
38 43
38 45
38 46
38 47
38 48
38 49
38 50
38 54
38 55
38 60
38 61
38 65
38 66
38 69
38 70
38 71
38 72
38 73
38 75
38 76
38 83
38 84
38 86
38 90
38 91
38 92
38 94
38 97
38 98
38 99
38 102
38 107
38 108
38 110
38 111
38 113
38 115
38 116
38 117
38 120
38 121
38 124
38 125
38 126
38 127
39 40
39 45
39 47
39 48
39 52
39 56
39 57
39 58
39 59
39 62
39 64
39 66
39 67
39 68
39 69
39 74
39 76
39 78
39 79
39 80
39 82
39 84
39 85
39 86
39 89
39 92
39 94
39 95
39 96
39 101
39 103
39 104
39 106
39 107
39 108
39 110
39 114
39 115
39 116
39 117
39 118
39 122
39 123
39 125
39 126
40 42
40 43
40 47
40 48
40 49
40 52
40 55
40 56
40 57
40 58
40 62
40 63
40 65
40 68
40 70
40 72
40 73
40 74
40 77
40 81
40 82
40 83
40 84
40 86
40 87
40 88
40 89
40 90
40 91
40 92
40 94
40 95
40 97
40 99
40 100
40 103
40 104
40 107
40 110
40 112
40 113
40 115
40 116
40 118
40 122
40 126
40 128
41 42
41 43
41 44
41 45
41 47
41 49
41 52
41 54
41 55
41 57
41 60
41 61
41 63
41 64
41 72
41 73
41 78
41 79
41 80
41 81
41 82
41 85
41 86
41 87
41 93
41 95
41 96
41 98
41 99
41 100
41 103
41 110
41 111
41 112
41 115
41 116
41 120
41 126
41 127
42 43
42 44
42 46
42 47
42 48
42 49
42 52
42 55
42 58
42 59
42 61
42 63
42 68
42 69
42 71
42 72
42 73
42 76
42 78
42 80
42 83
42 85
42 87
42 89
42 90
42 92
42 94
42 95
42 97
42 98
42 100
42 103
42 105
42 110
42 112
42 113
42 116
42 118
42 119
42 120
42 122
42 125
42 128
43 44
43 45
43 48
43 49
43 52
43 54
43 55
43 57
43 59
43 62
43 64
43 65
43 69
43 72
43 73
43 74
43 77
43 79
43 81
43 87
43 90
43 92
43 100
43 103
43 104
43 106
43 108
43 109
43 110
43 111
43 112
43 114
43 117
43 123
43 125
43 126
43 127
43 128
44 46
44 48
44 49
44 53
44 54
44 56
44 57
44 58
44 60
44 63
44 66
44 69
44 70
44 71
44 73
44 74
44 77
44 80
44 81
44 88
44 89
44 90
44 91
44 92
44 93
44 95
44 96
44 99
44 101
44 105
44 109
44 111
44 112
44 115
44 119
44 122
44 123
44 128
45 48
45 54
45 55
45 57
45 58
45 62
45 63
45 65
45 74
45 75
45 81
45 82
45 86
45 88
45 89
45 90
45 92
45 94
45 95
45 97
45 100
45 102
45 103
45 104
45 106
45 109
45 113
45 117
45 118
45 119
45 121
45 122
45 124
45 126
45 127
45 128
46 48
46 49
46 55
46 56
46 61
46 65
46 66
46 67
46 68
46 69
46 70
46 71
46 74
46 75
46 76
46 82
46 84
46 85
46 87
46 88
46 90
46 92
46 96
46 97
46 98
46 104
46 107
46 109
46 111
46 113
46 114
46 115
46 116
46 117
46 118
46 122
46 123
46 125
46 126
46 127
47 49
47 50
47 52
47 57
47 59
47 61
47 64
47 65
47 67
47 68
47 69
47 70
47 71
47 74
47 76
47 77
47 79
47 81
47 82
47 83
47 84
47 88
47 90
47 91
47 92
47 93
47 94
47 95
47 96
47 98
47 99
47 100
47 103
47 104
47 105
47 106
47 109
47 111
47 116
47 117
47 118
47 120
47 121
47 124
47 127
47 128
48 50
48 54
48 55
48 57
48 58
48 59
48 61
48 62
48 63
48 64
48 66
48 67
48 68
48 69
48 75
48 81
48 82
48 83
48 86
48 87
48 89
48 93
48 94
48 95
48 98
48 100
48 102
48 104
48 105
48 106
48 108
48 113
48 114
48 116
48 117
48 118
48 120
48 122
48 124
48 126
49 54
49 55
49 58
49 59
49 63
49 68
49 69
49 71
49 72
49 75
49 77
49 81
49 83
49 84
49 85
49 87
49 89
49 90
49 92
49 93
49 94
49 95
49 97
49 99
49 100
49 101
49 102
49 103
49 104
49 106
49 108
49 110
49 111
49 112
49 115
49 116
49 117
49 118
49 122
49 123
49 124
49 127
49 128
50 52
50 53
50 54
50 55
50 57
50 62
50 64
50 65
50 68
50 72
50 74
50 75
50 77
50 80
50 84
50 88
50 89
50 90
50 94
50 95
50 99
50 102
50 103
50 104
50 106
50 109
50 112
50 114
50 115
50 116
50 117
50 121
50 123
50 124
50 126
50 127
50 128
51 52
51 56
51 57
51 58
51 61
51 62
51 64
51 69
51 70
51 72
51 75
51 76
51 79
51 80
51 81
51 83
51 84
51 86
51 90
51 91
51 92
51 93
51 97
51 98
51 101
51 102
51 103
51 105
51 110
51 112
51 113
51 114
51 121
51 124
51 125
52 53
52 54
52 55
52 58
52 59
52 60
52 61
52 63
52 64
52 67
52 70
52 72
52 74
52 76
52 78
52 80
52 82
52 84
52 85
52 90
52 91
52 93
52 95
52 98
52 100
52 103
52 106
52 110
52 113
52 115
52 116
52 118
52 119
52 120
52 123
52 124
52 128
53 58
53 59
53 62
53 71
53 74
53 75
53 78
53 79
53 81
53 82
53 83
53 84
53 87
53 91
53 93
53 94
53 97
53 103
53 106
53 109
53 110
53 111
53 112
53 113
53 115
53 116
53 118
53 119
53 120
53 122
53 123
53 125
53 127
54 57
54 60
54 62
54 63
54 64
54 67
54 68
54 70
54 71
54 73
54 75
54 76
54 77
54 80
54 83
54 86
54 88
54 89
54 96
54 97
54 99
54 100
54 101
54 103
54 106
54 108
54 109
54 110
54 112
54 113
54 118
54 120
54 121
54 128
55 57
55 59
55 61
55 65
55 66
55 68
55 69
55 70
55 71
55 72
55 74
55 75
55 76
55 78
55 80
55 81
55 82
55 83
55 84
55 85
55 90
55 93
55 94
55 95
55 99
55 101
55 102
55 104
55 107
55 110
55 112
55 114
55 115
55 119
55 121
55 122
55 126
55 127
56 59
56 62
56 64
56 66
56 67
56 69
56 71
56 74
56 75
56 78
56 80
56 81
56 82
56 84
56 86
56 88
56 90
56 91
56 95
56 96
56 97
56 98
56 99
56 103
56 104
56 105
56 108
56 112
56 114
56 116
56 117
56 118
56 120
56 122
56 123
56 125
56 126
56 127
57 58
57 61
57 62
57 63
57 64
57 66
57 67
57 70
57 72
57 74
57 77
57 79
57 84
57 85
57 86
57 87
57 91
57 92
57 93
57 94
57 95
57 98
57 99
57 101
57 104
57 105
57 109
57 111
57 112
57 114
57 116
57 118
57 119
57 121
57 122
57 124
57 125
57 126
58 59
58 61
58 62
58 63
58 64
58 65
58 66
58 67
58 72
58 73
58 76
58 78
58 80
58 83
58 86
58 87
58 89
58 92
58 93
58 94
58 96
58 98
58 99
58 101
58 104
58 105
58 107
58 108
58 109
58 110
58 111
58 113
58 114
58 115
58 116
58 118
58 119
58 122
58 124
58 125
58 126
58 127
59 62
59 63
59 69
59 71
59 72
59 73
59 75
59 78
59 79
59 81
59 82
59 83
59 86
59 87
59 88
59 89
59 92
59 95
59 97
59 99
59 101
59 103
59 105
59 107
59 108
59 109
59 110
59 111
59 112
59 114
59 115
59 117
59 118
59 119
59 120
59 121
59 122
59 123
59 124
59 126
59 128
60 62
60 63
60 64
60 69
60 70
60 72
60 73
60 74
60 75
60 76
60 77
60 79
60 82
60 84
60 85
60 86
60 87
60 92
60 93
60 96
60 97
60 98
60 106
60 109
60 110
60 112
60 115
60 116
60 117
60 118
60 120
60 121
60 123
60 124
60 125
60 126
60 128
61 62
61 66
61 68
61 69
61 71
61 72
61 73
61 74
61 75
61 76
61 77
61 78
61 87
61 89
61 90
61 92
61 93
61 94
61 97
61 98
61 101
61 102
61 103
61 105
61 106
61 107
61 108
61 109
61 110
61 113
61 114
61 115
61 117
61 120
61 122
61 123
61 124
61 125
61 126
61 128
62 65
62 66
62 69
62 70
62 71
62 74
62 75
62 76
62 77
62 82
62 85
62 89
62 90
62 97
62 98
62 99
62 100
62 101
62 103
62 104
62 105
62 111
62 114
62 115
62 116
62 117
62 119
62 121
62 122
62 125
62 126
62 127
63 67
63 74
63 75
63 76
63 78
63 79
63 81
63 82
63 83
63 84
63 85
63 86
63 94
63 95
63 97
63 99
63 100
63 101
63 103
63 104
63 105
63 106
63 107
63 109
63 110
63 111
63 113
63 117
63 118
63 119
63 123
63 124
63 125
63 126
63 127
63 128
64 65
64 66
64 67
64 68
64 69
64 71
64 74
64 75
64 76
64 77
64 78
64 79
64 81
64 87
64 91
64 92
64 94
64 95
64 96
64 98
64 103
64 104
64 105
64 106
64 108
64 111
64 112
64 113
64 116
64 117
64 125
64 126
64 127
64 128
65 66
65 68
65 70
65 71
65 73
65 75
65 77
65 79
65 80
65 81
65 82
65 83
65 85
65 88
65 89
65 92
65 95
65 96
65 97
65 98
65 99
65 100
65 103
65 106
65 107
65 114
65 115
65 116
65 117
65 118
65 119
65 120
65 125
65 126
65 128
66 67
66 72
66 73
66 74
66 75
66 76
66 77
66 79
66 81
66 85
66 88
66 92
66 93
66 94
66 95
66 99
66 100
66 102
66 103
66 105
66 107
66 108
66 109
66 112
66 113
66 115
66 116
66 117
66 120
66 121
66 123
66 124
66 127
67 68
67 69
67 70
67 71
67 72
67 73
67 74
67 75
67 77
67 79
67 81
67 83
67 84
67 85
67 89
67 90
67 91
67 94
67 95
67 96
67 99
67 103
67 104
67 105
67 106
67 109
67 113
67 114
67 120
67 121
67 124
67 126
68 69
68 71
68 72
68 80
68 81
68 82
68 84
68 87
68 92
68 94
68 95
68 96
68 99
68 101
68 104
68 108
68 109
68 112
68 113
68 114
68 115
68 120
68 122
68 124
68 127
69 71
69 73
69 76
69 81
69 85
69 87
69 88
69 90
69 93
69 94
69 97
69 99
69 100
69 101
69 102
69 103
69 104
69 105
69 106
69 113
69 114
69 116
69 118
69 120
69 127
70 73
70 74
70 77
70 78
70 79
70 80
70 86
70 87
70 88
70 90
70 92
70 94
70 95
70 97
70 104
70 106
70 108
70 110
70 112
70 113
70 117
70 121
70 122
70 125
71 72
71 73
71 75
71 76
71 77
71 79
71 82
71 87
71 88
71 90
71 91
71 93
71 94
71 95
71 99
71 101
71 102
71 103
71 105
71 106
71 108
71 112
71 115
71 117
71 119
71 120
71 121
71 122
71 123
71 125
72 73
72 74
72 76
72 77
72 84
72 86
72 87
72 88
72 89
72 90
72 92
72 94
72 97
72 100
72 103
72 105
72 106
72 108
72 113
72 116
72 120
72 122
72 124
72 125
72 128
73 75
73 76
73 77
73 82
73 85
73 87
73 93
73 95
73 96
73 100
73 102
73 103
73 104
73 106
73 108
73 109
73 112
73 113
73 114
73 118
73 120
73 121
73 123
73 124
73 126
73 128
74 75
74 77
74 78
74 81
74 82
74 83
74 88
74 90
74 91
74 92
74 94
74 96
74 98
74 101
74 102
74 107
74 108
74 114
74 118
74 121
74 122
74 124
75 76
75 77
75 79
75 80
75 82
75 84
75 85
75 86
75 87
75 93
75 95
75 96
75 97
75 103
75 106
75 109
75 114
75 116
75 118
75 122
75 123
75 124
75 126
75 128
76 78
76 80
76 81
76 84
76 85
76 86
76 87
76 88
76 90
76 91
76 92
76 93
76 95
76 96
76 97
76 103
76 104
76 108
76 110
76 111
76 113
76 114
76 117
76 118
76 119
76 120
76 125
76 127
76 128
77 79
77 82
77 85
77 87
77 90
77 91
77 94
77 97
77 100
77 106
77 107
77 108
77 110
77 113
77 115
77 117
77 118
77 120
77 121
77 124
77 126
77 128
78 79
78 80
78 81
78 82
78 83
78 84
78 85
78 86
78 87
78 88
78 90
78 91
78 92
78 93
78 94
78 95
78 98
78 99
78 100
78 103
78 104
78 105
78 106
78 108
78 109
78 112
78 114
78 115
78 119
78 120
78 121
78 122
78 124
79 80
79 82
79 83
79 84
79 85
79 86
79 87
79 88
79 89
79 90
79 92
79 93
79 95
79 98
79 99
79 102
79 108
79 110
79 113
79 115
79 119
79 127
80 81
80 84
80 85
80 86
80 87
80 89
80 90
80 91
80 92
80 95
80 96
80 97
80 100
80 101
80 102
80 105
80 108
80 109
80 110
80 111
80 115
80 116
80 117
80 118
80 119
80 123
80 124
80 126
80 127
80 128
81 82
81 84
81 86
81 88
81 89
81 90
81 91
81 94
81 96
81 97
81 98
81 99
81 101
81 104
81 105
81 106
81 109
81 110
81 115
81 122
81 124
81 125
81 126
81 127
82 83
82 84
82 85
82 86
82 87
82 88
82 90
82 93
82 95
82 99
82 101
82 102
82 103
82 107
82 108
82 109
82 110
82 111
82 112
82 113
82 114
82 115
82 116
82 117
82 121
82 122
83 84
83 86
83 91
83 92
83 95
83 97
83 98
83 99
83 100
83 101
83 102
83 104
83 105
83 106
83 107
83 108
83 109
83 111
83 115
83 120
83 123
83 125
83 126
83 128
84 86
84 88
84 90
84 91
84 92
84 98
84 99
84 102
84 103
84 105
84 109
84 110
84 111
84 112
84 117
84 118
84 120
84 121
84 122
84 125
84 128
85 86
85 87
85 88
85 90
85 91
85 93
85 94
85 95
85 97
85 98
85 99
85 100
85 102
85 103
85 105
85 107
85 110
85 115
85 117
85 118
85 119
85 124
85 126
85 128
86 87
86 89
86 92
86 93
86 97
86 98
86 100
86 106
86 107
86 108
86 109
86 110
86 111
86 113
86 114
86 116
86 119
86 121
86 124
86 125
86 126
86 127
86 128
87 89
87 94
87 97
87 102
87 104
87 105
87 106
87 108
87 109
87 111
87 112
87 113
87 114
87 115
87 116
87 117
87 118
87 120
88 90
88 92
88 94
88 98
88 101
88 103
88 107
88 108
88 109
88 110
88 112
88 116
88 117
88 120
88 121
88 124
88 125
88 127
89 90
89 91
89 93
89 95
89 96
89 97
89 100
89 103
89 105
89 108
89 110
89 111
89 112
89 116
89 117
89 118
89 120
89 122
89 127
89 128
90 92
90 94
90 95
90 96
90 102
90 104
90 105
90 106
90 107
90 108
90 112
90 113
90 114
90 115
90 117
90 118
90 119
90 122
90 124
90 127
90 128
91 95
91 96
91 98
91 99
91 101
91 103
91 105
91 106
91 108
91 111
91 112
91 118
91 119
91 123
91 124
92 93
92 94
92 98
92 102
92 104
92 106
92 107
92 108
92 110
92 111
92 116
92 117
92 119
92 120
92 122
92 124
92 125
92 126
93 94
93 96
93 98
93 99
93 102
93 104
93 105
93 106
93 110
93 113
93 114
93 115
93 118
93 121
93 124
93 125
93 126
93 127
93 128
94 95
94 96
94 97
94 98
94 99
94 101
94 103
94 105
94 106
94 108
94 109
94 112
94 118
94 120
94 121
94 123
94 124
94 126
95 99
95 100
95 101
95 102
95 104
95 106
95 113
95 116
95 117
95 118
95 119
95 122
95 124
95 125
95 126
96 99
96 100
96 102
96 105
96 107
96 109
96 110
96 112
96 115
96 120
96 121
96 124
96 126
96 128
97 101
97 104
97 106
97 107
97 108
97 112
97 113
97 114
97 115
97 116
97 119
97 120
97 126
97 128
98 99
98 104
98 107
98 110
98 113
98 114
98 115
98 117
98 119
98 123
98 124
98 125
99 100
99 101
99 102
99 103
99 105
99 106
99 107
99 108
99 109
99 112
99 113
99 114
99 119
99 120
99 121
99 123
99 126
99 127
100 102
100 103
100 104
100 105
100 109
100 113
100 118
100 119
100 120
100 122
100 123
100 124
100 127
101 104
101 107
101 110
101 111
101 113
101 114
101 115
101 118
101 121
101 126
101 127
101 128
102 107
102 114
102 116
102 118
102 121
102 122
102 124
102 125
102 127
102 128
103 106
103 107
103 109
103 110
103 113
103 115
103 117
103 119
103 120
103 122
103 123
103 124
103 125
103 126
103 127
103 128
104 105
104 106
104 107
104 109
104 110
104 112
104 114
104 120
104 123
104 125
104 126
104 127
104 128
105 106
105 108
105 109
105 110
105 112
105 113
105 115
105 116
105 117
105 118
105 121
105 122
105 124
105 125
105 127
106 107
106 108
106 109
106 111
106 112
106 113
106 114
106 115
106 116
106 117
106 121
106 123
106 124
106 126
106 128
107 108
107 112
107 113
107 116
107 118
107 123
107 125
107 126
108 109
108 111
108 113
108 115
108 120
108 121
108 123
108 124
109 110
109 116
109 120
109 121
109 122
109 124
109 126
109 127
110 111
110 115
110 120
110 123
110 124
110 128
111 112
111 113
111 115
111 117
111 119
111 120
111 121
111 124
111 126
112 113
112 117
112 118
112 120
112 123
112 127
112 128
113 114
113 115
113 120
113 123
113 125
113 126
113 127
113 128
114 116
114 119
114 120
114 126
115 116
115 119
115 122
115 123
115 124
115 125
115 126
116 117
116 119
116 121
116 125
116 127
117 120
117 125
117 127
117 128
118 119
118 122
118 124
118 125
118 126
118 128
119 124
119 125
119 126
119 127
120 127
120 128
121 122
121 123
121 125
121 126
122 123
122 125
122 127
122 128
123 125
123 128
124 125
124 127
125 127
126 127
