128 2630
1
2
3
4
5
6
7
8
9
10
11
12
13
14
15
16
17
18
19
20
21
22
23
24
25
26
27
28
29
30
31
32
33
34
35
36
37
38
39
40
41
42
43
44
45
46
47
48
49
50
51
52
53
54
55
56
57
58
59
60
61
62
63
64
65
66
67
68
69
70
71
72
73
74
75
76
77
78
79
80
81
82
83
84
85
86
87
88
89
90
91
92
93
94
95
96
97
98
99
100
101
102
103
104
105
106
107
108
109
110
111
112
113
114
115
116
117
118
119
120
121
122
123
124
125
126
127
128
1 5 
1 16 
1 17 
1 20 
1 22 
1 23 
1 27 
1 29 
1 30 
1 33 
1 34 
1 42 
1 48 
1 51 
1 57 
1 58 
1 59 
1 60 
1 62 
1 65 
1 67 
1 72 
1 74 
1 77 
1 78 
1 79 
1 85 
1 88 
1 89 
1 90 
1 94 
1 97 
1 102 
1 108 
1 115 
1 119 
1 122 
1 123 
1 127 
1 128 
2 5 
2 8 
2 12 
2 14 
2 16 
2 17 
2 19 
2 22 
2 29 
2 31 
2 34 
2 36 
2 37 
2 46 
2 50 
2 53 
2 54 
2 59 
2 64 
2 65 
2 71 
2 72 
2 76 
2 79 
2 80 
2 83 
2 90 
2 98 
2 101 
2 108 
2 109 
2 112 
2 118 
2 119 
2 121 
2 122 
2 128 
3 4 
3 7 
3 10 
3 11 
3 12 
3 15 
3 17 
3 18 
3 21 
3 26 
3 29 
3 37 
3 39 
3 40 
3 43 
3 50 
3 52 
3 56 
3 57 
3 61 
3 64 
3 65 
3 66 
3 67 
3 70 
3 71 
3 74 
3 84 
3 85 
3 86 
3 89 
3 93 
3 96 
3 97 
3 101 
3 105 
3 107 
3 116 
3 118 
3 119 
3 124 
3 126 
3 127 
3 128 
4 6 
4 7 
4 11 
4 14 
4 16 
4 20 
4 25 
4 26 
4 27 
4 29 
4 33 
4 34 
4 39 
4 42 
4 43 
4 47 
4 48 
4 51 
4 53 
4 59 
4 63 
4 66 
4 67 
4 71 
4 78 
4 80 
4 86 
4 88 
4 89 
4 90 
4 98 
4 100 
4 104 
4 106 
4 107 
4 108 
4 111 
4 112 
4 114 
4 115 
4 119 
4 120 
4 124 
5 8 
5 9 
5 11 
5 17 
5 20 
5 21 
5 26 
5 29 
5 31 
5 36 
5 37 
5 42 
5 43 
5 47 
5 50 
5 51 
5 57 
5 62 
5 69 
5 77 
5 79 
5 81 
5 85 
5 93 
5 96 
5 98 
5 101 
5 102 
5 103 
5 108 
5 111 
5 112 
5 118 
5 126 
6 7 
6 8 
6 11 
6 13 
6 14 
6 25 
6 26 
6 28 
6 29 
6 37 
6 39 
6 41 
6 45 
6 51 
6 54 
6 55 
6 59 
6 64 
6 66 
6 68 
6 69 
6 72 
6 80 
6 84 
6 85 
6 89 
6 93 
6 96 
6 100 
6 101 
6 103 
6 108 
6 109 
6 112 
6 116 
6 118 
6 119 
6 122 
6 125 
6 128 
7 9 
7 11 
7 13 
7 17 
7 21 
7 22 
7 35 
7 37 
7 40 
7 52 
7 54 
7 55 
7 57 
7 58 
7 64 
7 65 
7 66 
7 67 
7 69 
7 72 
7 76 
7 81 
7 82 
7 86 
7 90 
7 93 
7 96 
7 98 
7 101 
7 102 
7 104 
7 106 
7 107 
7 108 
7 112 
7 114 
7 116 
7 118 
7 119 
7 121 
7 122 
7 123 
7 125 
8 16 
8 18 
8 20 
8 29 
8 30 
8 31 
8 44 
8 45 
8 47 
8 50 
8 59 
8 60 
8 65 
8 67 
8 69 
8 72 
8 74 
8 81 
8 83 
8 89 
8 90 
8 91 
8 94 
8 98 
8 99 
8 100 
8 110 
8 111 
8 112 
8 118 
8 119 
8 121 
8 124 
8 126 
8 127 
9 13 
9 15 
9 17 
9 26 
9 28 
9 29 
9 33 
9 34 
9 35 
9 37 
9 38 
9 41 
9 42 
9 43 
9 44 
9 46 
9 48 
9 49 
9 51 
9 54 
9 57 
9 58 
9 59 
9 76 
9 77 
9 79 
9 80 
9 81 
9 85 
9 88 
9 89 
9 93 
9 94 
9 95 
9 98 
9 99 
9 101 
9 102 
9 104 
9 106 
9 114 
9 117 
9 118 
9 120 
9 122 
9 127 
10 11 
10 12 
10 15 
10 16 
10 17 
10 18 
10 19 
10 21 
10 22 
10 25 
10 27 
10 30 
10 45 
10 46 
10 47 
10 48 
10 51 
10 52 
10 55 
10 60 
10 61 
10 64 
10 68 
10 70 
10 76 
10 77 
10 93 
10 97 
10 102 
10 105 
10 106 
10 108 
10 109 
10 113 
10 115 
10 119 
10 122 
10 128 
11 12 
11 25 
11 26 
11 29 
11 30 
11 31 
11 33 
11 35 
11 37 
11 39 
11 44 
11 49 
11 54 
11 55 
11 57 
11 58 
11 59 
11 62 
11 63 
11 66 
11 69 
11 71 
11 73 
11 77 
11 79 
11 85 
11 90 
11 93 
11 94 
11 96 
11 98 
11 101 
11 104 
11 105 
11 108 
11 114 
11 118 
11 119 
11 120 
11 124 
11 126 
12 14 
12 15 
12 23 
12 24 
12 26 
12 34 
12 37 
12 39 
12 43 
12 48 
12 51 
12 52 
12 54 
12 55 
12 56 
12 59 
12 60 
12 65 
12 66 
12 68 
12 69 
12 71 
12 77 
12 79 
12 80 
12 83 
12 87 
12 91 
12 92 
12 95 
12 96 
12 106 
12 108 
12 110 
12 114 
12 118 
12 119 
12 121 
12 122 
13 28 
13 29 
13 33 
13 35 
13 38 
13 39 
13 41 
13 42 
13 47 
13 48 
13 51 
13 56 
13 57 
13 59 
13 62 
13 68 
13 69 
13 70 
13 71 
13 73 
13 74 
13 76 
13 84 
13 85 
13 86 
13 91 
13 92 
13 93 
13 96 
13 105 
13 106 
13 107 
13 108 
13 110 
13 113 
13 115 
13 116 
13 124 
14 15 
14 17 
14 18 
14 20 
14 21 
14 24 
14 26 
14 28 
14 37 
14 38 
14 40 
14 41 
14 45 
14 46 
14 49 
14 51 
14 52 
14 53 
14 54 
14 57 
14 59 
14 63 
14 68 
14 69 
14 70 
14 72 
14 73 
14 74 
14 77 
14 81 
14 82 
14 83 
14 84 
14 87 
14 90 
14 92 
14 93 
14 97 
14 101 
14 106 
14 115 
14 116 
14 118 
14 123 
14 126 
15 19 
15 20 
15 21 
15 22 
15 26 
15 34 
15 35 
15 38 
15 39 
15 41 
15 43 
15 45 
15 54 
15 56 
15 58 
15 60 
15 61 
15 64 
15 77 
15 80 
15 83 
15 87 
15 91 
15 93 
15 94 
15 96 
15 104 
15 109 
15 113 
15 114 
15 115 
15 117 
15 121 
15 125 
15 126 
16 20 
16 21 
16 23 
16 24 
16 25 
16 30 
16 33 
16 35 
16 37 
16 39 
16 42 
16 49 
16 51 
16 54 
16 57 
16 63 
16 65 
16 69 
16 72 
16 75 
16 76 
16 79 
16 80 
16 82 
16 84 
16 88 
16 90 
16 95 
16 104 
16 107 
16 112 
16 115 
16 116 
16 118 
16 126 
17 19 
17 30 
17 31 
17 32 
17 35 
17 36 
17 37 
17 42 
17 44 
17 45 
17 46 
17 47 
17 49 
17 59 
17 64 
17 69 
17 70 
17 74 
17 78 
17 83 
17 84 
17 85 
17 87 
17 90 
17 92 
17 96 
17 97 
17 99 
17 102 
17 103 
17 104 
17 109 
17 113 
17 115 
17 118 
17 119 
17 120 
17 127 
18 23 
18 24 
18 25 
18 33 
18 34 
18 39 
18 40 
18 41 
18 43 
18 44 
18 52 
18 53 
18 57 
18 58 
18 61 
18 63 
18 71 
18 72 
18 73 
18 75 
18 78 
18 85 
18 87 
18 90 
18 93 
18 100 
18 102 
18 103 
18 104 
18 105 
18 110 
18 112 
18 118 
18 123 
18 124 
18 127 
19 20 
19 21 
19 22 
19 27 
19 28 
19 33 
19 38 
19 39 
19 43 
19 47 
19 50 
19 54 
19 57 
19 59 
19 65 
19 66 
19 67 
19 70 
19 71 
19 79 
19 80 
19 86 
19 91 
19 92 
19 99 
19 107 
19 109 
19 116 
19 120 
19 127 
20 24 
20 25 
20 27 
20 28 
20 31 
20 36 
20 38 
20 41 
20 43 
20 46 
20 48 
20 52 
20 57 
20 62 
20 65 
20 74 
20 77 
20 78 
20 81 
20 82 
20 84 
20 85 
20 87 
20 88 
20 89 
20 91 
20 94 
20 96 
20 99 
20 100 
20 102 
20 106 
20 107 
20 110 
20 114 
20 119 
20 124 
20 128 
21 23 
21 24 
21 30 
21 38 
21 39 
21 41 
21 47 
21 51 
21 55 
21 56 
21 64 
21 65 
21 68 
21 73 
21 83 
21 87 
21 88 
21 89 
21 90 
21 104 
21 110 
21 123 
21 125 
21 127 
22 28 
22 38 
22 43 
22 49 
22 51 
22 52 
22 53 
22 58 
22 64 
22 67 
22 72 
22 74 
22 77 
22 81 
22 82 
22 84 
22 88 
22 89 
22 91 
22 104 
22 105 
22 106 
22 107 
22 113 
22 114 
22 115 
22 116 
22 117 
22 119 
22 120 
22 121 
22 123 
22 124 
22 128 
23 26 
23 31 
23 32 
23 35 
23 36 
23 37 
23 38 
23 45 
23 46 
23 57 
23 62 
23 64 
23 65 
23 66 
23 67 
23 73 
23 75 
23 77 
23 80 
23 88 
23 96 
23 102 
23 103 
23 104 
23 110 
23 111 
23 112 
23 115 
23 116 
24 30 
24 32 
24 34 
24 41 
24 42 
24 46 
24 50 
24 52 
24 53 
24 54 
24 55 
24 60 
24 63 
24 66 
24 71 
24 73 
24 77 
24 80 
24 82 
24 86 
24 88 
24 91 
24 92 
24 93 
24 94 
24 98 
24 100 
24 102 
24 105 
24 106 
24 107 
24 110 
24 119 
24 120 
24 122 
24 127 
24 128 
25 26 
25 33 
25 34 
25 35 
25 36 
25 38 
25 39 
25 46 
25 50 
25 51 
25 56 
25 57 
25 59 
25 60 
25 66 
25 68 
25 71 
25 75 
25 78 
25 81 
25 85 
25 86 
25 87 
25 88 
25 92 
25 93 
25 95 
25 96 
25 97 
25 99 
25 100 
25 101 
25 103 
25 104 
25 111 
25 112 
25 114 
25 115 
25 116 
25 120 
25 122 
25 125 
25 127 
26 28 
26 30 
26 34 
26 35 
26 36 
26 37 
26 39 
26 43 
26 45 
26 46 
26 47 
26 48 
26 53 
26 55 
26 58 
26 60 
26 64 
26 65 
26 67 
26 70 
26 72 
26 73 
26 74 
26 75 
26 79 
26 89 
26 90 
26 92 
26 93 
26 95 
26 96 
26 103 
26 107 
26 114 
26 121 
26 124 
27 30 
27 31 
27 35 
27 41 
27 43 
27 45 
27 48 
27 50 
27 51 
27 60 
27 64 
27 66 
27 67 
27 68 
27 71 
27 77 
27 78 
27 82 
27 83 
27 88 
27 89 
27 91 
27 97 
27 98 
27 107 
27 108 
27 110 
27 115 
27 116 
27 118 
27 120 
27 123 
27 125 
27 126 
28 36 
28 45 
28 46 
28 47 
28 48 
28 51 
28 55 
28 56 
28 63 
28 67 
28 71 
28 72 
28 74 
28 78 
28 83 
28 84 
28 87 
28 89 
28 91 
28 92 
28 93 
28 95 
28 97 
28 98 
28 99 
28 101 
28 102 
28 103 
28 105 
28 112 
28 114 
28 118 
28 122 
28 123 
28 126 
29 31 
29 32 
29 35 
29 40 
29 47 
29 48 
29 50 
29 51 
29 52 
29 54 
29 55 
29 59 
29 60 
29 61 
29 65 
29 68 
29 70 
29 74 
29 83 
29 85 
29 87 
29 92 
29 93 
29 95 
29 99 
29 103 
29 106 
29 110 
29 111 
29 112 
29 113 
29 115 
29 119 
30 31 
30 37 
30 39 
30 44 
30 45 
30 46 
30 48 
30 53 
30 56 
30 59 
30 61 
30 62 
30 65 
30 71 
30 78 
30 79 
30 80 
30 81 
30 100 
30 102 
30 103 
30 104 
30 106 
30 108 
30 109 
30 112 
30 113 
30 118 
30 119 
30 123 
30 126 
31 32 
31 33 
31 35 
31 44 
31 47 
31 48 
31 50 
31 53 
31 54 
31 66 
31 75 
31 78 
31 80 
31 82 
31 83 
31 86 
31 87 
31 88 
31 89 
31 91 
31 99 
31 100 
31 107 
31 112 
31 113 
31 119 
31 121 
31 125 
31 128 
32 34 
32 35 
32 36 
32 38 
32 40 
32 45 
32 46 
32 48 
32 49 
32 50 
32 52 
32 55 
32 61 
32 62 
32 63 
32 65 
32 67 
32 71 
32 72 
32 73 
32 83 
32 87 
32 89 
32 91 
32 92 
32 93 
32 94 
32 96 
32 98 
32 102 
32 104 
32 106 
32 107 
32 110 
32 113 
32 119 
32 124 
32 126 
33 37 
33 42 
33 45 
33 46 
33 49 
33 54 
33 57 
33 61 
33 67 
33 71 
33 73 
33 77 
33 78 
33 79 
33 83 
33 85 
33 88 
33 89 
33 91 
33 96 
33 100 
33 104 
33 107 
33 112 
33 113 
33 115 
33 126 
34 36 
34 39 
34 40 
34 45 
34 49 
34 52 
34 54 
34 59 
34 65 
34 67 
34 68 
34 69 
34 71 
34 75 
34 80 
34 82 
34 84 
34 85 
34 86 
34 90 
34 92 
34 94 
34 95 
34 100 
34 101 
34 103 
34 108 
34 109 
34 113 
34 114 
34 117 
34 123 
34 125 
34 126 
34 128 
35 36 
35 41 
35 44 
35 46 
35 53 
35 54 
35 55 
35 57 
35 63 
35 73 
35 78 
35 80 
35 81 
35 82 
35 83 
35 85 
35 89 
35 91 
35 94 
35 99 
35 103 
35 105 
35 106 
35 107 
35 108 
35 110 
35 112 
35 113 
35 117 
35 122 
35 124 
35 125 
35 127 
36 37 
36 38 
36 48 
36 50 
36 51 
36 54 
36 56 
36 58 
36 62 
36 63 
36 68 
36 69 
36 75 
36 76 
36 89 
36 90 
36 92 
36 99 
36 100 
36 101 
36 103 
36 104 
36 105 
36 112 
36 113 
36 118 
36 119 
36 121 
36 123 
36 124 
37 44 
37 45 
37 48 
37 49 
37 60 
37 61 
37 62 
37 63 
37 64 
37 65 
37 67 
37 74 
37 78 
37 84 
37 86 
37 89 
37 97 
37 98 
37 99 
37 101 
37 102 
37 106 
37 107 
37 108 
37 110 
37 111 
37 115 
38 41 
38 45 
38 47 
38 51 
38 52 
38 53 
38 55 
38 67 
38 68 
38 71 
38 73 
38 75 
38 79 
38 84 
38 91 
38 93 
38 96 
38 103 
38 108 
38 110 
38 111 
38 118 
38 124 
38 126 
38 128 
39 41 
39 43 
39 45 
39 53 
39 54 
39 59 
39 62 
39 64 
39 70 
39 72 
39 78 
39 79 
39 82 
39 86 
39 89 
39 92 
39 103 
39 105 
39 106 
39 113 
39 114 
39 115 
39 116 
39 118 
39 121 
39 122 
39 123 
39 125 
40 41 
40 42 
40 45 
40 46 
40 52 
40 55 
40 56 
40 57 
40 58 
40 59 
40 71 
40 75 
40 77 
40 81 
40 84 
40 86 
40 89 
40 95 
40 101 
40 105 
40 114 
40 117 
40 118 
40 120 
40 128 
41 49 
41 52 
41 53 
41 55 
41 59 
41 65 
41 66 
41 67 
41 68 
41 69 
41 70 
41 74 
41 77 
41 78 
41 80 
41 81 
41 84 
41 85 
41 90 
41 91 
41 92 
41 93 
41 98 
41 103 
41 104 
41 106 
41 110 
41 115 
41 116 
41 119 
41 120 
41 121 
41 122 
41 123 
41 127 
42 43 
42 48 
42 49 
42 50 
42 52 
42 61 
42 65 
42 66 
42 73 
42 79 
42 81 
42 83 
42 88 
42 89 
42 92 
42 95 
42 100 
42 106 
42 110 
42 117 
42 118 
42 120 
42 122 
42 126 
43 47 
43 52 
43 54 
43 58 
43 59 
43 64 
43 69 
43 71 
43 72 
43 75 
43 78 
43 80 
43 83 
43 88 
43 91 
43 94 
43 95 
43 97 
43 99 
43 104 
43 109 
43 111 
43 114 
43 115 
43 118 
43 126 
44 45 
44 51 
44 53 
44 56 
44 67 
44 69 
44 70 
44 74 
44 75 
44 78 
44 79 
44 82 
44 86 
44 98 
44 104 
44 105 
44 106 
44 108 
44 111 
44 113 
44 114 
44 115 
44 118 
44 123 
44 125 
44 128 
45 48 
45 49 
45 57 
45 61 
45 62 
45 63 
45 64 
45 66 
45 68 
45 73 
45 74 
45 77 
45 80 
45 81 
45 84 
45 92 
45 96 
45 100 
45 106 
45 107 
45 112 
45 116 
45 117 
45 127 
45 128 
46 47 
46 50 
46 52 
46 54 
46 63 
46 64 
46 69 
46 75 
46 77 
46 78 
46 79 
46 88 
46 89 
46 91 
46 93 
46 98 
46 100 
46 107 
46 110 
46 112 
46 118 
46 120 
46 122 
46 126 
47 58 
47 59 
47 67 
47 70 
47 78 
47 85 
47 86 
47 89 
47 90 
47 94 
47 97 
47 102 
47 103 
47 104 
47 110 
47 111 
47 113 
47 117 
47 119 
47 124 
47 125 
47 126 
48 55 
48 56 
48 57 
48 64 
48 66 
48 68 
48 72 
48 73 
48 80 
48 81 
48 82 
48 83 
48 85 
48 88 
48 89 
48 93 
48 95 
48 96 
48 98 
48 99 
48 101 
48 102 
48 103 
48 106 
48 108 
48 119 
48 120 
48 121 
48 128 
49 52 
49 53 
49 55 
49 58 
49 64 
49 67 
49 68 
49 69 
49 73 
49 74 
49 84 
49 85 
49 86 
49 97 
49 98 
49 102 
49 105 
49 106 
49 107 
49 110 
49 115 
49 116 
49 119 
49 120 
49 121 
49 122 
49 123 
49 124 
49 126 
50 52 
50 53 
50 54 
50 56 
50 57 
50 58 
50 59 
50 61 
50 64 
50 65 
50 66 
50 67 
50 68 
50 70 
50 71 
50 74 
50 79 
50 84 
50 86 
50 88 
50 89 
50 93 
50 98 
50 100 
50 104 
50 106 
50 108 
50 111 
50 116 
50 124 
50 126 
51 57 
51 63 
51 65 
51 69 
51 70 
51 76 
51 77 
51 80 
51 82 
51 86 
51 87 
51 90 
51 93 
51 94 
51 97 
51 98 
51 102 
51 104 
51 107 
51 109 
51 113 
51 114 
51 120 
51 127 
52 54 
52 55 
52 62 
52 66 
52 69 
52 70 
52 71 
52 73 
52 79 
52 81 
52 82 
52 83 
52 86 
52 93 
52 94 
52 98 
52 99 
52 100 
52 103 
52 104 
52 113 
52 122 
52 123 
52 126 
52 127 
53 54 
53 57 
53 59 
53 62 
53 67 
53 68 
53 75 
53 80 
53 82 
53 85 
53 86 
53 89 
53 91 
53 92 
53 95 
53 98 
53 100 
53 104 
53 106 
53 109 
53 118 
53 119 
53 122 
53 123 
53 126 
53 127 
53 128 
54 56 
54 57 
54 60 
54 61 
54 63 
54 65 
54 67 
54 70 
54 75 
54 76 
54 79 
54 91 
54 92 
54 93 
54 94 
54 95 
54 97 
54 101 
54 102 
54 109 
54 111 
54 114 
54 115 
54 116 
54 117 
54 120 
54 121 
54 123 
54 124 
54 128 
55 66 
55 69 
55 72 
55 73 
55 75 
55 77 
55 81 
55 82 
55 85 
55 86 
55 88 
55 91 
55 94 
55 98 
55 100 
55 101 
55 103 
55 105 
55 107 
55 108 
55 109 
55 110 
55 111 
55 120 
55 126 
56 59 
56 64 
56 65 
56 66 
56 67 
56 70 
56 71 
56 74 
56 76 
56 77 
56 82 
56 83 
56 91 
56 93 
56 99 
56 102 
56 103 
56 107 
56 110 
56 115 
56 117 
56 118 
56 120 
56 124 
57 58 
57 59 
57 62 
57 65 
57 66 
57 67 
57 68 
57 72 
57 73 
57 84 
57 85 
57 88 
57 93 
57 96 
57 103 
57 107 
57 108 
57 110 
57 111 
57 113 
57 114 
57 115 
57 117 
57 119 
57 120 
57 122 
57 125 
58 61 
58 67 
58 68 
58 70 
58 72 
58 73 
58 75 
58 77 
58 79 
58 80 
58 85 
58 86 
58 89 
58 90 
58 91 
58 97 
58 99 
58 100 
58 105 
58 106 
58 107 
58 112 
58 118 
58 119 
58 124 
59 75 
59 78 
59 82 
59 83 
59 86 
59 88 
59 89 
59 90 
59 92 
59 95 
59 97 
59 98 
59 99 
59 101 
59 102 
59 103 
59 105 
59 111 
59 112 
59 114 
59 115 
59 116 
59 120 
59 122 
59 123 
59 124 
59 125 
59 127 
60 61 
60 63 
60 66 
60 69 
60 74 
60 75 
60 76 
60 78 
60 82 
60 86 
60 96 
60 109 
60 110 
60 116 
60 117 
60 118 
60 119 
60 120 
60 124 
60 125 
60 128 
61 62 
61 68 
61 70 
61 77 
61 78 
61 79 
61 80 
61 81 
61 83 
61 84 
61 91 
61 98 
61 100 
61 104 
61 108 
61 111 
61 117 
61 121 
61 128 
62 64 
62 71 
62 73 
62 80 
62 83 
62 84 
62 91 
62 94 
62 104 
62 105 
62 107 
62 108 
62 113 
62 118 
62 123 
62 125 
62 126 
63 64 
63 68 
63 72 
63 73 
63 74 
63 79 
63 83 
63 84 
63 86 
63 89 
63 90 
63 91 
63 92 
63 103 
63 104 
63 105 
63 106 
63 108 
63 109 
63 110 
63 117 
63 118 
63 123 
64 66 
64 72 
64 76 
64 83 
64 84 
64 85 
64 86 
64 88 
64 90 
64 93 
64 95 
64 101 
64 103 
64 109 
64 111 
64 113 
64 115 
64 116 
65 69 
65 70 
65 71 
65 76 
65 80 
65 81 
65 82 
65 92 
65 93 
65 98 
65 102 
65 107 
65 110 
65 115 
65 118 
66 68 
66 69 
66 70 
66 71 
66 75 
66 76 
66 77 
66 79 
66 83 
66 85 
66 97 
66 98 
66 109 
66 112 
66 114 
66 115 
66 116 
66 117 
66 120 
66 121 
66 124 
66 125 
66 126 
67 70 
67 78 
67 80 
67 81 
67 82 
67 86 
67 87 
67 93 
67 98 
67 102 
67 107 
67 108 
67 110 
67 112 
67 115 
67 118 
67 121 
68 69 
68 74 
68 78 
68 80 
68 84 
68 87 
68 88 
68 89 
68 92 
68 94 
68 95 
68 96 
68 104 
68 106 
68 108 
68 112 
68 116 
68 123 
68 125 
68 128 
69 75 
69 77 
69 78 
69 92 
69 93 
69 94 
69 98 
69 101 
69 102 
69 109 
69 113 
69 116 
69 117 
69 120 
69 122 
69 124 
69 128 
70 74 
70 77 
70 84 
70 85 
70 87 
70 89 
70 93 
70 104 
70 106 
70 110 
70 118 
70 120 
70 121 
70 123 
70 124 
70 126 
70 127 
71 73 
71 78 
71 82 
71 85 
71 90 
71 94 
71 96 
71 98 
71 99 
71 101 
71 103 
71 106 
71 107 
71 110 
71 115 
71 117 
71 119 
71 120 
71 123 
72 74 
72 79 
72 80 
72 84 
72 85 
72 89 
72 91 
72 92 
72 96 
72 97 
72 98 
72 104 
72 105 
72 107 
72 109 
72 110 
72 115 
72 118 
72 121 
72 122 
72 123 
73 78 
73 82 
73 85 
73 86 
73 87 
73 88 
73 92 
73 94 
73 97 
73 100 
73 105 
73 107 
73 110 
73 112 
73 114 
73 115 
73 117 
73 118 
73 120 
73 125 
74 81 
74 85 
74 88 
74 90 
74 93 
74 94 
74 97 
74 103 
74 104 
74 105 
74 109 
74 112 
74 116 
74 117 
74 128 
75 76 
75 78 
75 79 
75 81 
75 82 
75 86 
75 87 
75 89 
75 91 
75 94 
75 96 
75 98 
75 100 
75 104 
75 105 
75 107 
75 109 
75 116 
75 118 
75 119 
75 121 
75 122 
75 123 
75 126 
76 78 
76 83 
76 91 
76 102 
76 109 
76 110 
76 112 
76 113 
76 116 
76 117 
76 121 
76 124 
77 84 
77 86 
77 89 
77 90 
77 92 
77 101 
77 102 
77 106 
77 109 
77 110 
77 111 
77 113 
77 114 
77 115 
77 122 
77 123 
78 86 
78 87 
78 101 
78 102 
78 103 
78 104 
78 105 
78 106 
78 109 
78 114 
78 116 
78 122 
78 125 
79 81 
79 82 
79 86 
79 87 
79 90 
79 95 
79 97 
79 102 
79 109 
79 115 
79 125 
79 128 
80 82 
80 83 
80 89 
80 93 
80 96 
80 102 
80 105 
80 106 
80 115 
81 82 
81 89 
81 90 
81 96 
81 100 
82 87 
82 88 
82 89 
82 97 
82 98 
82 101 
82 109 
82 110 
82 111 
82 116 
82 119 
82 124 
82 125 
82 126 
82 127 
83 86 
83 88 
83 92 
83 99 
83 101 
83 104 
83 106 
83 110 
83 116 
83 120 
83 121 
83 122 
83 123 
84 85 
84 87 
84 94 
84 98 
84 103 
84 105 
84 106 
84 108 
84 109 
84 110 
84 119 
84 122 
84 123 
84 125 
84 128 
85 86 
85 90 
85 95 
85 98 
85 99 
85 103 
85 104 
85 105 
85 110 
85 113 
85 114 
85 118 
85 128 
86 88 
86 89 
86 97 
86 98 
86 108 
86 110 
86 113 
86 116 
86 117 
86 118 
86 121 
86 123 
86 124 
86 127 
86 128 
87 99 
87 103 
87 105 
87 107 
87 110 
87 116 
87 117 
87 124 
87 127 
87 128 
88 89 
88 100 
88 101 
88 108 
88 111 
88 114 
88 117 
88 119 
88 126 
89 90 
89 92 
89 97 
89 99 
89 100 
89 107 
89 113 
89 114 
89 118 
89 123 
89 124 
89 125 
89 126 
89 127 
90 93 
90 94 
90 96 
90 97 
90 99 
90 100 
90 111 
90 112 
90 113 
90 115 
90 117 
90 123 
90 125 
91 95 
91 96 
91 98 
91 110 
91 112 
91 119 
91 122 
92 94 
92 96 
92 97 
92 99 
92 100 
92 102 
92 103 
92 104 
92 112 
92 115 
92 121 
92 123 
93 95 
93 96 
93 99 
93 106 
93 109 
93 110 
93 111 
93 113 
93 114 
93 121 
93 122 
93 125 
94 96 
94 98 
94 103 
94 104 
94 105 
94 106 
94 109 
94 112 
94 113 
94 118 
94 120 
94 126 
95 99 
95 100 
95 101 
95 103 
95 105 
95 109 
95 114 
95 116 
95 117 
95 118 
95 122 
95 126 
96 100 
96 107 
96 110 
96 111 
96 115 
96 116 
96 119 
96 121 
96 123 
96 124 
96 125 
97 104 
97 107 
97 108 
97 109 
97 111 
97 113 
97 114 
97 115 
97 122 
97 124 
97 126 
97 128 
98 113 
98 115 
98 119 
98 122 
98 124 
98 126 
99 101 
99 103 
99 104 
99 105 
99 108 
99 109 
99 110 
99 114 
99 120 
99 125 
99 128 
100 101 
100 102 
100 110 
100 111 
100 113 
100 115 
100 118 
100 120 
100 122 
101 102 
101 105 
101 108 
101 110 
101 111 
101 114 
101 116 
101 123 
102 105 
102 107 
102 111 
102 112 
102 115 
102 118 
102 121 
102 122 
102 124 
102 126 
102 127 
103 104 
103 105 
103 108 
103 115 
103 119 
103 122 
103 123 
104 105 
104 107 
104 121 
104 124 
104 125 
104 127 
104 128 
105 107 
105 109 
105 111 
105 113 
106 108 
106 115 
106 116 
106 117 
106 119 
106 122 
106 126 
107 108 
107 109 
107 114 
107 121 
107 123 
107 124 
107 127 
108 119 
108 121 
108 124 
108 128 
109 112 
109 114 
109 116 
109 118 
109 120 
109 122 
109 123 
109 124 
109 126 
109 127 
109 128 
110 111 
110 115 
110 116 
110 121 
110 125 
110 128 
111 112 
111 114 
111 117 
111 120 
111 122 
111 125 
111 128 
112 114 
112 124 
112 125 
113 119 
113 122 
114 118 
114 119 
114 122 
114 124 
114 125 
114 127 
115 117 
115 119 
115 120 
115 122 
115 126 
115 127 
116 121 
116 122 
116 124 
116 126 
117 121 
117 122 
117 123 
117 127 
118 122 
118 123 
118 124 
119 120 
119 122 
119 128 
120 123 
120 124 
121 124 
121 126 
121 127 
123 125 
123 127 
123 128 
124 126 
124 128 
125 127 
126 127 
