128 4465
1
2
3
4
5
6
7
8
9
10
11
12
13
14
15
16
17
18
19
20
21
22
23
24
25
26
27
28
29
30
31
32
33
34
35
36
37
38
39
40
41
42
43
44
45
46
47
48
49
50
51
52
53
54
55
56
57
58
59
60
61
62
63
64
65
66
67
68
69
70
71
72
73
74
75
76
77
78
79
80
81
82
83
84
85
86
87
88
89
90
91
92
93
94
95
96
97
98
99
100
101
102
103
104
105
106
107
108
109
110
111
112
113
114
115
116
117
118
119
120
121
122
123
124
125
126
127
128
1 4 
1 5 
1 9 
1 10 
1 12 
1 15 
1 16 
1 19 
1 20 
1 21 
1 23 
1 25 
1 26 
1 27 
1 28 
1 29 
1 30 
1 33 
1 34 
1 35 
1 36 
1 39 
1 41 
1 42 
1 47 
1 48 
1 50 
1 51 
1 52 
1 54 
1 56 
1 57 
1 58 
1 59 
1 60 
1 62 
1 63 
1 66 
1 69 
1 72 
1 74 
1 79 
1 80 
1 82 
1 83 
1 85 
1 88 
1 90 
1 91 
1 92 
1 94 
1 95 
1 98 
1 99 
1 100 
1 101 
1 102 
1 107 
1 110 
1 112 
1 113 
1 116 
1 119 
1 120 
1 122 
1 123 
1 125 
1 127 
1 128 
2 3 
2 4 
2 5 
2 6 
2 7 
2 8 
2 10 
2 11 
2 15 
2 17 
2 18 
2 19 
2 20 
2 21 
2 22 
2 23 
2 24 
2 27 
2 31 
2 32 
2 34 
2 36 
2 40 
2 41 
2 42 
2 43 
2 46 
2 47 
2 49 
2 50 
2 51 
2 53 
2 54 
2 56 
2 58 
2 59 
2 62 
2 65 
2 68 
2 69 
2 71 
2 72 
2 73 
2 76 
2 77 
2 79 
2 82 
2 85 
2 86 
2 88 
2 90 
2 91 
2 95 
2 97 
2 100 
2 101 
2 103 
2 105 
2 106 
2 107 
2 108 
2 109 
2 110 
2 113 
2 115 
2 117 
2 119 
2 123 
2 124 
2 125 
2 128 
3 4 
3 8 
3 10 
3 11 
3 14 
3 15 
3 17 
3 22 
3 28 
3 30 
3 32 
3 34 
3 35 
3 36 
3 37 
3 38 
3 39 
3 40 
3 41 
3 42 
3 47 
3 50 
3 51 
3 52 
3 56 
3 58 
3 62 
3 64 
3 67 
3 68 
3 69 
3 76 
3 77 
3 80 
3 81 
3 83 
3 91 
3 92 
3 96 
3 97 
3 98 
3 99 
3 101 
3 105 
3 106 
3 109 
3 110 
3 111 
3 112 
3 113 
3 117 
3 118 
3 119 
3 120 
3 121 
3 123 
3 126 
3 128 
4 6 
4 7 
4 8 
4 10 
4 13 
4 14 
4 15 
4 17 
4 20 
4 22 
4 23 
4 25 
4 28 
4 31 
4 32 
4 34 
4 35 
4 36 
4 37 
4 38 
4 40 
4 45 
4 46 
4 47 
4 49 
4 50 
4 51 
4 52 
4 55 
4 56 
4 57 
4 59 
4 60 
4 61 
4 62 
4 63 
4 64 
4 66 
4 69 
4 75 
4 79 
4 82 
4 84 
4 88 
4 91 
4 92 
4 96 
4 101 
4 104 
4 106 
4 107 
4 109 
4 110 
4 115 
4 116 
4 117 
4 118 
4 119 
4 121 
4 122 
4 124 
4 126 
4 128 
5 6 
5 9 
5 10 
5 12 
5 17 
5 25 
5 27 
5 29 
5 35 
5 36 
5 37 
5 38 
5 41 
5 44 
5 45 
5 49 
5 50 
5 51 
5 52 
5 54 
5 56 
5 60 
5 61 
5 64 
5 65 
5 67 
5 69 
5 70 
5 73 
5 74 
5 75 
5 76 
5 77 
5 78 
5 79 
5 80 
5 82 
5 83 
5 85 
5 86 
5 87 
5 89 
5 90 
5 91 
5 93 
5 96 
5 100 
5 101 
5 102 
5 103 
5 104 
5 105 
5 106 
5 107 
5 109 
5 113 
5 114 
5 119 
5 120 
5 125 
5 127 
5 128 
6 8 
6 10 
6 11 
6 13 
6 15 
6 16 
6 18 
6 21 
6 24 
6 25 
6 26 
6 29 
6 31 
6 32 
6 33 
6 34 
6 35 
6 36 
6 37 
6 38 
6 40 
6 41 
6 42 
6 43 
6 45 
6 48 
6 49 
6 52 
6 54 
6 55 
6 56 
6 58 
6 59 
6 61 
6 62 
6 65 
6 69 
6 70 
6 71 
6 73 
6 74 
6 75 
6 76 
6 77 
6 79 
6 80 
6 81 
6 82 
6 83 
6 85 
6 86 
6 87 
6 88 
6 90 
6 95 
6 97 
6 99 
6 101 
6 102 
6 103 
6 104 
6 105 
6 108 
6 111 
6 112 
6 113 
6 114 
6 116 
6 117 
6 118 
6 119 
6 124 
6 128 
7 10 
7 12 
7 13 
7 15 
7 16 
7 17 
7 20 
7 21 
7 23 
7 26 
7 27 
7 30 
7 31 
7 32 
7 33 
7 34 
7 35 
7 40 
7 42 
7 45 
7 49 
7 51 
7 52 
7 53 
7 57 
7 58 
7 61 
7 64 
7 65 
7 67 
7 69 
7 71 
7 73 
7 75 
7 76 
7 77 
7 78 
7 79 
7 80 
7 81 
7 83 
7 85 
7 87 
7 88 
7 89 
7 91 
7 94 
7 96 
7 98 
7 101 
7 103 
7 104 
7 106 
7 107 
7 108 
7 109 
7 110 
7 111 
7 112 
7 113 
7 114 
7 119 
7 120 
7 124 
7 125 
7 127 
7 128 
8 10 
8 11 
8 12 
8 13 
8 19 
8 21 
8 23 
8 25 
8 26 
8 29 
8 30 
8 31 
8 33 
8 34 
8 36 
8 37 
8 38 
8 40 
8 42 
8 43 
8 44 
8 46 
8 48 
8 50 
8 51 
8 52 
8 53 
8 54 
8 55 
8 63 
8 64 
8 66 
8 68 
8 69 
8 73 
8 74 
8 76 
8 77 
8 79 
8 81 
8 83 
8 84 
8 88 
8 89 
8 91 
8 94 
8 95 
8 96 
8 97 
8 99 
8 100 
8 102 
8 103 
8 106 
8 109 
8 110 
8 111 
8 113 
8 114 
8 115 
8 118 
8 120 
8 123 
8 124 
8 127 
8 128 
9 12 
9 13 
9 14 
9 17 
9 20 
9 21 
9 27 
9 28 
9 30 
9 32 
9 33 
9 35 
9 37 
9 42 
9 44 
9 45 
9 47 
9 51 
9 54 
9 55 
9 56 
9 57 
9 59 
9 60 
9 61 
9 62 
9 63 
9 64 
9 65 
9 66 
9 67 
9 68 
9 69 
9 70 
9 71 
9 72 
9 73 
9 75 
9 76 
9 77 
9 82 
9 85 
9 86 
9 87 
9 89 
9 90 
9 92 
9 93 
9 94 
9 95 
9 97 
9 98 
9 99 
9 103 
9 104 
9 109 
9 110 
9 113 
9 114 
9 115 
9 117 
9 118 
9 120 
9 124 
9 125 
9 126 
10 11 
10 12 
10 13 
10 14 
10 15 
10 16 
10 17 
10 19 
10 20 
10 21 
10 23 
10 24 
10 25 
10 26 
10 27 
10 31 
10 35 
10 37 
10 38 
10 39 
10 41 
10 43 
10 44 
10 45 
10 46 
10 48 
10 49 
10 52 
10 55 
10 58 
10 61 
10 62 
10 63 
10 64 
10 65 
10 66 
10 67 
10 69 
10 72 
10 74 
10 75 
10 79 
10 80 
10 82 
10 85 
10 86 
10 87 
10 89 
10 90 
10 91 
10 92 
10 93 
10 94 
10 98 
10 103 
10 104 
10 106 
10 107 
10 108 
10 109 
10 110 
10 111 
10 112 
10 113 
10 116 
10 118 
10 120 
10 122 
10 124 
10 125 
10 128 
11 12 
11 15 
11 16 
11 19 
11 21 
11 22 
11 24 
11 26 
11 27 
11 30 
11 31 
11 33 
11 37 
11 39 
11 42 
11 44 
11 45 
11 46 
11 47 
11 48 
11 49 
11 51 
11 52 
11 58 
11 59 
11 61 
11 62 
11 64 
11 65 
11 68 
11 69 
11 76 
11 77 
11 79 
11 80 
11 81 
11 82 
11 83 
11 84 
11 87 
11 88 
11 89 
11 94 
11 95 
11 98 
11 100 
11 101 
11 102 
11 103 
11 104 
11 105 
11 107 
11 108 
11 110 
11 114 
11 115 
11 117 
11 118 
11 119 
11 121 
11 124 
11 127 
12 13 
12 15 
12 16 
12 17 
12 20 
12 21 
12 22 
12 23 
12 24 
12 25 
12 26 
12 27 
12 28 
12 29 
12 30 
12 31 
12 32 
12 35 
12 36 
12 37 
12 39 
12 42 
12 43 
12 47 
12 53 
12 55 
12 56 
12 57 
12 59 
12 62 
12 63 
12 64 
12 67 
12 69 
12 70 
12 71 
12 72 
12 73 
12 77 
12 80 
12 84 
12 85 
12 87 
12 89 
12 90 
12 91 
12 94 
12 96 
12 99 
12 102 
12 103 
12 104 
12 106 
12 107 
12 109 
12 111 
12 113 
12 116 
12 119 
12 120 
12 122 
12 125 
12 127 
12 128 
13 16 
13 17 
13 18 
13 19 
13 27 
13 28 
13 29 
13 30 
13 35 
13 36 
13 37 
13 38 
13 39 
13 40 
13 41 
13 43 
13 47 
13 49 
13 50 
13 52 
13 55 
13 56 
13 57 
13 58 
13 60 
13 61 
13 64 
13 67 
13 68 
13 69 
13 70 
13 72 
13 74 
13 76 
13 79 
13 81 
13 82 
13 85 
13 86 
13 88 
13 91 
13 92 
13 93 
13 94 
13 97 
13 98 
13 99 
13 100 
13 102 
13 108 
13 110 
13 111 
13 112 
13 113 
13 114 
13 115 
13 116 
13 119 
13 121 
13 122 
13 123 
13 125 
13 126 
13 128 
14 15 
14 18 
14 20 
14 22 
14 28 
14 29 
14 32 
14 33 
14 34 
14 35 
14 39 
14 40 
14 45 
14 46 
14 47 
14 48 
14 49 
14 51 
14 52 
14 53 
14 58 
14 59 
14 60 
14 61 
14 63 
14 66 
14 67 
14 68 
14 69 
14 70 
14 71 
14 73 
14 74 
14 75 
14 76 
14 78 
14 79 
14 80 
14 83 
14 84 
14 86 
14 88 
14 90 
14 92 
14 93 
14 95 
14 97 
14 98 
14 99 
14 100 
14 101 
14 102 
14 109 
14 110 
14 111 
14 112 
14 115 
14 117 
14 118 
14 119 
14 122 
14 123 
14 126 
15 18 
15 20 
15 21 
15 25 
15 28 
15 29 
15 30 
15 31 
15 32 
15 33 
15 34 
15 35 
15 36 
15 37 
15 40 
15 41 
15 43 
15 46 
15 48 
15 49 
15 51 
15 52 
15 59 
15 60 
15 62 
15 64 
15 66 
15 71 
15 73 
15 74 
15 77 
15 78 
15 81 
15 85 
15 87 
15 89 
15 92 
15 94 
15 95 
15 96 
15 104 
15 107 
15 108 
15 110 
15 112 
15 113 
15 115 
15 117 
15 118 
15 121 
15 124 
15 126 
15 127 
16 17 
16 19 
16 21 
16 24 
16 25 
16 26 
16 27 
16 30 
16 31 
16 33 
16 34 
16 38 
16 39 
16 40 
16 41 
16 42 
16 43 
16 44 
16 45 
16 46 
16 49 
16 51 
16 52 
16 53 
16 55 
16 57 
16 58 
16 59 
16 60 
16 61 
16 62 
16 63 
16 64 
16 65 
16 66 
16 67 
16 70 
16 72 
16 75 
16 76 
16 79 
16 81 
16 82 
16 85 
16 89 
16 92 
16 93 
16 94 
16 96 
16 97 
16 98 
16 100 
16 108 
16 110 
16 112 
16 115 
16 116 
16 117 
16 120 
16 123 
16 124 
16 125 
16 126 
17 18 
17 19 
17 20 
17 22 
17 25 
17 26 
17 27 
17 28 
17 29 
17 30 
17 31 
17 32 
17 36 
17 37 
17 39 
17 49 
17 50 
17 51 
17 54 
17 55 
17 56 
17 57 
17 58 
17 60 
17 61 
17 62 
17 64 
17 66 
17 70 
17 71 
17 74 
17 75 
17 76 
17 77 
17 78 
17 79 
17 80 
17 84 
17 85 
17 86 
17 87 
17 88 
17 89 
17 90 
17 93 
17 94 
17 95 
17 96 
17 98 
17 100 
17 101 
17 105 
17 106 
17 109 
17 111 
17 117 
17 119 
17 121 
17 125 
17 127 
18 20 
18 22 
18 23 
18 24 
18 26 
18 27 
18 28 
18 29 
18 31 
18 34 
18 35 
18 37 
18 38 
18 41 
18 42 
18 44 
18 45 
18 46 
18 47 
18 49 
18 50 
18 51 
18 52 
18 53 
18 59 
18 61 
18 62 
18 63 
18 65 
18 66 
18 68 
18 69 
18 70 
18 71 
18 72 
18 75 
18 77 
18 79 
18 80 
18 81 
18 83 
18 84 
18 89 
18 91 
18 93 
18 94 
18 96 
18 97 
18 98 
18 99 
18 101 
18 103 
18 104 
18 105 
18 106 
18 111 
18 112 
18 114 
18 115 
18 119 
18 122 
18 124 
18 125 
18 126 
18 127 
18 128 
19 21 
19 24 
19 25 
19 28 
19 29 
19 30 
19 32 
19 33 
19 34 
19 36 
19 37 
19 40 
19 41 
19 42 
19 44 
19 48 
19 49 
19 50 
19 51 
19 52 
19 53 
19 54 
19 56 
19 58 
19 60 
19 61 
19 62 
19 69 
19 70 
19 74 
19 75 
19 76 
19 77 
19 78 
19 79 
19 80 
19 81 
19 82 
19 84 
19 85 
19 87 
19 88 
19 89 
19 90 
19 91 
19 93 
19 94 
19 95 
19 96 
19 97 
19 98 
19 99 
19 100 
19 101 
19 102 
19 103 
19 105 
19 108 
19 111 
19 114 
19 115 
19 120 
19 123 
19 124 
19 126 
19 128 
20 22 
20 23 
20 25 
20 28 
20 29 
20 30 
20 33 
20 34 
20 35 
20 36 
20 38 
20 39 
20 40 
20 41 
20 43 
20 45 
20 47 
20 48 
20 50 
20 51 
20 52 
20 55 
20 56 
20 57 
20 58 
20 59 
20 60 
20 63 
20 65 
20 66 
20 68 
20 69 
20 70 
20 71 
20 72 
20 74 
20 75 
20 79 
20 84 
20 86 
20 88 
20 91 
20 93 
20 94 
20 96 
20 98 
20 99 
20 101 
20 103 
20 104 
20 105 
20 108 
20 111 
20 112 
20 114 
20 115 
20 120 
20 121 
20 126 
20 127 
21 22 
21 24 
21 26 
21 27 
21 29 
21 31 
21 32 
21 33 
21 34 
21 35 
21 41 
21 43 
21 46 
21 50 
21 53 
21 55 
21 56 
21 57 
21 58 
21 60 
21 63 
21 64 
21 65 
21 67 
21 71 
21 74 
21 77 
21 82 
21 83 
21 85 
21 86 
21 87 
21 88 
21 89 
21 91 
21 93 
21 94 
21 95 
21 96 
21 97 
21 98 
21 99 
21 100 
21 102 
21 103 
21 104 
21 105 
21 106 
21 107 
21 109 
21 110 
21 111 
21 114 
21 115 
21 120 
21 122 
21 123 
21 125 
21 126 
21 127 
21 128 
22 23 
22 25 
22 28 
22 31 
22 33 
22 35 
22 36 
22 38 
22 39 
22 42 
22 45 
22 46 
22 48 
22 49 
22 52 
22 54 
22 61 
22 69 
22 70 
22 72 
22 76 
22 77 
22 79 
22 80 
22 81 
22 82 
22 83 
22 86 
22 87 
22 88 
22 90 
22 91 
22 93 
22 94 
22 95 
22 98 
22 100 
22 102 
22 103 
22 104 
22 107 
22 110 
22 111 
22 117 
22 119 
22 121 
22 125 
22 128 
23 24 
23 26 
23 27 
23 28 
23 30 
23 33 
23 34 
23 35 
23 36 
23 37 
23 38 
23 39 
23 42 
23 44 
23 46 
23 48 
23 49 
23 50 
23 51 
23 53 
23 54 
23 56 
23 58 
23 59 
23 60 
23 64 
23 65 
23 67 
23 70 
23 72 
23 73 
23 74 
23 76 
23 77 
23 78 
23 79 
23 80 
23 82 
23 85 
23 87 
23 89 
23 91 
23 92 
23 94 
23 99 
23 102 
23 104 
23 105 
23 106 
23 107 
23 110 
23 115 
23 116 
23 117 
23 121 
23 122 
23 124 
23 126 
23 128 
24 25 
24 26 
24 30 
24 31 
24 32 
24 35 
24 38 
24 39 
24 41 
24 44 
24 45 
24 46 
24 48 
24 50 
24 52 
24 54 
24 56 
24 58 
24 60 
24 62 
24 63 
24 64 
24 65 
24 67 
24 68 
24 69 
24 71 
24 72 
24 73 
24 74 
24 77 
24 82 
24 83 
24 86 
24 87 
24 89 
24 94 
24 95 
24 96 
24 98 
24 104 
24 106 
24 107 
24 110 
24 111 
24 114 
24 122 
24 124 
25 27 
25 30 
25 31 
25 32 
25 33 
25 34 
25 37 
25 39 
25 41 
25 43 
25 45 
25 47 
25 48 
25 49 
25 50 
25 52 
25 54 
25 55 
25 56 
25 57 
25 58 
25 59 
25 61 
25 63 
25 64 
25 69 
25 72 
25 75 
25 79 
25 81 
25 82 
25 86 
25 89 
25 90 
25 91 
25 92 
25 93 
25 94 
25 96 
25 97 
25 100 
25 101 
25 102 
25 103 
25 108 
25 109 
25 110 
25 111 
25 113 
25 115 
25 116 
25 117 
25 123 
25 124 
25 127 
25 128 
26 31 
26 32 
26 34 
26 35 
26 39 
26 40 
26 41 
26 43 
26 44 
26 45 
26 49 
26 50 
26 51 
26 54 
26 57 
26 58 
26 59 
26 60 
26 61 
26 62 
26 63 
26 65 
26 67 
26 68 
26 70 
26 72 
26 73 
26 74 
26 75 
26 76 
26 77 
26 80 
26 83 
26 84 
26 85 
26 86 
26 89 
26 93 
26 96 
26 98 
26 101 
26 102 
26 105 
26 106 
26 108 
26 110 
26 111 
26 112 
26 113 
26 114 
26 115 
26 116 
26 117 
26 119 
26 122 
26 124 
26 125 
27 28 
27 31 
27 32 
27 33 
27 34 
27 37 
27 38 
27 39 
27 44 
27 45 
27 46 
27 49 
27 50 
27 52 
27 54 
27 58 
27 59 
27 62 
27 65 
27 66 
27 67 
27 68 
27 74 
27 75 
27 78 
27 80 
27 84 
27 86 
27 89 
27 91 
27 92 
27 93 
27 94 
27 96 
27 97 
27 103 
27 104 
27 105 
27 107 
27 108 
27 109 
27 111 
27 112 
27 113 
27 116 
27 117 
27 118 
27 119 
27 120 
27 121 
27 122 
27 123 
27 124 
27 127 
27 128 
28 29 
28 30 
28 31 
28 33 
28 35 
28 37 
28 38 
28 39 
28 41 
28 42 
28 43 
28 45 
28 46 
28 47 
28 48 
28 50 
28 51 
28 53 
28 55 
28 56 
28 57 
28 66 
28 67 
28 70 
28 71 
28 72 
28 73 
28 76 
28 77 
28 79 
28 81 
28 82 
28 83 
28 84 
28 86 
28 89 
28 90 
28 91 
28 93 
28 97 
28 99 
28 102 
28 103 
28 106 
28 108 
28 109 
28 110 
28 113 
28 116 
28 117 
28 118 
28 119 
28 120 
28 122 
28 125 
28 126 
28 128 
29 30 
29 31 
29 32 
29 35 
29 36 
29 37 
29 39 
29 41 
29 42 
29 46 
29 50 
29 51 
29 54 
29 55 
29 56 
29 57 
29 58 
29 59 
29 60 
29 61 
29 62 
29 63 
29 64 
29 67 
29 68 
29 70 
29 71 
29 75 
29 76 
29 77 
29 78 
29 79 
29 80 
29 81 
29 82 
29 85 
29 89 
29 91 
29 94 
29 96 
29 98 
29 100 
29 101 
29 102 
29 104 
29 107 
29 108 
29 110 
29 112 
29 116 
29 119 
29 121 
29 123 
29 124 
29 126 
29 127 
29 128 
30 31 
30 33 
30 34 
30 35 
30 36 
30 37 
30 38 
30 40 
30 42 
30 43 
30 44 
30 46 
30 48 
30 50 
30 52 
30 54 
30 56 
30 63 
30 65 
30 66 
30 67 
30 69 
30 71 
30 73 
30 74 
30 75 
30 77 
30 82 
30 83 
30 86 
30 87 
30 88 
30 90 
30 91 
30 93 
30 94 
30 97 
30 99 
30 100 
30 101 
30 102 
30 103 
30 104 
30 105 
30 106 
30 107 
30 108 
30 111 
30 113 
30 114 
30 116 
30 117 
30 120 
30 122 
30 123 
30 125 
31 33 
31 35 
31 36 
31 37 
31 39 
31 42 
31 43 
31 44 
31 45 
31 50 
31 54 
31 56 
31 57 
31 58 
31 59 
31 60 
31 61 
31 62 
31 65 
31 66 
31 67 
31 68 
31 69 
31 70 
31 73 
31 74 
31 75 
31 78 
31 79 
31 81 
31 82 
31 84 
31 85 
31 86 
31 87 
31 88 
31 90 
31 94 
31 96 
31 97 
31 98 
31 101 
31 104 
31 105 
31 106 
31 107 
31 110 
31 111 
31 112 
31 113 
31 114 
31 115 
31 117 
31 119 
31 120 
31 121 
31 122 
31 125 
31 127 
31 128 
32 33 
32 34 
32 35 
32 36 
32 38 
32 44 
32 46 
32 47 
32 48 
32 49 
32 50 
32 52 
32 53 
32 54 
32 57 
32 60 
32 62 
32 66 
32 67 
32 69 
32 72 
32 73 
32 75 
32 76 
32 78 
32 79 
32 80 
32 82 
32 83 
32 87 
32 88 
32 89 
32 90 
32 91 
32 94 
32 95 
32 96 
32 100 
32 103 
32 104 
32 107 
32 108 
32 109 
32 110 
32 111 
32 112 
32 117 
32 118 
32 119 
32 122 
32 123 
32 125 
32 126 
32 127 
32 128 
33 37 
33 39 
33 42 
33 45 
33 46 
33 48 
33 50 
33 51 
33 53 
33 54 
33 56 
33 58 
33 60 
33 63 
33 64 
33 66 
33 68 
33 72 
33 73 
33 74 
33 80 
33 81 
33 82 
33 83 
33 87 
33 89 
33 90 
33 93 
33 94 
33 96 
33 98 
33 99 
33 100 
33 103 
33 105 
33 108 
33 110 
33 111 
33 112 
33 113 
33 115 
33 118 
33 124 
33 125 
33 127 
34 35 
34 37 
34 38 
34 39 
34 41 
34 42 
34 43 
34 44 
34 46 
34 47 
34 48 
34 50 
34 52 
34 53 
34 61 
34 62 
34 67 
34 68 
34 69 
34 70 
34 72 
34 73 
34 74 
34 75 
34 78 
34 82 
34 83 
34 87 
34 88 
34 93 
34 95 
34 97 
34 98 
34 99 
34 100 
34 101 
34 103 
34 104 
34 106 
34 108 
34 110 
34 114 
34 115 
34 118 
34 119 
34 125 
34 126 
34 128 
35 36 
35 38 
35 41 
35 42 
35 43 
35 44 
35 47 
35 48 
35 49 
35 51 
35 53 
35 54 
35 60 
35 66 
35 69 
35 70 
35 71 
35 72 
35 74 
35 76 
35 77 
35 78 
35 79 
35 80 
35 81 
35 82 
35 85 
35 86 
35 87 
35 89 
35 90 
35 92 
35 94 
35 97 
35 98 
35 99 
35 100 
35 101 
35 103 
35 105 
35 112 
35 113 
35 114 
35 116 
35 120 
35 122 
35 123 
35 124 
35 125 
35 126 
36 37 
36 38 
36 39 
36 40 
36 41 
36 47 
36 49 
36 50 
36 55 
36 58 
36 64 
36 66 
36 69 
36 70 
36 72 
36 77 
36 82 
36 83 
36 84 
36 85 
36 86 
36 89 
36 92 
36 93 
36 95 
36 97 
36 99 
36 100 
36 101 
36 108 
36 111 
36 112 
36 113 
36 114 
36 117 
36 118 
36 119 
36 121 
36 122 
36 123 
36 124 
36 125 
36 128 
37 38 
37 40 
37 42 
37 43 
37 45 
37 46 
37 47 
37 53 
37 55 
37 57 
37 59 
37 61 
37 62 
37 63 
37 64 
37 65 
37 68 
37 70 
37 71 
37 73 
37 74 
37 75 
37 79 
37 81 
37 82 
37 83 
37 86 
37 88 
37 89 
37 91 
37 94 
37 97 
37 99 
37 100 
37 101 
37 103 
37 104 
37 108 
37 109 
37 110 
37 111 
37 112 
37 118 
37 120 
37 121 
37 123 
37 124 
37 125 
37 126 
37 127 
38 41 
38 42 
38 44 
38 52 
38 53 
38 55 
38 63 
38 65 
38 68 
38 69 
38 70 
38 72 
38 73 
38 74 
38 76 
38 77 
38 78 
38 79 
38 81 
38 82 
38 85 
38 86 
38 87 
38 89 
38 91 
38 95 
38 96 
38 97 
38 100 
38 101 
38 103 
38 104 
38 106 
38 107 
38 109 
38 110 
38 111 
38 114 
38 116 
38 117 
38 120 
38 123 
38 124 
38 127 
39 40 
39 42 
39 44 
39 45 
39 47 
39 49 
39 50 
39 53 
39 54 
39 58 
39 61 
39 62 
39 64 
39 67 
39 68 
39 70 
39 71 
39 73 
39 75 
39 76 
39 77 
39 78 
39 79 
39 80 
39 81 
39 83 
39 88 
39 90 
39 91 
39 92 
39 93 
39 94 
39 97 
39 99 
39 101 
39 103 
39 104 
39 105 
39 106 
39 108 
39 111 
39 120 
39 121 
39 122 
39 124 
39 126 
40 41 
40 42 
40 43 
40 44 
40 48 
40 49 
40 50 
40 52 
40 54 
40 55 
40 56 
40 57 
40 58 
40 60 
40 62 
40 64 
40 65 
40 66 
40 67 
40 69 
40 70 
40 71 
40 72 
40 74 
40 75 
40 78 
40 80 
40 81 
40 82 
40 83 
40 86 
40 87 
40 88 
40 89 
40 91 
40 92 
40 93 
40 95 
40 98 
40 99 
40 100 
40 101 
40 103 
40 104 
40 105 
40 106 
40 107 
40 108 
40 109 
40 114 
40 115 
40 118 
40 121 
40 123 
40 125 
40 126 
40 127 
41 42 
41 47 
41 51 
41 56 
41 57 
41 58 
41 60 
41 61 
41 64 
41 66 
41 67 
41 71 
41 76 
41 77 
41 79 
41 80 
41 81 
41 82 
41 89 
41 90 
41 91 
41 94 
41 95 
41 96 
41 97 
41 98 
41 99 
41 100 
41 101 
41 108 
41 109 
41 110 
41 111 
41 112 
41 113 
41 115 
41 116 
41 117 
41 119 
41 120 
41 121 
41 122 
41 123 
41 124 
41 125 
41 126 
41 127 
41 128 
42 47 
42 48 
42 49 
42 51 
42 52 
42 53 
42 55 
42 57 
42 59 
42 60 
42 61 
42 62 
42 63 
42 64 
42 66 
42 67 
42 68 
42 69 
42 71 
42 72 
42 73 
42 74 
42 78 
42 80 
42 81 
42 83 
42 88 
42 90 
42 94 
42 95 
42 96 
42 97 
42 99 
42 100 
42 102 
42 104 
42 105 
42 108 
42 109 
42 110 
42 111 
42 112 
42 117 
42 120 
42 122 
42 124 
42 127 
42 128 
43 44 
43 45 
43 46 
43 51 
43 52 
43 55 
43 56 
43 57 
43 62 
43 64 
43 65 
43 67 
43 70 
43 71 
43 72 
43 74 
43 75 
43 77 
43 80 
43 83 
43 85 
43 87 
43 88 
43 89 
43 90 
43 91 
43 93 
43 94 
43 95 
43 97 
43 98 
43 101 
43 107 
43 108 
43 109 
43 110 
43 112 
43 113 
43 114 
43 115 
43 116 
43 117 
43 118 
43 121 
43 122 
43 125 
43 127 
43 128 
44 45 
44 47 
44 49 
44 50 
44 51 
44 52 
44 53 
44 54 
44 56 
44 58 
44 59 
44 60 
44 61 
44 62 
44 63 
44 65 
44 70 
44 71 
44 72 
44 73 
44 76 
44 77 
44 81 
44 82 
44 83 
44 85 
44 86 
44 87 
44 88 
44 89 
44 91 
44 93 
44 94 
44 95 
44 96 
44 99 
44 100 
44 101 
44 103 
44 105 
44 106 
44 107 
44 108 
44 110 
44 111 
44 113 
44 114 
44 115 
44 118 
44 120 
44 121 
44 124 
44 126 
44 127 
44 128 
45 46 
45 49 
45 50 
45 51 
45 52 
45 55 
45 56 
45 58 
45 60 
45 61 
45 62 
45 64 
45 68 
45 70 
45 71 
45 72 
45 74 
45 76 
45 77 
45 78 
45 80 
45 81 
45 83 
45 85 
45 87 
45 88 
45 90 
45 91 
45 92 
45 94 
45 95 
45 96 
45 97 
45 99 
45 100 
45 102 
45 104 
45 110 
45 112 
45 113 
45 114 
45 115 
45 116 
45 117 
45 119 
45 120 
45 123 
45 124 
45 126 
45 127 
45 128 
46 47 
46 48 
46 51 
46 52 
46 53 
46 56 
46 57 
46 59 
46 62 
46 63 
46 65 
46 66 
46 67 
46 70 
46 71 
46 72 
46 73 
46 75 
46 76 
46 80 
46 82 
46 83 
46 84 
46 85 
46 86 
46 88 
46 89 
46 91 
46 92 
46 93 
46 95 
46 97 
46 98 
46 99 
46 104 
46 105 
46 109 
46 110 
46 111 
46 113 
46 117 
46 118 
46 119 
46 120 
46 121 
46 122 
46 124 
47 52 
47 54 
47 55 
47 56 
47 57 
47 58 
47 59 
47 60 
47 61 
47 62 
47 64 
47 65 
47 66 
47 67 
47 68 
47 70 
47 72 
47 73 
47 75 
47 77 
47 79 
47 84 
47 85 
47 87 
47 89 
47 92 
47 93 
47 95 
47 96 
47 97 
47 98 
47 101 
47 102 
47 105 
47 106 
47 109 
47 113 
47 117 
47 120 
47 121 
47 122 
47 123 
47 124 
47 125 
47 126 
47 127 
48 49 
48 51 
48 52 
48 55 
48 56 
48 60 
48 61 
48 64 
48 66 
48 68 
48 69 
48 70 
48 71 
48 73 
48 74 
48 75 
48 76 
48 79 
48 80 
48 81 
48 83 
48 84 
48 85 
48 86 
48 87 
48 88 
48 90 
48 91 
48 92 
48 93 
48 94 
48 95 
48 96 
48 97 
48 99 
48 100 
48 104 
48 105 
48 106 
48 107 
48 108 
48 109 
48 110 
48 111 
48 112 
48 114 
48 115 
48 116 
48 118 
48 120 
48 121 
48 123 
48 124 
48 126 
49 52 
49 53 
49 55 
49 56 
49 57 
49 58 
49 59 
49 64 
49 65 
49 66 
49 67 
49 68 
49 70 
49 71 
49 72 
49 74 
49 76 
49 79 
49 83 
49 85 
49 87 
49 89 
49 91 
49 92 
49 93 
49 94 
49 97 
49 103 
49 105 
49 108 
49 109 
49 111 
49 112 
49 113 
49 114 
49 115 
49 118 
49 120 
49 121 
49 122 
49 123 
49 125 
49 128 
50 51 
50 53 
50 54 
50 55 
50 56 
50 58 
50 59 
50 60 
50 61 
50 62 
50 64 
50 66 
50 68 
50 69 
50 70 
50 71 
50 72 
50 77 
50 78 
50 79 
50 80 
50 81 
50 83 
50 84 
50 85 
50 86 
50 87 
50 88 
50 89 
50 91 
50 97 
50 98 
50 101 
50 102 
50 103 
50 105 
50 107 
50 111 
50 113 
50 114 
50 115 
50 117 
50 118 
50 121 
50 122 
50 124 
50 125 
50 128 
51 53 
51 54 
51 55 
51 56 
51 57 
51 58 
51 59 
51 60 
51 61 
51 62 
51 64 
51 65 
51 66 
51 67 
51 68 
51 69 
51 70 
51 71 
51 75 
51 77 
51 78 
51 79 
51 81 
51 83 
51 84 
51 85 
51 87 
51 90 
51 94 
51 98 
51 100 
51 101 
51 102 
51 103 
51 106 
51 107 
51 108 
51 109 
51 110 
51 111 
51 112 
51 116 
51 117 
51 119 
51 120 
51 122 
51 124 
51 126 
52 53 
52 54 
52 55 
52 56 
52 57 
52 58 
52 60 
52 62 
52 65 
52 66 
52 68 
52 72 
52 75 
52 77 
52 78 
52 79 
52 80 
52 81 
52 84 
52 86 
52 88 
52 89 
52 90 
52 92 
52 93 
52 95 
52 101 
52 102 
52 103 
52 104 
52 106 
52 107 
52 108 
52 109 
52 110 
52 111 
52 113 
52 116 
52 118 
52 119 
52 121 
52 122 
52 123 
52 124 
52 125 
53 54 
53 56 
53 57 
53 61 
53 63 
53 67 
53 70 
53 72 
53 75 
53 77 
53 78 
53 80 
53 81 
53 82 
53 83 
53 86 
53 89 
53 92 
53 93 
53 96 
53 97 
53 98 
53 101 
53 103 
53 106 
53 109 
53 110 
53 111 
53 112 
53 114 
53 116 
53 117 
53 122 
53 123 
53 125 
53 127 
53 128 
54 55 
54 56 
54 57 
54 64 
54 66 
54 67 
54 68 
54 72 
54 74 
54 77 
54 78 
54 80 
54 81 
54 82 
54 84 
54 85 
54 90 
54 92 
54 95 
54 96 
54 97 
54 100 
54 101 
54 102 
54 105 
54 106 
54 107 
54 108 
54 109 
54 110 
54 111 
54 114 
54 115 
54 117 
54 120 
54 123 
54 126 
54 127 
54 128 
55 58 
55 60 
55 63 
55 66 
55 67 
55 68 
55 69 
55 70 
55 72 
55 73 
55 74 
55 79 
55 80 
55 81 
55 85 
55 87 
55 88 
55 90 
55 93 
55 96 
55 97 
55 98 
55 103 
55 105 
55 106 
55 108 
55 111 
55 114 
55 115 
55 117 
55 118 
55 121 
55 123 
55 125 
55 127 
56 58 
56 59 
56 61 
56 64 
56 65 
56 66 
56 67 
56 68 
56 73 
56 75 
56 77 
56 79 
56 80 
56 84 
56 90 
56 91 
56 93 
56 96 
56 98 
56 99 
56 100 
56 101 
56 105 
56 106 
56 108 
56 109 
56 110 
56 111 
56 114 
56 115 
56 116 
56 117 
56 119 
56 121 
56 124 
56 125 
56 126 
56 127 
56 128 
57 58 
57 59 
57 61 
57 62 
57 64 
57 65 
57 66 
57 67 
57 68 
57 72 
57 73 
57 74 
57 76 
57 78 
57 79 
57 80 
57 81 
57 86 
57 87 
57 91 
57 92 
57 94 
57 95 
57 98 
57 99 
57 101 
57 102 
57 103 
57 105 
57 108 
57 109 
57 110 
57 111 
57 113 
57 115 
57 117 
57 118 
57 119 
57 120 
57 121 
57 122 
57 123 
57 126 
58 60 
58 61 
58 62 
58 63 
58 66 
58 67 
58 68 
58 69 
58 70 
58 72 
58 73 
58 75 
58 77 
58 78 
58 80 
58 82 
58 85 
58 86 
58 89 
58 90 
58 92 
58 94 
58 99 
58 100 
58 101 
58 103 
58 104 
58 105 
58 107 
58 109 
58 110 
58 111 
58 113 
58 121 
58 123 
58 127 
58 128 
59 65 
59 67 
59 72 
59 73 
59 75 
59 76 
59 77 
59 79 
59 81 
59 82 
59 84 
59 85 
59 86 
59 87 
59 89 
59 90 
59 91 
59 92 
59 93 
59 94 
59 95 
59 97 
59 98 
59 100 
59 101 
59 102 
59 104 
59 105 
59 106 
59 107 
59 108 
59 109 
59 110 
59 111 
59 114 
59 115 
59 116 
59 117 
59 120 
59 121 
59 123 
59 124 
59 125 
59 126 
59 127 
59 128 
60 61 
60 62 
60 63 
60 64 
60 65 
60 67 
60 68 
60 75 
60 77 
60 78 
60 80 
60 82 
60 83 
60 86 
60 88 
60 92 
60 94 
60 98 
60 99 
60 100 
60 101 
60 102 
60 106 
60 107 
60 111 
60 112 
60 114 
60 115 
60 117 
60 118 
60 119 
60 122 
60 124 
60 125 
60 126 
60 127 
61 64 
61 65 
61 66 
61 67 
61 69 
61 70 
61 71 
61 75 
61 76 
61 77 
61 78 
61 79 
61 82 
61 83 
61 84 
61 85 
61 86 
61 87 
61 89 
61 90 
61 91 
61 92 
61 95 
61 96 
61 105 
61 106 
61 107 
61 108 
61 109 
61 111 
61 113 
61 114 
61 115 
61 116 
61 118 
61 119 
61 120 
61 121 
61 122 
61 123 
61 124 
61 125 
61 126 
61 127 
62 66 
62 68 
62 69 
62 71 
62 72 
62 74 
62 77 
62 78 
62 84 
62 85 
62 87 
62 88 
62 89 
62 96 
62 97 
62 98 
62 99 
62 101 
62 102 
62 103 
62 104 
62 106 
62 107 
62 108 
62 110 
62 112 
62 113 
62 114 
62 115 
62 116 
62 117 
62 118 
62 120 
62 123 
62 126 
62 127 
62 128 
63 64 
63 65 
63 67 
63 68 
63 70 
63 71 
63 72 
63 73 
63 74 
63 79 
63 80 
63 81 
63 82 
63 83 
63 85 
63 86 
63 87 
63 89 
63 93 
63 94 
63 95 
63 96 
63 98 
63 99 
63 101 
63 103 
63 104 
63 105 
63 109 
63 110 
63 111 
63 116 
63 117 
63 122 
63 123 
63 124 
63 125 
63 126 
63 127 
63 128 
64 65 
64 66 
64 67 
64 68 
64 70 
64 71 
64 72 
64 75 
64 78 
64 79 
64 80 
64 82 
64 83 
64 87 
64 94 
64 98 
64 99 
64 101 
64 102 
64 104 
64 111 
64 113 
64 117 
64 122 
64 123 
64 124 
65 66 
65 68 
65 70 
65 73 
65 74 
65 75 
65 78 
65 82 
65 84 
65 88 
65 89 
65 91 
65 94 
65 95 
65 97 
65 100 
65 101 
65 103 
65 104 
65 106 
65 107 
65 108 
65 111 
65 113 
65 115 
65 116 
65 117 
65 120 
65 121 
65 122 
65 123 
65 124 
65 126 
65 127 
65 128 
66 67 
66 69 
66 70 
66 71 
66 75 
66 76 
66 77 
66 78 
66 82 
66 83 
66 84 
66 86 
66 87 
66 89 
66 92 
66 93 
66 94 
66 96 
66 100 
66 101 
66 102 
66 104 
66 107 
66 109 
66 111 
66 112 
66 113 
66 114 
66 115 
66 116 
66 119 
66 121 
66 122 
66 123 
66 124 
66 126 
67 69 
67 70 
67 71 
67 72 
67 73 
67 74 
67 75 
67 76 
67 78 
67 80 
67 82 
67 84 
67 85 
67 88 
67 91 
67 92 
67 96 
67 98 
67 99 
67 100 
67 102 
67 103 
67 104 
67 106 
67 108 
67 113 
67 114 
67 115 
67 118 
67 119 
67 120 
67 121 
67 122 
67 124 
68 71 
68 73 
68 75 
68 76 
68 77 
68 78 
68 81 
68 87 
68 89 
68 90 
68 93 
68 95 
68 97 
68 98 
68 99 
68 100 
68 101 
68 102 
68 104 
68 108 
68 111 
68 113 
68 114 
68 116 
68 117 
68 122 
68 124 
68 125 
68 126 
69 70 
69 71 
69 73 
69 75 
69 76 
69 77 
69 79 
69 80 
69 83 
69 86 
69 88 
69 91 
69 92 
69 95 
69 96 
69 97 
69 98 
69 100 
69 101 
69 102 
69 103 
69 107 
69 108 
69 110 
69 111 
69 112 
69 113 
69 115 
69 118 
69 120 
69 121 
69 122 
69 123 
69 128 
70 72 
70 74 
70 75 
70 80 
70 81 
70 82 
70 84 
70 85 
70 86 
70 88 
70 89 
70 90 
70 92 
70 93 
70 94 
70 98 
70 99 
70 101 
70 103 
70 105 
70 107 
70 108 
70 113 
70 115 
70 116 
70 119 
70 121 
70 122 
70 126 
70 127 
70 128 
71 73 
71 74 
71 75 
71 76 
71 78 
71 82 
71 83 
71 84 
71 85 
71 86 
71 87 
71 88 
71 96 
71 97 
71 103 
71 105 
71 107 
71 110 
71 111 
71 113 
71 114 
71 116 
71 117 
71 118 
71 119 
71 120 
71 121 
71 122 
71 123 
71 124 
71 127 
72 75 
72 77 
72 78 
72 79 
72 80 
72 81 
72 84 
72 88 
72 89 
72 90 
72 91 
72 93 
72 95 
72 96 
72 99 
72 100 
72 102 
72 103 
72 106 
72 107 
72 108 
72 110 
72 112 
72 113 
72 114 
72 118 
72 119 
72 120 
72 121 
72 122 
72 125 
72 127 
73 75 
73 76 
73 81 
73 83 
73 86 
73 87 
73 94 
73 95 
73 98 
73 100 
73 103 
73 104 
73 105 
73 106 
73 107 
73 108 
73 109 
73 110 
73 111 
73 112 
73 114 
73 115 
73 116 
73 117 
73 118 
73 119 
73 122 
73 123 
73 125 
73 127 
74 75 
74 76 
74 78 
74 79 
74 81 
74 85 
74 86 
74 87 
74 88 
74 89 
74 91 
74 92 
74 98 
74 99 
74 101 
74 102 
74 104 
74 106 
74 112 
74 113 
74 114 
74 115 
74 116 
74 119 
74 120 
74 123 
74 127 
74 128 
75 83 
75 84 
75 85 
75 88 
75 90 
75 92 
75 98 
75 99 
75 100 
75 101 
75 102 
75 103 
75 104 
75 107 
75 109 
75 111 
75 112 
75 113 
75 115 
75 116 
75 118 
75 120 
75 122 
75 126 
76 77 
76 81 
76 82 
76 85 
76 87 
76 88 
76 89 
76 90 
76 91 
76 93 
76 96 
76 97 
76 98 
76 99 
76 102 
76 104 
76 105 
76 106 
76 108 
76 110 
76 114 
76 116 
76 118 
76 119 
76 120 
76 122 
76 123 
76 124 
76 125 
76 127 
76 128 
77 78 
77 79 
77 81 
77 82 
77 84 
77 86 
77 87 
77 88 
77 89 
77 92 
77 95 
77 96 
77 97 
77 99 
77 100 
77 101 
77 102 
77 105 
77 106 
77 107 
77 108 
77 111 
77 112 
77 113 
77 114 
77 115 
77 116 
77 117 
77 118 
77 120 
77 122 
77 123 
77 124 
77 125 
77 127 
78 80 
78 81 
78 82 
78 83 
78 84 
78 85 
78 86 
78 90 
78 92 
78 94 
78 98 
78 101 
78 106 
78 107 
78 108 
78 115 
78 116 
78 118 
78 120 
78 125 
78 127 
79 82 
79 83 
79 84 
79 85 
79 86 
79 91 
79 96 
79 97 
79 100 
79 102 
79 103 
79 106 
79 107 
79 108 
79 110 
79 113 
79 114 
79 115 
79 116 
79 117 
79 118 
79 119 
79 124 
79 125 
79 126 
79 127 
80 81 
80 83 
80 84 
80 89 
80 90 
80 91 
80 92 
80 94 
80 96 
80 98 
80 100 
80 101 
80 102 
80 105 
80 106 
80 107 
80 108 
80 109 
80 112 
80 113 
80 116 
80 117 
80 118 
80 120 
80 121 
80 125 
80 126 
80 128 
81 83 
81 84 
81 85 
81 87 
81 88 
81 89 
81 93 
81 94 
81 96 
81 98 
81 101 
81 104 
81 106 
81 107 
81 108 
81 109 
81 112 
81 114 
81 116 
81 118 
81 119 
81 120 
81 122 
81 127 
81 128 
82 85 
82 87 
82 89 
82 90 
82 91 
82 92 
82 94 
82 95 
82 96 
82 97 
82 98 
82 99 
82 102 
82 104 
82 105 
82 106 
82 110 
82 112 
82 114 
82 116 
82 119 
82 122 
82 123 
82 124 
82 125 
82 127 
82 128 
83 85 
83 86 
83 97 
83 102 
83 103 
83 104 
83 108 
83 112 
83 114 
83 115 
83 116 
83 117 
83 121 
83 124 
83 126 
83 128 
84 85 
84 88 
84 92 
84 93 
84 100 
84 102 
84 103 
84 106 
84 111 
84 115 
84 118 
84 119 
84 120 
84 123 
84 124 
85 86 
85 87 
85 90 
85 93 
85 96 
85 98 
85 100 
85 104 
85 105 
85 106 
85 107 
85 115 
85 116 
85 120 
85 121 
85 122 
85 123 
85 124 
86 87 
86 89 
86 90 
86 92 
86 93 
86 94 
86 95 
86 96 
86 98 
86 99 
86 100 
86 101 
86 103 
86 105 
86 108 
86 110 
86 112 
86 116 
86 119 
86 120 
86 121 
86 123 
86 125 
86 126 
87 89 
87 93 
87 95 
87 98 
87 100 
87 101 
87 102 
87 103 
87 105 
87 106 
87 107 
87 108 
87 110 
87 111 
87 113 
87 114 
87 115 
87 116 
87 117 
87 118 
87 120 
87 121 
87 122 
87 123 
87 124 
87 125 
87 128 
88 89 
88 90 
88 94 
88 95 
88 96 
88 99 
88 102 
88 105 
88 107 
88 108 
88 109 
88 110 
88 111 
88 113 
88 114 
88 115 
88 116 
88 117 
88 120 
88 121 
88 122 
88 123 
88 124 
88 125 
88 127 
88 128 
89 93 
89 97 
89 99 
89 100 
89 102 
89 103 
89 104 
89 106 
89 107 
89 108 
89 109 
89 110 
89 112 
89 116 
89 119 
89 122 
89 123 
89 124 
89 125 
89 127 
90 91 
90 92 
90 95 
90 96 
90 97 
90 98 
90 101 
90 103 
90 105 
90 106 
90 107 
90 110 
90 111 
90 112 
90 115 
90 119 
90 120 
90 123 
90 126 
90 128 
91 92 
91 94 
91 95 
91 96 
91 99 
91 100 
91 102 
91 103 
91 107 
91 108 
91 111 
91 113 
91 116 
91 117 
91 120 
91 121 
91 122 
91 124 
91 127 
91 128 
92 93 
92 97 
92 98 
92 99 
92 104 
92 107 
92 109 
92 111 
92 113 
92 117 
92 118 
92 119 
92 122 
92 123 
92 125 
92 127 
93 94 
93 97 
93 98 
93 99 
93 101 
93 102 
93 105 
93 106 
93 110 
93 111 
93 113 
93 114 
93 115 
93 116 
93 117 
93 118 
93 119 
93 120 
93 121 
93 123 
93 124 
93 125 
93 126 
94 95 
94 99 
94 101 
94 103 
94 104 
94 106 
94 107 
94 108 
94 109 
94 110 
94 111 
94 114 
94 116 
94 118 
94 119 
94 121 
94 122 
94 124 
94 125 
95 96 
95 97 
95 98 
95 100 
95 102 
95 103 
95 104 
95 106 
95 107 
95 108 
95 110 
95 112 
95 113 
95 114 
95 115 
95 116 
95 118 
95 119 
95 120 
95 121 
95 122 
95 123 
95 125 
95 127 
95 128 
96 99 
96 102 
96 104 
96 105 
96 107 
96 108 
96 110 
96 111 
96 112 
96 113 
96 117 
96 118 
96 119 
96 121 
96 124 
96 128 
97 99 
97 101 
97 102 
97 104 
97 107 
97 108 
97 109 
97 110 
97 111 
97 113 
97 115 
97 118 
97 120 
97 122 
97 123 
97 124 
97 125 
97 126 
98 99 
98 103 
98 104 
98 105 
98 107 
98 109 
98 110 
98 113 
98 115 
98 119 
98 120 
98 121 
98 124 
99 101 
99 102 
99 105 
99 106 
99 107 
99 110 
99 111 
99 114 
99 115 
99 116 
99 121 
99 123 
99 125 
99 126 
99 127 
100 101 
100 102 
100 103 
100 104 
100 105 
100 108 
100 111 
100 112 
100 113 
100 114 
100 115 
100 117 
100 118 
100 119 
100 121 
100 123 
100 125 
100 127 
100 128 
101 103 
101 105 
101 106 
101 107 
101 109 
101 110 
101 113 
101 114 
101 117 
101 120 
101 121 
101 126 
101 128 
102 103 
102 104 
102 107 
102 108 
102 111 
102 113 
102 114 
102 118 
102 119 
102 122 
102 125 
102 126 
102 128 
103 106 
103 107 
103 109 
103 110 
103 111 
103 112 
103 113 
103 116 
103 117 
103 118 
103 119 
103 121 
103 123 
103 124 
103 126 
104 105 
104 106 
104 107 
104 108 
104 112 
104 114 
104 115 
104 116 
104 117 
104 118 
104 121 
104 122 
104 123 
105 106 
105 108 
105 109 
105 110 
105 111 
105 112 
105 114 
105 116 
105 117 
105 118 
105 119 
105 121 
105 122 
105 123 
105 126 
105 127 
105 128 
106 107 
106 109 
106 113 
106 114 
106 115 
106 121 
106 122 
106 127 
106 128 
107 108 
107 109 
107 110 
107 114 
107 115 
107 117 
107 118 
107 119 
107 120 
107 122 
107 124 
107 125 
107 126 
107 128 
108 109 
108 113 
108 117 
108 118 
108 123 
108 125 
108 126 
108 128 
109 110 
109 111 
109 112 
109 114 
109 120 
109 121 
109 123 
109 124 
109 125 
109 126 
109 127 
109 128 
110 111 
110 115 
110 116 
110 121 
110 122 
110 124 
110 126 
110 127 
110 128 
111 113 
111 114 
111 115 
111 117 
111 119 
111 122 
111 123 
111 125 
111 126 
112 114 
112 117 
112 118 
112 120 
112 122 
112 123 
112 126 
112 128 
113 115 
113 116 
113 120 
113 124 
113 126 
114 115 
114 116 
114 119 
114 122 
114 124 
114 125 
114 126 
114 127 
114 128 
115 116 
115 117 
115 118 
115 121 
115 123 
115 125 
115 128 
116 117 
116 119 
116 121 
116 124 
116 127 
117 119 
117 121 
117 123 
117 127 
117 128 
118 119 
118 120 
118 121 
118 122 
118 123 
118 124 
118 127 
119 120 
119 122 
119 123 
119 124 
119 128 
120 121 
120 122 
120 125 
120 126 
121 123 
121 124 
121 125 
121 126 
122 123 
122 125 
122 126 
123 124 
123 127 
124 127 
125 127 
126 127 
