128 897
1
2
3
4
5
6
7
8
9
10
11
12
13
14
15
16
17
18
19
20
21
22
23
24
25
26
27
28
29
30
31
32
33
34
35
36
37
38
39
40
41
42
43
44
45
46
47
48
49
50
51
52
53
54
55
56
57
58
59
60
61
62
63
64
65
66
67
68
69
70
71
72
73
74
75
76
77
78
79
80
81
82
83
84
85
86
87
88
89
90
91
92
93
94
95
96
97
98
99
100
101
102
103
104
105
106
107
108
109
110
111
112
113
114
115
116
117
118
119
120
121
122
123
124
125
126
127
128
1 5 
1 6 
1 14 
1 17 
1 49 
1 61 
1 76 
1 91 
1 98 
1 107 
1 110 
1 112 
1 122 
1 124 
2 22 
2 24 
2 34 
2 37 
2 52 
2 64 
2 68 
2 102 
2 113 
2 124 
2 126 
3 10 
3 15 
3 28 
3 34 
3 39 
3 71 
3 87 
3 88 
3 92 
3 101 
3 117 
3 123 
4 29 
4 36 
4 37 
4 41 
4 52 
4 94 
4 96 
4 102 
4 106 
4 121 
5 14 
5 36 
5 47 
5 57 
5 59 
5 70 
5 72 
5 88 
5 90 
5 92 
5 116 
6 17 
6 18 
6 34 
6 42 
6 53 
6 54 
6 79 
6 83 
6 89 
6 103 
6 118 
6 122 
6 126 
7 8 
7 25 
7 28 
7 31 
7 34 
7 41 
7 48 
7 51 
7 60 
7 62 
7 63 
7 64 
7 83 
7 102 
7 105 
7 120 
8 15 
8 18 
8 21 
8 37 
8 59 
8 60 
8 66 
8 69 
8 74 
8 85 
8 102 
8 106 
8 108 
8 121 
8 127 
9 24 
9 33 
9 51 
9 52 
9 54 
9 65 
9 71 
9 84 
9 85 
9 89 
9 105 
9 107 
9 111 
9 119 
10 16 
10 21 
10 23 
10 28 
10 30 
10 32 
10 41 
10 44 
10 51 
10 55 
10 64 
10 86 
10 88 
10 92 
10 110 
10 116 
11 17 
11 46 
11 78 
11 82 
11 86 
11 87 
11 94 
11 113 
11 121 
11 128 
12 15 
12 21 
12 28 
12 33 
12 35 
12 45 
12 51 
12 54 
12 67 
12 82 
12 88 
12 92 
12 93 
12 99 
12 101 
12 102 
12 104 
12 107 
12 111 
12 112 
12 116 
12 128 
13 22 
13 33 
13 39 
13 42 
13 62 
13 68 
13 99 
13 100 
13 106 
13 115 
13 120 
13 128 
14 17 
14 18 
14 28 
14 42 
14 52 
14 64 
14 69 
14 72 
14 75 
14 114 
14 123 
15 41 
15 43 
15 62 
15 84 
15 99 
15 103 
16 19 
16 23 
16 27 
16 36 
16 49 
16 57 
16 59 
16 69 
16 70 
16 91 
16 92 
16 114 
16 115 
16 117 
16 120 
16 125 
17 19 
17 23 
17 30 
17 38 
17 45 
17 78 
17 80 
17 86 
17 88 
17 95 
17 105 
17 106 
17 110 
17 112 
17 116 
17 125 
18 32 
18 41 
18 46 
18 47 
18 51 
18 60 
18 68 
18 82 
18 114 
18 121 
18 122 
19 24 
19 50 
19 54 
19 66 
19 70 
19 78 
19 85 
19 89 
19 102 
19 103 
19 112 
19 117 
19 123 
20 23 
20 36 
20 37 
20 38 
20 41 
20 57 
20 68 
20 69 
20 73 
20 92 
20 98 
20 109 
20 126 
20 127 
21 26 
21 52 
21 54 
21 57 
21 65 
21 71 
21 73 
21 75 
21 122 
21 127 
22 25 
22 28 
22 29 
22 53 
22 79 
22 83 
22 87 
22 96 
22 102 
22 109 
22 121 
23 27 
23 29 
23 30 
23 39 
23 57 
23 60 
23 85 
23 89 
23 100 
23 101 
23 121 
24 25 
24 29 
24 32 
24 38 
24 44 
24 51 
24 62 
24 64 
24 70 
24 78 
24 86 
24 109 
24 124 
25 42 
25 56 
25 83 
25 86 
25 106 
25 107 
25 108 
25 109 
25 111 
25 113 
25 127 
26 31 
26 34 
26 44 
26 45 
26 52 
26 55 
26 62 
26 110 
26 118 
26 121 
27 40 
27 52 
27 69 
27 74 
27 78 
27 81 
27 85 
27 115 
28 29 
28 51 
28 53 
28 55 
28 59 
28 60 
28 69 
28 70 
28 91 
28 95 
28 108 
28 115 
28 116 
28 119 
29 42 
29 44 
29 45 
29 54 
29 55 
29 58 
29 59 
29 63 
29 85 
29 101 
29 104 
29 119 
30 45 
30 58 
30 77 
30 79 
30 93 
30 109 
30 111 
30 125 
31 58 
31 61 
31 82 
31 93 
31 115 
31 116 
32 38 
32 43 
32 51 
32 53 
32 55 
32 57 
32 59 
32 64 
32 67 
32 68 
32 80 
32 89 
32 119 
32 125 
33 40 
33 49 
33 67 
33 79 
33 90 
33 102 
33 105 
33 108 
33 111 
33 120 
34 35 
34 44 
34 48 
34 56 
34 85 
34 94 
34 99 
34 103 
34 121 
34 125 
34 126 
35 39 
35 60 
35 65 
35 68 
35 70 
35 73 
35 78 
35 83 
35 89 
35 123 
36 41 
36 42 
36 46 
36 47 
36 57 
36 61 
36 62 
36 68 
36 91 
36 96 
36 97 
36 102 
36 108 
36 119 
36 121 
36 126 
37 73 
37 74 
37 75 
37 79 
37 100 
37 102 
37 127 
38 42 
38 52 
38 98 
38 110 
38 116 
38 119 
38 120 
38 127 
39 41 
39 62 
39 70 
39 73 
39 75 
39 78 
39 84 
39 85 
39 86 
39 98 
39 101 
39 113 
39 116 
39 118 
39 119 
39 120 
40 41 
40 44 
40 81 
40 89 
40 93 
40 102 
40 104 
40 120 
40 126 
41 45 
41 51 
41 65 
41 74 
41 75 
41 92 
41 95 
41 97 
41 124 
41 128 
42 50 
42 56 
42 63 
42 65 
42 92 
42 106 
42 121 
43 49 
43 50 
43 53 
43 59 
43 61 
43 97 
43 105 
43 109 
43 115 
43 125 
44 50 
44 51 
44 56 
44 69 
44 78 
44 91 
44 92 
44 105 
44 125 
45 56 
45 66 
45 70 
45 99 
45 102 
45 111 
45 121 
45 128 
46 47 
46 52 
46 53 
46 65 
46 73 
46 81 
46 82 
46 84 
46 107 
46 108 
46 123 
47 48 
47 55 
47 84 
47 94 
47 101 
47 112 
47 113 
47 114 
47 120 
47 126 
48 57 
48 78 
48 82 
48 105 
48 110 
48 115 
49 64 
49 74 
49 82 
49 83 
49 87 
49 89 
49 91 
49 96 
49 100 
49 103 
50 62 
50 63 
50 71 
50 90 
50 95 
50 102 
50 114 
50 123 
51 65 
51 68 
51 73 
51 85 
51 116 
52 64 
52 95 
52 100 
52 103 
52 117 
52 119 
52 121 
52 126 
53 74 
53 78 
53 85 
53 92 
53 96 
53 98 
53 99 
53 100 
53 108 
54 67 
54 74 
54 95 
54 100 
55 68 
55 73 
55 107 
56 76 
56 78 
56 90 
56 91 
56 115 
57 63 
57 89 
57 93 
57 112 
57 117 
57 125 
57 128 
58 64 
58 67 
58 90 
58 92 
58 96 
58 101 
58 102 
58 113 
58 115 
58 118 
58 120 
58 123 
59 67 
59 69 
59 91 
59 97 
59 98 
59 108 
59 109 
59 121 
60 68 
60 74 
60 80 
60 82 
60 87 
60 97 
60 123 
60 127 
61 63 
61 70 
61 84 
61 86 
61 100 
61 102 
61 112 
61 118 
61 120 
61 125 
62 69 
62 72 
62 78 
62 93 
62 97 
62 98 
62 106 
62 109 
62 127 
63 90 
64 69 
64 72 
64 90 
64 95 
64 103 
64 108 
64 111 
64 112 
64 123 
65 66 
65 67 
65 70 
65 77 
65 79 
65 89 
65 92 
65 101 
65 107 
65 108 
66 80 
66 97 
66 101 
66 109 
66 123 
66 124 
67 70 
67 80 
67 104 
67 115 
68 73 
68 77 
68 95 
68 97 
68 107 
69 92 
69 115 
69 125 
70 86 
70 91 
70 117 
70 120 
70 122 
71 72 
71 82 
71 93 
71 99 
71 114 
71 124 
72 79 
72 80 
72 99 
72 116 
72 117 
72 124 
72 125 
73 87 
73 88 
73 94 
73 99 
73 104 
73 106 
73 108 
73 119 
73 120 
73 125 
73 126 
74 75 
74 85 
74 91 
74 100 
74 104 
74 114 
74 117 
74 120 
75 78 
75 87 
75 94 
75 96 
75 120 
75 124 
76 107 
76 108 
77 85 
77 94 
77 97 
77 110 
78 88 
78 91 
78 104 
78 105 
78 118 
79 80 
79 84 
79 95 
79 97 
79 105 
79 115 
79 120 
79 123 
80 88 
80 92 
80 98 
80 101 
80 102 
80 106 
80 123 
80 127 
81 94 
81 99 
81 101 
81 118 
81 125 
82 90 
82 91 
82 93 
82 95 
82 106 
83 96 
83 108 
83 123 
84 85 
84 97 
84 99 
84 111 
84 117 
85 90 
85 95 
85 104 
85 107 
85 109 
85 112 
85 122 
85 123 
86 87 
86 89 
86 93 
86 94 
86 95 
86 96 
87 102 
87 103 
87 105 
87 112 
87 118 
87 119 
87 123 
87 127 
88 91 
88 96 
88 98 
88 101 
88 112 
88 118 
88 124 
89 92 
89 116 
90 99 
90 108 
90 122 
92 96 
92 110 
92 113 
92 114 
92 115 
92 124 
93 94 
93 103 
93 104 
94 95 
94 96 
94 99 
94 117 
94 128 
95 96 
95 105 
95 108 
95 111 
95 122 
96 100 
96 102 
96 113 
96 114 
96 117 
96 119 
96 127 
97 103 
97 109 
97 113 
97 121 
97 122 
98 112 
98 120 
98 126 
99 100 
99 109 
99 115 
100 113 
100 118 
100 121 
100 128 
101 120 
101 124 
102 103 
102 107 
102 108 
102 115 
102 122 
102 125 
103 127 
104 110 
105 116 
105 123 
105 126 
106 118 
107 109 
107 111 
107 119 
107 126 
108 110 
108 119 
108 120 
109 111 
110 128 
111 116 
111 122 
112 114 
112 121 
113 121 
114 117 
114 121 
114 125 
114 126 
115 126 
116 122 
120 121 
120 125 
120 127 
121 122 
122 128 
123 126 
124 126 
