128 511
1 9
1 13
1 25
1 40
1 72
1 98
1 102
1 108
2 18
2 30
2 49
2 51
2 56
2 79
2 93
2 120
3 26
3 37
3 42
3 67
3 70
3 72
3 87
3 88
3 107
4 9
4 37
4 52
4 85
4 94
5 37
5 40
5 47
5 51
5 94
5 95
5 99
5 103
5 119
6 7
6 8
6 12
6 14
6 38
6 63
6 68
6 71
6 74
6 86
6 100
6 110
7 32
7 33
7 34
7 41
7 59
7 91
7 123
8 37
8 41
8 61
8 62
8 74
8 97
8 109
9 16
9 47
9 104
9 126
10 14
10 49
10 79
10 80
10 93
11 33
11 43
11 59
11 74
11 98
11 99
11 100
12 30
12 54
12 72
12 96
13 14
13 15
13 19
13 28
13 43
13 87
14 17
14 40
14 49
14 73
14 87
15 25
15 73
15 89
15 97
15 108
15 122
16 94
16 101
16 110
16 111
17 24
17 28
17 80
17 96
17 108
18 55
18 84
18 93
18 104
19 27
19 32
19 34
19 40
19 72
19 73
19 99
19 101
19 112
19 121
20 38
20 49
20 57
20 87
20 93
20 104
20 108
20 121
21 24
21 43
21 54
21 63
21 79
21 88
21 91
21 116
22 33
22 65
22 100
22 103
22 117
23 29
23 36
23 53
23 69
23 71
23 94
23 97
23 104
24 27
24 35
24 37
24 38
24 42
24 54
24 56
24 67
24 72
24 96
24 109
25 46
25 63
25 83
25 100
25 107
25 109
26 27
26 42
26 47
26 52
26 62
26 63
26 70
26 100
26 116
26 118
27 31
27 32
27 34
27 37
27 46
27 81
27 83
27 107
28 47
28 59
28 89
28 103
28 112
28 124
29 39
29 40
29 65
29 105
29 107
29 108
30 36
30 39
30 50
30 60
30 62
30 70
30 83
30 86
31 37
31 41
31 48
31 62
31 84
31 107
31 108
31 122
32 43
32 51
32 69
32 74
32 76
32 108
32 119
32 126
33 41
33 72
33 99
33 100
33 106
33 110
33 126
34 56
34 59
34 68
34 71
34 80
34 95
34 111
34 122
35 45
35 66
35 98
35 118
36 66
36 75
36 104
36 109
37 42
37 47
37 53
37 79
37 80
37 90
37 120
37 128
38 46
38 48
38 67
38 95
38 106
38 112
38 114
38 121
39 58
39 63
39 65
39 69
39 73
39 78
39 84
39 88
40 44
40 58
40 63
40 80
40 83
40 123
41 45
41 50
41 72
41 77
41 88
41 93
41 95
41 105
42 56
42 85
43 47
43 62
43 96
43 100
43 112
43 116
43 126
44 51
44 56
44 64
44 66
44 87
44 90
44 98
44 111
44 114
45 66
45 68
45 69
46 73
47 57
47 107
47 113
47 123
48 63
48 79
48 96
48 125
48 126
49 52
49 84
49 89
49 93
49 100
49 121
50 97
50 114
50 116
51 62
51 80
52 64
52 103
53 57
53 58
53 59
53 63
53 70
53 93
53 119
54 73
54 77
54 81
54 87
54 103
54 114
55 62
55 84
55 114
56 58
56 60
56 64
56 74
56 95
56 101
56 102
56 112
57 74
57 94
58 60
58 75
58 76
58 83
59 68
59 79
59 103
59 115
60 64
60 105
61 62
61 71
61 73
61 76
61 93
61 96
61 98
61 101
61 118
61 124
61 126
62 75
62 120
63 117
64 69
64 70
64 75
64 95
64 107
64 116
64 117
65 97
65 125
66 83
66 101
66 106
66 125
67 72
67 75
67 96
67 110
67 118
68 69
68 74
68 82
68 92
69 82
69 125
69 126
70 99
70 103
70 106
70 118
71 81
71 86
71 96
71 127
72 118
73 90
73 103
73 113
74 84
75 84
75 92
75 105
75 118
75 119
75 128
76 88
76 90
76 91
76 112
77 83
77 94
77 111
77 112
78 90
78 111
79 84
79 92
80 81
80 89
80 91
80 113
80 122
81 99
81 106
81 126
82 96
82 98
82 99
82 122
82 128
83 87
83 93
83 94
83 110
83 115
84 106
85 89
85 112
85 114
85 124
86 122
87 93
87 108
87 128
88 123
89 93
89 109
89 128
90 102
90 110
91 121
91 124
91 126
92 98
92 117
92 126
93 120
95 113
97 99
98 110
98 112
98 123
100 101
100 114
100 121
101 107
102 113
103 104
103 120
103 127
103 128
104 108
104 124
104 127
105 115
107 108
108 113
108 117
109 116
110 118
110 122
112 114
113 118
113 128
116 117
116 122
116 123
116 124
118 119
120 125
120 126
126 128
