128 3931
1 4
1 5
1 6
1 7
1 8
1 9
1 11
1 14
1 16
1 17
1 19
1 20
1 24
1 25
1 26
1 27
1 28
1 29
1 31
1 32
1 33
1 34
1 36
1 40
1 43
1 44
1 51
1 54
1 55
1 56
1 57
1 60
1 65
1 66
1 67
1 69
1 70
1 72
1 74
1 77
1 78
1 83
1 84
1 85
1 88
1 91
1 92
1 93
1 94
1 95
1 97
1 99
1 106
1 113
1 114
1 116
1 117
1 121
1 122
1 124
1 125
1 128
2 3
2 5
2 8
2 9
2 12
2 13
2 15
2 20
2 21
2 26
2 28
2 31
2 35
2 42
2 44
2 47
2 48
2 49
2 51
2 52
2 53
2 55
2 56
2 59
2 64
2 65
2 66
2 67
2 69
2 70
2 74
2 75
2 79
2 81
2 82
2 83
2 86
2 87
2 88
2 89
2 91
2 92
2 94
2 96
2 98
2 99
2 100
2 105
2 110
2 111
2 112
2 113
2 117
2 119
2 120
2 123
2 125
2 126
2 127
2 128
3 4
3 7
3 8
3 9
3 13
3 17
3 18
3 19
3 21
3 22
3 23
3 24
3 25
3 26
3 27
3 29
3 31
3 33
3 36
3 37
3 39
3 46
3 47
3 49
3 51
3 52
3 53
3 55
3 58
3 59
3 69
3 70
3 75
3 77
3 79
3 80
3 81
3 83
3 84
3 85
3 86
3 88
3 91
3 93
3 94
3 98
3 99
3 101
3 102
3 103
3 107
3 112
3 113
3 114
3 117
3 118
3 122
3 126
3 127
4 5
4 9
4 10
4 15
4 17
4 21
4 22
4 25
4 26
4 27
4 28
4 29
4 30
4 32
4 35
4 37
4 38
4 41
4 42
4 44
4 49
4 51
4 54
4 55
4 59
4 61
4 63
4 64
4 65
4 66
4 68
4 70
4 72
4 73
4 77
4 78
4 80
4 82
4 83
4 84
4 86
4 87
4 89
4 92
4 93
4 94
4 96
4 97
4 98
4 100
4 101
4 103
4 104
4 106
4 107
4 108
4 111
4 115
4 117
4 118
4 119
4 120
4 121
4 122
4 125
5 8
5 9
5 12
5 13
5 14
5 15
5 16
5 17
5 19
5 20
5 21
5 29
5 31
5 32
5 36
5 38
5 44
5 49
5 51
5 53
5 54
5 57
5 60
5 61
5 62
5 63
5 67
5 69
5 70
5 72
5 74
5 81
5 82
5 83
5 84
5 86
5 88
5 90
5 93
5 94
5 97
5 99
5 103
5 104
5 105
5 106
5 111
5 112
5 113
5 114
5 120
5 123
5 124
6 7
6 9
6 10
6 13
6 14
6 15
6 18
6 20
6 22
6 24
6 25
6 27
6 28
6 29
6 33
6 35
6 39
6 40
6 41
6 42
6 46
6 47
6 48
6 55
6 59
6 61
6 62
6 63
6 65
6 70
6 73
6 77
6 78
6 80
6 81
6 82
6 83
6 84
6 85
6 87
6 91
6 92
6 93
6 94
6 95
6 97
6 104
6 106
6 107
6 108
6 109
6 110
6 113
6 114
6 115
6 117
6 118
6 119
6 120
6 121
6 123
6 124
6 125
7 9
7 13
7 14
7 16
7 22
7 23
7 25
7 27
7 28
7 29
7 31
7 33
7 36
7 37
7 38
7 39
7 40
7 44
7 47
7 48
7 51
7 56
7 58
7 60
7 64
7 67
7 68
7 69
7 73
7 75
7 76
7 79
7 81
7 83
7 84
7 87
7 92
7 93
7 94
7 97
7 98
7 100
7 102
7 104
7 106
7 108
7 112
7 114
7 115
7 120
7 121
7 124
7 127
7 128
8 11
8 12
8 14
8 15
8 18
8 22
8 24
8 25
8 27
8 28
8 30
8 32
8 34
8 35
8 36
8 37
8 40
8 42
8 45
8 47
8 48
8 50
8 51
8 52
8 54
8 55
8 56
8 57
8 59
8 61
8 62
8 63
8 66
8 67
8 68
8 70
8 71
8 72
8 73
8 74
8 75
8 77
8 78
8 81
8 82
8 83
8 85
8 86
8 87
8 91
8 92
8 95
8 97
8 99
8 100
8 102
8 103
8 106
8 107
8 108
8 109
8 110
8 112
8 120
8 121
8 122
8 126
8 128
9 10
9 11
9 13
9 14
9 16
9 18
9 20
9 21
9 22
9 23
9 24
9 25
9 27
9 30
9 31
9 32
9 34
9 39
9 40
9 41
9 44
9 46
9 48
9 50
9 51
9 52
9 57
9 62
9 68
9 70
9 74
9 77
9 78
9 79
9 80
9 81
9 82
9 83
9 85
9 89
9 92
9 95
9 96
9 98
9 99
9 100
9 101
9 102
9 103
9 105
9 108
9 111
9 112
9 114
9 116
9 121
9 122
9 123
9 125
9 126
9 127
9 128
10 13
10 15
10 19
10 22
10 24
10 25
10 29
10 30
10 31
10 33
10 34
10 36
10 37
10 38
10 39
10 40
10 41
10 43
10 45
10 47
10 50
10 51
10 53
10 56
10 57
10 58
10 59
10 63
10 66
10 67
10 71
10 72
10 73
10 74
10 75
10 79
10 82
10 83
10 84
10 88
10 89
10 91
10 93
10 95
10 98
10 99
10 103
10 104
10 105
10 108
10 109
10 113
10 114
10 115
10 116
10 117
10 119
10 126
10 128
11 12
11 13
11 15
11 16
11 17
11 20
11 22
11 24
11 25
11 27
11 28
11 32
11 35
11 36
11 38
11 39
11 40
11 41
11 43
11 44
11 46
11 48
11 51
11 53
11 56
11 59
11 61
11 64
11 68
11 74
11 76
11 78
11 79
11 81
11 82
11 83
11 85
11 91
11 93
11 95
11 96
11 98
11 102
11 103
11 105
11 108
11 109
11 111
11 114
11 119
11 121
11 122
11 123
11 124
11 126
12 13
12 15
12 16
12 17
12 20
12 21
12 22
12 23
12 24
12 29
12 31
12 32
12 33
12 35
12 39
12 41
12 42
12 45
12 49
12 52
12 53
12 56
12 58
12 61
12 62
12 64
12 69
12 71
12 72
12 74
12 75
12 76
12 81
12 82
12 85
12 87
12 88
12 89
12 92
12 93
12 96
12 97
12 103
12 107
12 108
12 110
12 112
12 113
12 116
12 119
12 121
12 124
12 125
12 126
12 128
13 17
13 20
13 21
13 22
13 23
13 29
13 30
13 31
13 32
13 35
13 36
13 37
13 38
13 39
13 40
13 41
13 47
13 49
13 54
13 55
13 56
13 58
13 61
13 62
13 65
13 68
13 69
13 71
13 76
13 77
13 80
13 85
13 87
13 88
13 89
13 90
13 91
13 92
13 94
13 97
13 98
13 99
13 102
13 105
13 106
13 108
13 109
13 111
13 112
13 113
13 115
13 120
13 121
13 123
13 124
13 126
13 127
13 128
14 15
14 17
14 18
14 19
14 26
14 27
14 29
14 30
14 32
14 35
14 36
14 38
14 40
14 43
14 44
14 45
14 46
14 48
14 52
14 54
14 57
14 60
14 61
14 64
14 66
14 76
14 79
14 85
14 88
14 89
14 90
14 91
14 92
14 102
14 106
14 108
14 111
14 112
14 113
14 114
14 116
14 117
14 120
14 121
14 123
14 124
15 16
15 17
15 18
15 20
15 21
15 22
15 23
15 24
15 25
15 27
15 30
15 31
15 32
15 34
15 36
15 37
15 38
15 42
15 43
15 44
15 45
15 48
15 49
15 50
15 51
15 53
15 56
15 57
15 59
15 60
15 66
15 68
15 73
15 74
15 80
15 85
15 86
15 87
15 93
15 94
15 96
15 101
15 102
15 105
15 107
15 108
15 109
15 110
15 114
15 116
15 117
15 121
15 122
15 123
15 125
15 126
15 127
15 128
16 17
16 18
16 23
16 24
16 26
16 27
16 28
16 29
16 31
16 33
16 34
16 35
16 36
16 38
16 40
16 41
16 44
16 45
16 46
16 52
16 55
16 57
16 58
16 60
16 61
16 62
16 64
16 66
16 71
16 74
16 77
16 85
16 86
16 88
16 89
16 91
16 92
16 97
16 98
16 104
16 105
16 106
16 110
16 112
16 114
16 116
16 119
16 120
16 122
16 124
16 126
16 128
17 19
17 21
17 23
17 26
17 27
17 30
17 33
17 34
17 35
17 39
17 44
17 45
17 46
17 48
17 49
17 57
17 58
17 59
17 60
17 61
17 65
17 68
17 69
17 70
17 75
17 76
17 77
17 79
17 81
17 85
17 86
17 92
17 94
17 95
17 101
17 108
17 109
17 110
17 112
17 114
17 115
17 117
17 121
17 124
17 127
18 19
18 20
18 21
18 22
18 23
18 24
18 25
18 28
18 31
18 32
18 33
18 35
18 37
18 39
18 44
18 46
18 47
18 52
18 56
18 57
18 60
18 62
18 67
18 68
18 70
18 72
18 73
18 74
18 75
18 78
18 80
18 87
18 88
18 91
18 96
18 97
18 98
18 102
18 103
18 104
18 105
18 107
18 112
18 117
18 120
18 122
18 124
18 126
18 127
19 20
19 23
19 24
19 25
19 26
19 29
19 32
19 33
19 35
19 37
19 41
19 42
19 44
19 45
19 47
19 51
19 55
19 56
19 57
19 58
19 66
19 67
19 68
19 70
19 72
19 74
19 75
19 77
19 78
19 79
19 80
19 83
19 85
19 86
19 88
19 90
19 92
19 94
19 96
19 97
19 98
19 101
19 103
19 107
19 108
19 110
19 112
19 115
19 116
19 117
19 118
19 119
19 120
19 124
19 125
19 127
20 21
20 25
20 29
20 32
20 33
20 37
20 39
20 41
20 42
20 43
20 44
20 45
20 46
20 48
20 52
20 54
20 55
20 56
20 59
20 61
20 63
20 65
20 66
20 67
20 68
20 69
20 70
20 73
20 75
20 77
20 78
20 79
20 83
20 85
20 87
20 89
20 90
20 96
20 99
20 100
20 102
20 104
20 105
20 106
20 107
20 110
20 112
20 113
20 119
20 120
20 121
20 122
20 125
20 126
21 25
21 28
21 29
21 30
21 35
21 37
21 38
21 39
21 40
21 42
21 45
21 46
21 49
21 50
21 53
21 55
21 57
21 59
21 60
21 64
21 66
21 68
21 70
21 71
21 72
21 74
21 76
21 78
21 79
21 80
21 81
21 82
21 85
21 87
21 88
21 90
21 92
21 93
21 94
21 96
21 97
21 98
21 99
21 100
21 101
21 103
21 104
21 105
21 106
21 107
21 112
21 114
21 117
21 118
21 119
21 122
21 123
21 124
21 125
21 126
22 26
22 27
22 32
22 34
22 37
22 38
22 42
22 43
22 44
22 46
22 47
22 49
22 50
22 52
22 53
22 57
22 60
22 61
22 63
22 65
22 67
22 68
22 69
22 71
22 72
22 77
22 80
22 81
22 84
22 85
22 89
22 90
22 95
22 96
22 99
22 101
22 102
22 105
22 109
22 111
22 114
22 118
22 119
22 120
22 121
22 122
22 123
22 124
22 125
22 126
22 128
23 24
23 25
23 27
23 32
23 34
23 38
23 43
23 47
23 48
23 49
23 50
23 51
23 55
23 56
23 57
23 58
23 62
23 63
23 64
23 70
23 71
23 72
23 75
23 78
23 81
23 82
23 84
23 86
23 87
23 88
23 89
23 90
23 91
23 95
23 97
23 98
23 101
23 102
23 103
23 105
23 108
23 109
23 111
23 114
23 117
23 118
23 120
23 122
23 123
23 125
23 126
23 128
24 26
24 27
24 28
24 30
24 35
24 36
24 37
24 38
24 39
24 40
24 41
24 42
24 47
24 48
24 50
24 52
24 55
24 57
24 61
24 62
24 64
24 65
24 66
24 73
24 76
24 77
24 78
24 84
24 85
24 86
24 87
24 89
24 90
24 92
24 93
24 94
24 96
24 97
24 98
24 99
24 101
24 102
24 103
24 105
24 111
24 115
24 116
24 119
24 121
24 124
24 125
25 26
25 28
25 30
25 31
25 32
25 34
25 38
25 39
25 40
25 43
25 45
25 46
25 48
25 49
25 55
25 56
25 57
25 58
25 60
25 61
25 63
25 64
25 67
25 72
25 73
25 76
25 78
25 79
25 80
25 84
25 85
25 86
25 87
25 88
25 90
25 92
25 94
25 95
25 100
25 101
25 103
25 104
25 107
25 110
25 111
25 113
25 116
25 121
25 122
25 124
25 125
25 126
25 127
26 28
26 29
26 30
26 32
26 33
26 40
26 43
26 44
26 50
26 52
26 54
26 56
26 57
26 62
26 64
26 65
26 66
26 71
26 73
26 74
26 76
26 78
26 79
26 80
26 83
26 85
26 86
26 90
26 91
26 93
26 94
26 96
26 97
26 98
26 100
26 102
26 103
26 105
26 106
26 108
26 109
26 115
26 116
26 117
26 118
26 119
26 120
26 122
26 123
27 29
27 31
27 35
27 38
27 42
27 44
27 45
27 46
27 47
27 48
27 51
27 52
27 53
27 55
27 58
27 61
27 64
27 66
27 67
27 71
27 72
27 74
27 76
27 78
27 83
27 85
27 87
27 88
27 91
27 92
27 93
27 94
27 96
27 99
27 103
27 104
27 106
27 107
27 108
27 110
27 113
27 116
27 120
27 121
27 124
27 125
27 126
27 127
27 128
28 32
28 34
28 37
28 44
28 47
28 51
28 53
28 54
28 57
28 62
28 67
28 72
28 73
28 76
28 77
28 78
28 79
28 80
28 81
28 82
28 84
28 87
28 91
28 92
28 95
28 96
28 97
28 98
28 104
28 105
28 106
28 108
28 110
28 113
28 117
28 119
28 122
28 123
29 30
29 33
29 34
29 36
29 39
29 41
29 44
29 45
29 46
29 48
29 52
29 56
29 57
29 58
29 61
29 62
29 63
29 65
29 68
29 69
29 70
29 73
29 74
29 80
29 81
29 85
29 86
29 88
29 91
29 92
29 93
29 96
29 101
29 102
29 103
29 105
29 107
29 108
29 110
29 111
29 113
29 115
29 116
29 117
29 118
29 121
29 123
29 126
29 128
30 31
30 34
30 36
30 37
30 38
30 40
30 43
30 44
30 47
30 49
30 50
30 51
30 52
30 54
30 55
30 56
30 60
30 61
30 62
30 64
30 68
30 71
30 72
30 73
30 75
30 76
30 80
30 84
30 85
30 87
30 90
30 92
30 93
30 95
30 97
30 100
30 106
30 107
30 108
30 112
30 113
30 116
30 117
30 118
30 119
30 122
30 126
31 32
31 33
31 34
31 38
31 41
31 42
31 47
31 48
31 49
31 51
31 52
31 53
31 55
31 57
31 59
31 60
31 61
31 68
31 70
31 72
31 75
31 82
31 83
31 86
31 87
31 88
31 90
31 91
31 96
31 97
31 98
31 99
31 103
31 105
31 110
31 112
31 113
31 114
31 118
31 121
31 122
31 124
32 33
32 36
32 37
32 38
32 40
32 41
32 42
32 45
32 48
32 49
32 51
32 53
32 54
32 56
32 60
32 61
32 67
32 68
32 71
32 77
32 81
32 83
32 85
32 86
32 90
32 91
32 95
32 98
32 100
32 102
32 103
32 105
32 107
32 108
32 110
32 111
32 112
32 113
32 116
32 117
32 119
32 120
32 121
32 123
32 124
32 127
33 34
33 37
33 42
33 43
33 44
33 45
33 46
33 47
33 48
33 50
33 54
33 56
33 58
33 59
33 62
33 64
33 68
33 70
33 71
33 73
33 74
33 76
33 77
33 79
33 80
33 82
33 83
33 86
33 87
33 89
33 91
33 92
33 93
33 94
33 95
33 97
33 98
33 101
33 102
33 106
33 107
33 108
33 110
33 111
33 114
33 115
33 119
33 120
33 122
33 127
33 128
34 36
34 38
34 39
34 40
34 42
34 43
34 44
34 46
34 49
34 54
34 56
34 61
34 62
34 64
34 65
34 67
34 68
34 69
34 70
34 74
34 75
34 78
34 80
34 81
34 82
34 83
34 84
34 88
34 89
34 92
34 96
34 97
34 99
34 101
34 102
34 103
34 107
34 109
34 114
34 115
34 118
34 119
34 120
34 122
34 124
34 125
34 126
34 127
35 36
35 38
35 39
35 40
35 41
35 43
35 44
35 46
35 48
35 49
35 50
35 52
35 54
35 56
35 57
35 58
35 59
35 60
35 61
35 64
35 67
35 69
35 70
35 71
35 72
35 76
35 77
35 80
35 82
35 86
35 88
35 90
35 91
35 92
35 94
35 96
35 97
35 98
35 99
35 102
35 103
35 106
35 108
35 112
35 113
35 114
35 116
35 121
35 122
35 123
35 126
35 128
36 37
36 39
36 40
36 42
36 45
36 47
36 48
36 49
36 51
36 56
36 57
36 60
36 62
36 64
36 65
36 66
36 68
36 69
36 70
36 75
36 76
36 79
36 80
36 84
36 85
36 86
36 87
36 88
36 89
36 91
36 92
36 95
36 97
36 99
36 102
36 103
36 104
36 110
36 115
36 118
36 121
36 122
36 126
37 39
37 40
37 41
37 42
37 43
37 48
37 50
37 51
37 55
37 56
37 57
37 60
37 61
37 64
37 68
37 69
37 70
37 71
37 74
37 75
37 77
37 79
37 81
37 82
37 84
37 88
37 89
37 93
37 94
37 95
37 97
37 98
37 101
37 102
37 103
37 104
37 106
37 107
37 108
37 109
37 111
37 112
37 113
37 114
37 117
37 118
37 119
37 122
37 123
37 127
37 128
38 41
38 43
38 47
38 49
38 50
38 51
38 52
38 54
38 56
38 60
38 63
38 64
38 65
38 67
38 68
38 72
38 74
38 75
38 76
38 81
38 83
38 86
38 87
38 88
38 91
38 93
38 94
38 96
38 97
38 100
38 106
38 110
38 114
38 116
38 117
38 118
38 119
38 120
38 121
38 122
38 123
38 125
38 128
39 40
39 43
39 44
39 45
39 47
39 48
39 49
39 50
39 51
39 54
39 57
39 58
39 60
39 65
39 67
39 70
39 71
39 73
39 76
39 83
39 84
39 85
39 87
39 88
39 91
39 93
39 94
39 95
39 96
39 97
39 98
39 101
39 103
39 104
39 105
39 106
39 107
39 108
39 109
39 114
39 117
39 126
39 127
40 42
40 44
40 46
40 47
40 49
40 54
40 56
40 61
40 69
40 70
40 71
40 73
40 74
40 76
40 79
40 81
40 83
40 85
40 86
40 90
40 91
40 92
40 93
40 94
40 95
40 97
40 102
40 103
40 105
40 107
40 108
40 109
40 110
40 111
40 112
40 113
40 114
40 118
40 120
40 126
40 128
41 42
41 45
41 53
41 54
41 59
41 64
41 65
41 66
41 68
41 70
41 72
41 73
41 74
41 80
41 84
41 87
41 88
41 89
41 90
41 91
41 92
41 93
41 97
41 98
41 99
41 101
41 102
41 103
41 104
41 107
41 110
41 114
41 115
41 119
41 120
41 122
41 123
42 45
42 46
42 51
42 53
42 54
42 56
42 59
42 60
42 61
42 66
42 67
42 68
42 72
42 74
42 75
42 78
42 80
42 85
42 86
42 87
42 88
42 91
42 92
42 96
42 98
42 99
42 105
42 107
42 109
42 110
42 113
42 115
42 118
42 119
42 120
42 122
42 124
42 127
43 44
43 48
43 54
43 55
43 57
43 60
43 61
43 62
43 68
43 69
43 72
43 74
43 77
43 80
43 81
43 82
43 83
43 86
43 91
43 92
43 93
43 94
43 96
43 98
43 103
43 106
43 107
43 108
43 109
43 110
43 111
43 113
43 114
43 115
43 119
43 121
43 126
44 45
44 48
44 51
44 52
44 55
44 56
44 57
44 59
44 60
44 61
44 62
44 64
44 65
44 66
44 70
44 72
44 73
44 74
44 77
44 79
44 80
44 81
44 84
44 85
44 86
44 87
44 88
44 93
44 94
44 101
44 102
44 104
44 105
44 106
44 110
44 113
44 114
44 115
44 116
44 117
44 121
44 123
44 125
44 127
45 46
45 47
45 51
45 52
45 57
45 58
45 63
45 65
45 67
45 70
45 71
45 72
45 73
45 75
45 78
45 79
45 81
45 85
45 88
45 89
45 92
45 93
45 94
45 96
45 102
45 106
45 109
45 110
45 112
45 113
45 114
45 116
45 117
45 118
45 120
45 122
45 125
45 128
46 47
46 48
46 51
46 52
46 54
46 62
46 66
46 69
46 70
46 76
46 77
46 79
46 80
46 83
46 87
46 88
46 91
46 92
46 93
46 94
46 96
46 100
46 101
46 103
46 105
46 106
46 107
46 108
46 110
46 112
46 113
46 118
46 119
46 122
46 123
46 125
47 49
47 50
47 52
47 53
47 55
47 57
47 58
47 62
47 63
47 64
47 65
47 68
47 71
47 73
47 75
47 77
47 79
47 80
47 82
47 83
47 87
47 88
47 90
47 92
47 93
47 94
47 96
47 100
47 104
47 107
47 111
47 112
47 113
47 115
47 118
47 125
47 126
48 51
48 53
48 54
48 55
48 57
48 58
48 60
48 63
48 72
48 74
48 76
48 77
48 80
48 84
48 85
48 86
48 88
48 90
48 93
48 96
48 97
48 98
48 99
48 100
48 101
48 107
48 110
48 116
48 118
48 120
48 121
48 122
48 123
48 124
48 125
48 126
49 50
49 51
49 54
49 56
49 59
49 61
49 62
49 63
49 71
49 73
49 74
49 75
49 76
49 78
49 79
49 80
49 82
49 83
49 87
49 90
49 91
49 93
49 95
49 96
49 97
49 98
49 101
49 107
49 108
49 110
49 112
49 113
49 116
49 117
49 118
49 120
49 121
49 124
49 126
49 128
50 51
50 53
50 54
50 55
50 56
50 58
50 59
50 61
50 62
50 66
50 68
50 69
50 73
50 74
50 77
50 78
50 82
50 83
50 85
50 86
50 87
50 89
50 92
50 95
50 97
50 105
50 107
50 108
50 114
50 117
50 122
50 125
50 126
50 127
50 128
51 53
51 54
51 56
51 58
51 59
51 60
51 63
51 65
51 68
51 71
51 75
51 76
51 77
51 83
51 85
51 86
51 88
51 89
51 90
51 94
51 96
51 100
51 101
51 102
51 103
51 107
51 109
51 112
51 113
51 115
51 116
51 118
51 119
51 121
51 123
51 128
52 54
52 55
52 56
52 58
52 60
52 64
52 67
52 69
52 71
52 72
52 73
52 75
52 77
52 78
52 82
52 87
52 88
52 89
52 91
52 93
52 94
52 95
52 99
52 101
52 102
52 105
52 108
52 109
52 110
52 113
52 115
52 116
52 117
52 118
52 120
52 123
52 124
52 125
53 54
53 55
53 58
53 59
53 60
53 61
53 66
53 67
53 70
53 72
53 76
53 77
53 80
53 82
53 83
53 84
53 85
53 88
53 91
53 93
53 94
53 95
53 99
53 101
53 102
53 103
53 105
53 106
53 108
53 109
53 110
53 113
53 114
53 115
53 117
53 119
53 121
53 123
53 125
53 127
53 128
54 55
54 58
54 59
54 63
54 64
54 67
54 68
54 69
54 70
54 73
54 74
54 78
54 80
54 81
54 82
54 83
54 88
54 89
54 93
54 95
54 96
54 97
54 98
54 99
54 100
54 103
54 104
54 109
54 110
54 111
54 112
54 120
54 121
54 124
54 126
54 127
54 128
55 57
55 61
55 63
55 68
55 75
55 77
55 79
55 82
55 83
55 86
55 89
55 91
55 95
55 98
55 100
55 103
55 104
55 106
55 107
55 115
55 119
55 120
55 121
55 122
55 123
55 124
55 126
55 128
56 57
56 58
56 60
56 61
56 62
56 63
56 65
56 68
56 69
56 70
56 71
56 73
56 75
56 77
56 78
56 79
56 81
56 84
56 85
56 93
56 95
56 96
56 97
56 98
56 99
56 100
56 102
56 103
56 106
56 110
56 111
56 112
56 113
56 114
56 116
56 117
56 119
56 121
56 122
56 124
56 125
56 128
57 58
57 59
57 63
57 65
57 73
57 76
57 77
57 81
57 84
57 86
57 87
57 88
57 90
57 91
57 95
57 97
57 102
57 103
57 105
57 108
57 112
57 113
57 114
57 117
57 120
57 123
57 126
57 127
57 128
58 60
58 62
58 64
58 67
58 70
58 71
58 72
58 73
58 75
58 77
58 83
58 84
58 85
58 88
58 90
58 92
58 93
58 100
58 101
58 102
58 105
58 107
58 108
58 109
58 111
58 115
58 116
58 118
58 120
58 122
58 127
59 65
59 67
59 68
59 71
59 72
59 74
59 75
59 77
59 78
59 79
59 80
59 81
59 82
59 86
59 92
59 94
59 96
59 98
59 101
59 102
59 106
59 108
59 109
59 111
59 112
59 113
59 114
59 115
59 116
59 118
59 121
59 122
59 124
59 126
59 127
59 128
60 61
60 64
60 68
60 69
60 71
60 74
60 75
60 78
60 82
60 85
60 87
60 89
60 90
60 94
60 98
60 99
60 102
60 106
60 107
60 109
60 110
60 111
60 114
60 115
60 116
60 118
60 122
60 123
60 124
60 125
60 126
60 128
61 62
61 63
61 66
61 68
61 74
61 75
61 77
61 79
61 80
61 82
61 84
61 85
61 88
61 91
61 101
61 102
61 103
61 104
61 105
61 107
61 109
61 110
61 111
61 112
61 114
61 117
61 119
61 120
61 122
61 123
61 124
61 126
62 63
62 66
62 68
62 70
62 73
62 75
62 81
62 82
62 84
62 87
62 88
62 89
62 90
62 91
62 93
62 94
62 95
62 98
62 99
62 100
62 101
62 103
62 107
62 109
62 110
62 113
62 117
62 120
62 123
62 124
62 127
62 128
63 67
63 68
63 69
63 70
63 71
63 72
63 74
63 75
63 77
63 80
63 83
63 85
63 86
63 92
63 98
63 101
63 103
63 105
63 106
63 107
63 108
63 109
63 116
63 118
63 122
63 123
63 128
64 67
64 68
64 72
64 74
64 75
64 78
64 81
64 83
64 84
64 85
64 88
64 90
64 93
64 94
64 95
64 102
64 103
64 104
64 105
64 106
64 109
64 111
64 113
64 115
64 119
64 121
64 122
64 123
64 124
64 125
64 128
65 66
65 71
65 72
65 74
65 75
65 78
65 79
65 80
65 83
65 85
65 86
65 89
65 91
65 94
65 95
65 96
65 98
65 101
65 102
65 104
65 106
65 107
65 110
65 111
65 116
65 118
65 119
65 120
65 122
65 123
65 126
65 128
66 67
66 70
66 71
66 72
66 74
66 75
66 77
66 81
66 84
66 85
66 86
66 90
66 92
66 93
66 96
66 99
66 101
66 102
66 105
66 107
66 108
66 109
66 111
66 112
66 114
66 118
66 122
66 125
67 69
67 72
67 73
67 74
67 75
67 77
67 78
67 84
67 86
67 88
67 89
67 90
67 91
67 92
67 93
67 94
67 95
67 97
67 98
67 102
67 104
67 105
67 107
67 111
67 112
67 114
67 115
67 118
67 120
67 126
67 127
67 128
68 70
68 71
68 73
68 76
68 77
68 82
68 86
68 87
68 90
68 94
68 95
68 100
68 101
68 102
68 103
68 104
68 105
68 106
68 109
68 111
68 113
68 117
68 118
68 119
68 120
68 121
68 122
68 124
68 125
68 126
68 127
69 72
69 73
69 77
69 79
69 80
69 82
69 83
69 85
69 87
69 88
69 89
69 91
69 92
69 94
69 97
69 99
69 101
69 102
69 108
69 109
69 110
69 114
69 115
69 120
69 123
69 125
69 127
69 128
70 72
70 74
70 75
70 76
70 78
70 80
70 81
70 83
70 86
70 89
70 94
70 95
70 96
70 97
70 98
70 100
70 104
70 105
70 106
70 107
70 108
70 110
70 118
70 119
70 122
70 124
70 125
70 126
71 74
71 75
71 76
71 77
71 79
71 81
71 82
71 83
71 85
71 86
71 87
71 88
71 89
71 90
71 97
71 98
71 101
71 102
71 103
71 106
71 107
71 109
71 110
71 111
71 112
71 113
71 117
71 126
72 76
72 78
72 81
72 82
72 83
72 86
72 89
72 90
72 91
72 94
72 96
72 97
72 98
72 100
72 103
72 106
72 107
72 108
72 112
72 113
72 114
72 117
72 119
72 120
72 123
72 124
72 127
73 74
73 75
73 77
73 80
73 81
73 82
73 87
73 89
73 90
73 91
73 98
73 99
73 102
73 105
73 107
73 110
73 113
73 114
73 117
73 118
73 120
73 121
73 124
73 125
73 127
73 128
74 77
74 79
74 80
74 81
74 82
74 83
74 84
74 85
74 86
74 93
74 94
74 95
74 97
74 100
74 101
74 102
74 104
74 106
74 108
74 109
74 110
74 111
74 113
74 115
74 117
74 120
74 121
74 124
74 125
74 127
74 128
75 78
75 80
75 81
75 82
75 83
75 85
75 86
75 87
75 88
75 91
75 95
75 97
75 98
75 100
75 101
75 103
75 104
75 105
75 106
75 115
75 123
75 124
75 127
76 78
76 80
76 81
76 82
76 83
76 84
76 85
76 87
76 90
76 91
76 95
76 96
76 98
76 102
76 106
76 114
76 115
76 116
76 117
76 119
76 120
76 123
76 128
77 78
77 80
77 81
77 83
77 85
77 91
77 94
77 99
77 101
77 102
77 103
77 105
77 106
77 109
77 110
77 111
77 119
77 122
77 123
77 124
78 79
78 82
78 87
78 88
78 91
78 92
78 93
78 97
78 98
78 101
78 103
78 104
78 105
78 109
78 110
78 111
78 112
78 116
78 118
78 124
78 127
78 128
79 81
79 86
79 88
79 89
79 90
79 92
79 95
79 96
79 97
79 98
79 99
79 100
79 102
79 104
79 106
79 107
79 113
79 115
79 116
79 119
79 120
79 121
79 123
79 124
79 125
79 128
80 83
80 90
80 91
80 92
80 93
80 95
80 96
80 98
80 99
80 100
80 101
80 102
80 104
80 105
80 107
80 108
80 109
80 110
80 111
80 112
80 115
80 118
80 128
81 82
81 84
81 88
81 89
81 90
81 91
81 92
81 93
81 95
81 96
81 98
81 100
81 101
81 103
81 107
81 108
81 110
81 111
81 113
81 114
81 116
81 117
81 120
81 121
81 125
81 126
81 128
82 87
82 88
82 90
82 91
82 99
82 100
82 101
82 102
82 104
82 105
82 107
82 108
82 110
82 111
82 115
82 116
82 119
82 121
82 122
83 85
83 87
83 88
83 90
83 91
83 92
83 96
83 99
83 102
83 103
83 104
83 105
83 106
83 109
83 110
83 111
83 112
83 113
83 116
83 119
83 120
83 122
83 123
83 125
83 127
84 85
84 88
84 89
84 90
84 93
84 94
84 98
84 99
84 100
84 101
84 102
84 103
84 104
84 105
84 106
84 107
84 111
84 119
84 120
84 121
84 126
84 127
85 87
85 88
85 90
85 91
85 92
85 93
85 94
85 95
85 96
85 97
85 99
85 100
85 101
85 102
85 103
85 104
85 106
85 109
85 111
85 113
85 115
85 116
85 120
85 121
85 122
85 125
85 126
85 127
85 128
86 88
86 91
86 94
86 95
86 96
86 97
86 98
86 99
86 100
86 101
86 102
86 104
86 108
86 110
86 111
86 112
86 113
86 115
86 117
86 119
86 122
86 124
86 125
86 126
87 91
87 92
87 93
87 94
87 97
87 98
87 100
87 103
87 106
87 107
87 109
87 110
87 112
87 113
87 115
87 117
87 125
87 126
87 127
87 128
88 89
88 91
88 95
88 96
88 103
88 104
88 106
88 107
88 110
88 111
88 112
88 119
88 121
88 122
88 124
88 125
89 90
89 91
89 94
89 96
89 98
89 100
89 101
89 102
89 103
89 105
89 109
89 110
89 113
89 114
89 115
89 125
89 126
89 127
89 128
90 91
90 93
90 94
90 98
90 100
90 102
90 104
90 108
90 110
90 112
90 114
90 117
90 118
90 122
90 123
90 126
90 128
91 92
91 94
91 98
91 100
91 101
91 110
91 111
91 115
91 116
91 117
91 119
91 122
91 123
91 124
91 127
92 93
92 98
92 99
92 102
92 103
92 104
92 105
92 106
92 107
92 109
92 111
92 112
92 113
92 115
92 116
92 118
92 120
92 124
92 126
92 127
92 128
93 94
93 97
93 98
93 100
93 101
93 104
93 106
93 108
93 110
93 113
93 114
93 115
93 116
93 117
93 118
93 119
93 120
93 122
93 123
93 124
93 126
93 128
94 95
94 96
94 97
94 98
94 99
94 100
94 103
94 104
94 108
94 109
94 110
94 111
94 112
94 113
94 114
94 115
94 118
94 119
94 120
94 123
94 126
95 100
95 101
95 105
95 109
95 110
95 116
95 118
95 119
95 120
95 121
95 122
95 123
95 124
95 126
95 127
96 100
96 102
96 105
96 106
96 107
96 108
96 110
96 111
96 114
96 120
96 121
96 122
96 124
96 125
96 126
96 128
97 101
97 102
97 106
97 107
97 109
97 110
97 111
97 114
97 115
97 122
97 126
97 127
98 99
98 100
98 102
98 104
98 106
98 107
98 109
98 111
98 113
98 114
98 117
98 118
98 126
98 127
99 100
99 103
99 104
99 106
99 108
99 109
99 110
99 111
99 112
99 113
99 114
99 116
99 119
99 120
99 123
99 126
99 127
99 128
100 102
100 106
100 108
100 109
100 111
100 115
100 126
101 102
101 103
101 105
101 106
101 109
101 110
101 111
101 113
101 116
101 117
101 120
101 121
101 122
101 123
101 127
101 128
102 104
102 105
102 106
102 109
102 111
102 112
102 113
102 115
102 116
102 117
102 118
102 119
102 120
102 123
102 124
102 126
102 127
102 128
103 106
103 107
103 109
103 110
103 112
103 116
103 118
103 119
103 120
103 122
103 125
103 127
103 128
104 105
104 109
104 110
104 113
104 114
104 116
104 120
104 126
104 127
104 128
105 106
105 108
105 109
105 111
105 112
105 113
105 114
105 120
105 122
105 125
106 107
106 108
106 109
106 113
106 115
106 117
106 118
106 119
106 124
106 125
106 127
107 109
107 110
107 113
107 114
107 115
107 119
107 124
107 127
107 128
108 112
108 114
108 115
108 117
108 118
108 119
108 121
108 122
108 123
108 124
108 125
108 128
109 111
109 113
109 115
109 116
109 120
110 111
110 113
110 116
110 121
110 122
110 123
110 124
110 128
111 120
111 123
111 124
111 125
111 127
112 115
112 118
112 120
112 122
112 123
112 124
112 125
112 126
113 117
113 119
113 120
113 123
113 124
113 125
113 128
114 116
114 118
114 119
114 121
114 123
114 125
114 127
114 128
115 118
115 119
115 123
115 124
115 125
115 126
115 127
115 128
116 119
116 122
116 123
116 126
116 127
117 126
118 120
118 121
118 122
118 124
118 125
118 126
118 127
118 128
119 121
119 124
119 126
119 127
119 128
120 122
120 125
120 128
121 123
121 124
121 125
121 127
121 128
122 127
123 125
123 126
124 127
124 128
125 127
127 128
