128 3432
1 3
1 4
1 5
1 6
1 7
1 8
1 9
1 16
1 21
1 30
1 37
1 38
1 40
1 43
1 47
1 48
1 49
1 51
1 54
1 55
1 60
1 62
1 67
1 70
1 72
1 73
1 74
1 77
1 78
1 81
1 86
1 87
1 88
1 89
1 90
1 91
1 94
1 97
1 101
1 103
1 105
1 108
1 114
1 119
1 123
2 3
2 4
2 6
2 8
2 9
2 10
2 11
2 13
2 14
2 18
2 21
2 23
2 26
2 27
2 33
2 39
2 40
2 41
2 43
2 46
2 47
2 50
2 51
2 52
2 55
2 56
2 58
2 59
2 60
2 61
2 66
2 67
2 68
2 72
2 76
2 77
2 79
2 83
2 84
2 86
2 88
2 89
2 91
2 93
2 95
2 96
2 98
2 99
2 105
2 110
2 112
2 113
2 115
2 116
2 117
2 119
2 120
2 121
2 125
2 126
2 127
3 5
3 6
3 8
3 9
3 15
3 19
3 20
3 21
3 22
3 23
3 24
3 25
3 35
3 37
3 40
3 41
3 42
3 45
3 51
3 53
3 54
3 55
3 56
3 57
3 60
3 61
3 63
3 66
3 67
3 69
3 71
3 72
3 76
3 80
3 82
3 84
3 85
3 86
3 88
3 91
3 92
3 93
3 96
3 98
3 99
3 100
3 101
3 103
3 104
3 107
3 108
3 109
3 111
3 112
3 113
3 114
3 115
3 124
3 125
3 126
4 5
4 6
4 7
4 8
4 12
4 14
4 16
4 21
4 22
4 24
4 25
4 26
4 29
4 31
4 33
4 36
4 37
4 40
4 43
4 48
4 50
4 52
4 54
4 56
4 57
4 58
4 59
4 60
4 61
4 62
4 65
4 66
4 71
4 76
4 77
4 78
4 83
4 84
4 92
4 93
4 95
4 98
4 99
4 104
4 108
4 109
4 111
4 112
4 114
4 115
4 117
4 119
4 120
4 121
5 8
5 10
5 12
5 15
5 19
5 20
5 23
5 27
5 28
5 29
5 30
5 33
5 37
5 38
5 40
5 42
5 45
5 48
5 50
5 53
5 57
5 64
5 66
5 68
5 71
5 72
5 74
5 75
5 78
5 80
5 81
5 84
5 86
5 88
5 91
5 93
5 94
5 95
5 96
5 101
5 102
5 104
5 106
5 108
5 109
5 111
5 113
5 116
5 118
5 121
5 122
5 126
5 128
6 7
6 8
6 9
6 12
6 17
6 18
6 21
6 24
6 29
6 31
6 33
6 34
6 37
6 39
6 41
6 42
6 43
6 44
6 51
6 53
6 57
6 61
6 62
6 64
6 67
6 68
6 69
6 71
6 76
6 78
6 80
6 83
6 84
6 85
6 87
6 88
6 89
6 92
6 93
6 94
6 99
6 101
6 103
6 104
6 105
6 108
6 110
6 112
6 114
6 115
6 120
6 122
6 123
6 126
7 12
7 15
7 16
7 17
7 18
7 19
7 24
7 27
7 29
7 31
7 34
7 37
7 38
7 39
7 41
7 43
7 45
7 46
7 48
7 49
7 50
7 51
7 56
7 57
7 58
7 61
7 67
7 68
7 72
7 73
7 75
7 76
7 77
7 83
7 85
7 86
7 89
7 91
7 97
7 101
7 102
7 103
7 106
7 107
7 108
7 110
7 111
7 112
7 113
7 115
7 116
7 117
7 118
7 120
7 121
7 125
7 126
8 9
8 12
8 13
8 17
8 19
8 24
8 29
8 31
8 33
8 35
8 37
8 42
8 44
8 46
8 47
8 48
8 49
8 52
8 57
8 59
8 62
8 65
8 66
8 67
8 69
8 70
8 71
8 73
8 74
8 75
8 78
8 79
8 81
8 82
8 84
8 85
8 86
8 95
8 96
8 97
8 103
8 104
8 105
8 109
8 114
8 115
8 117
8 120
8 122
8 123
8 124
8 126
9 16
9 19
9 22
9 23
9 24
9 25
9 30
9 36
9 45
9 47
9 49
9 54
9 61
9 62
9 64
9 66
9 67
9 68
9 69
9 71
9 72
9 73
9 74
9 76
9 82
9 85
9 86
9 87
9 91
9 94
9 95
9 96
9 97
9 98
9 102
9 103
9 105
9 106
9 109
9 113
9 114
9 117
9 120
9 122
9 125
10 12
10 14
10 15
10 18
10 20
10 22
10 23
10 25
10 26
10 30
10 32
10 33
10 37
10 39
10 40
10 41
10 43
10 45
10 46
10 50
10 51
10 53
10 54
10 55
10 57
10 58
10 59
10 64
10 65
10 66
10 69
10 72
10 75
10 76
10 77
10 78
10 83
10 85
10 86
10 88
10 89
10 90
10 91
10 92
10 93
10 94
10 98
10 99
10 103
10 107
10 108
10 111
10 112
10 116
10 120
10 124
10 125
11 16
11 19
11 22
11 24
11 29
11 30
11 32
11 34
11 35
11 36
11 38
11 39
11 40
11 42
11 45
11 46
11 48
11 52
11 56
11 59
11 62
11 67
11 70
11 73
11 75
11 77
11 80
11 82
11 83
11 88
11 90
11 91
11 92
11 100
11 101
11 103
11 106
11 109
11 110
11 111
11 112
11 114
11 115
11 116
11 117
11 123
11 124
11 125
11 127
11 128
12 13
12 15
12 18
12 19
12 22
12 24
12 27
12 32
12 34
12 37
12 39
12 40
12 42
12 43
12 45
12 46
12 48
12 50
12 53
12 56
12 60
12 62
12 64
12 67
12 68
12 69
12 71
12 74
12 77
12 81
12 83
12 84
12 86
12 87
12 90
12 93
12 95
12 96
12 102
12 104
12 108
12 109
12 112
12 114
12 116
12 118
12 122
12 126
13 14
13 15
13 18
13 24
13 26
13 27
13 28
13 29
13 31
13 32
13 33
13 34
13 36
13 39
13 40
13 41
13 45
13 49
13 60
13 64
13 65
13 66
13 69
13 70
13 74
13 79
13 80
13 88
13 93
13 94
13 97
13 99
13 101
13 102
13 103
13 106
13 109
13 114
13 115
13 120
13 121
13 123
13 126
14 15
14 16
14 18
14 21
14 22
14 30
14 35
14 39
14 40
14 45
14 48
14 49
14 50
14 51
14 57
14 61
14 63
14 65
14 66
14 69
14 70
14 74
14 76
14 77
14 80
14 82
14 85
14 86
14 87
14 94
14 98
14 99
14 100
14 102
14 107
14 109
14 110
14 111
14 113
14 120
14 123
14 127
14 128
15 17
15 18
15 20
15 21
15 26
15 29
15 33
15 34
15 36
15 39
15 40
15 43
15 46
15 48
15 49
15 53
15 57
15 62
15 64
15 70
15 73
15 74
15 75
15 77
15 79
15 80
15 81
15 82
15 84
15 90
15 91
15 94
15 99
15 105
15 106
15 109
15 110
15 111
15 114
15 115
15 116
15 118
15 121
15 122
16 17
16 21
16 22
16 27
16 31
16 32
16 34
16 36
16 37
16 39
16 40
16 41
16 45
16 46
16 47
16 48
16 49
16 52
16 53
16 56
16 58
16 59
16 60
16 63
16 64
16 67
16 68
16 71
16 77
16 78
16 79
16 81
16 82
16 84
16 85
16 86
16 87
16 88
16 89
16 91
16 93
16 95
16 99
16 100
16 107
16 109
16 111
16 115
16 117
16 118
16 122
16 123
16 124
16 126
16 127
17 18
17 23
17 25
17 28
17 32
17 36
17 37
17 38
17 40
17 41
17 48
17 50
17 51
17 55
17 56
17 58
17 60
17 62
17 64
17 67
17 70
17 72
17 76
17 84
17 85
17 86
17 88
17 90
17 92
17 95
17 96
17 97
17 99
17 101
17 103
17 104
17 108
17 109
17 114
17 116
17 117
17 119
17 120
17 121
17 123
17 124
17 125
17 128
18 19
18 21
18 24
18 28
18 34
18 36
18 38
18 39
18 43
18 44
18 48
18 49
18 50
18 51
18 52
18 54
18 57
18 58
18 62
18 63
18 65
18 66
18 67
18 71
18 72
18 76
18 77
18 80
18 81
18 88
18 89
18 90
18 91
18 95
18 99
18 100
18 101
18 105
18 108
18 109
18 110
18 112
18 114
18 115
18 117
18 121
18 122
18 123
18 128
19 20
19 21
19 22
19 23
19 25
19 28
19 29
19 31
19 34
19 36
19 37
19 38
19 40
19 41
19 43
19 45
19 46
19 47
19 48
19 49
19 52
19 53
19 55
19 58
19 64
19 66
19 67
19 68
19 74
19 80
19 81
19 84
19 94
19 95
19 96
19 97
19 99
19 100
19 102
19 103
19 105
19 108
19 109
19 111
19 114
19 116
19 119
19 121
19 122
19 123
19 127
20 23
20 24
20 25
20 26
20 29
20 33
20 36
20 40
20 41
20 47
20 48
20 49
20 50
20 51
20 53
20 54
20 57
20 58
20 59
20 64
20 65
20 67
20 68
20 72
20 79
20 83
20 84
20 86
20 88
20 89
20 92
20 97
20 98
20 99
20 101
20 102
20 105
20 115
20 116
20 117
20 118
20 119
20 120
20 121
20 124
20 128
21 23
21 24
21 25
21 26
21 30
21 31
21 32
21 33
21 38
21 40
21 41
21 48
21 51
21 53
21 57
21 60
21 61
21 62
21 64
21 66
21 67
21 73
21 74
21 76
21 77
21 79
21 80
21 83
21 85
21 87
21 88
21 89
21 90
21 92
21 93
21 97
21 98
21 100
21 104
21 105
21 106
21 108
21 110
21 111
21 114
21 116
21 117
21 120
21 122
21 123
22 25
22 26
22 29
22 30
22 33
22 36
22 37
22 39
22 40
22 41
22 44
22 45
22 46
22 47
22 51
22 52
22 56
22 57
22 59
22 60
22 61
22 64
22 66
22 68
22 69
22 70
22 73
22 80
22 85
22 88
22 91
22 94
22 100
22 101
22 108
22 109
22 110
22 111
22 114
22 116
22 117
22 119
22 123
22 126
22 127
23 25
23 27
23 28
23 30
23 32
23 33
23 35
23 37
23 41
23 46
23 48
23 50
23 52
23 57
23 60
23 64
23 66
23 67
23 68
23 71
23 72
23 78
23 79
23 80
23 81
23 84
23 85
23 96
23 98
23 99
23 100
23 101
23 102
23 105
23 107
23 108
23 111
23 112
23 114
23 117
23 118
23 121
23 122
23 123
23 126
23 127
24 26
24 27
24 28
24 29
24 33
24 34
24 38
24 39
24 41
24 51
24 53
24 55
24 56
24 58
24 62
24 63
24 65
24 69
24 72
24 75
24 76
24 77
24 80
24 84
24 85
24 86
24 88
24 91
24 92
24 95
24 96
24 101
24 104
24 105
24 106
24 107
24 110
24 111
24 115
24 117
24 119
24 120
24 121
24 122
24 124
24 127
25 29
25 31
25 32
25 33
25 35
25 37
25 38
25 40
25 41
25 43
25 46
25 47
25 49
25 52
25 54
25 55
25 57
25 58
25 60
25 63
25 64
25 66
25 68
25 69
25 72
25 73
25 74
25 79
25 80
25 83
25 85
25 88
25 91
25 96
25 97
25 99
25 102
25 103
25 108
25 116
25 117
25 118
25 120
25 121
25 122
25 126
26 29
26 32
26 34
26 35
26 37
26 42
26 43
26 44
26 45
26 49
26 50
26 51
26 54
26 55
26 56
26 57
26 58
26 61
26 62
26 63
26 67
26 69
26 74
26 76
26 79
26 80
26 81
26 83
26 85
26 86
26 87
26 91
26 93
26 95
26 96
26 98
26 100
26 101
26 102
26 106
26 108
26 109
26 111
26 112
26 116
26 117
26 118
26 120
26 124
26 125
26 126
26 127
27 31
27 33
27 34
27 38
27 45
27 47
27 49
27 50
27 51
27 53
27 55
27 56
27 57
27 58
27 61
27 63
27 64
27 66
27 67
27 69
27 72
27 73
27 76
27 78
27 79
27 81
27 83
27 85
27 86
27 91
27 94
27 96
27 99
27 101
27 102
27 108
27 109
27 110
27 111
27 112
27 119
27 124
27 126
28 30
28 31
28 32
28 36
28 37
28 38
28 40
28 41
28 42
28 44
28 47
28 48
28 50
28 51
28 59
28 60
28 63
28 64
28 66
28 67
28 69
28 72
28 76
28 81
28 83
28 85
28 89
28 91
28 93
28 94
28 95
28 99
28 100
28 101
28 105
28 106
28 107
28 110
28 111
28 112
28 113
28 117
28 119
28 122
29 31
29 34
29 36
29 38
29 39
29 40
29 41
29 45
29 48
29 50
29 51
29 52
29 53
29 54
29 60
29 62
29 69
29 70
29 72
29 73
29 74
29 76
29 78
29 84
29 86
29 90
29 91
29 92
29 95
29 101
29 103
29 105
29 106
29 107
29 109
29 110
29 117
29 118
29 119
29 120
29 123
29 124
29 125
29 127
30 31
30 33
30 34
30 36
30 40
30 41
30 44
30 47
30 49
30 50
30 53
30 58
30 59
30 60
30 61
30 65
30 66
30 69
30 70
30 73
30 79
30 81
30 82
30 86
30 89
30 91
30 95
30 99
30 102
30 103
30 106
30 107
30 108
30 109
30 110
30 111
30 113
30 114
30 115
30 117
30 118
30 119
30 121
30 122
30 124
30 125
30 126
30 128
31 33
31 38
31 39
31 40
31 42
31 46
31 47
31 48
31 49
31 51
31 52
31 54
31 55
31 58
31 59
31 61
31 65
31 66
31 75
31 81
31 84
31 87
31 89
31 90
31 95
31 97
31 100
31 102
31 104
31 105
31 107
31 109
31 114
31 117
31 119
31 127
31 128
32 33
32 35
32 38
32 40
32 42
32 45
32 46
32 50
32 52
32 58
32 59
32 61
32 64
32 65
32 67
32 69
32 70
32 74
32 76
32 78
32 82
32 89
32 90
32 91
32 92
32 93
32 99
32 101
32 102
32 104
32 105
32 106
32 112
32 113
32 115
32 119
32 121
32 125
32 126
32 128
33 34
33 35
33 38
33 39
33 44
33 48
33 49
33 55
33 61
33 63
33 64
33 65
33 66
33 69
33 71
33 73
33 74
33 78
33 81
33 84
33 91
33 92
33 93
33 95
33 98
33 99
33 101
33 112
33 113
33 119
33 120
33 123
33 127
34 36
34 39
34 40
34 44
34 45
34 46
34 47
34 50
34 55
34 64
34 67
34 77
34 81
34 87
34 99
34 100
34 101
34 105
34 106
34 109
34 115
34 116
34 121
34 124
34 125
34 126
35 41
35 42
35 43
35 45
35 47
35 50
35 52
35 57
35 61
35 62
35 65
35 66
35 67
35 70
35 75
35 76
35 82
35 84
35 90
35 91
35 93
35 94
35 95
35 97
35 98
35 99
35 105
35 108
35 109
35 110
35 112
35 114
35 116
35 118
35 122
35 124
35 128
36 38
36 40
36 41
36 43
36 49
36 53
36 57
36 58
36 60
36 62
36 66
36 73
36 75
36 77
36 80
36 81
36 85
36 92
36 94
36 98
36 100
36 101
36 104
36 106
36 107
36 108
36 109
36 111
36 114
36 115
36 117
36 118
36 119
36 120
36 124
36 126
36 127
36 128
37 39
37 41
37 42
37 44
37 45
37 46
37 47
37 48
37 52
37 53
37 54
37 55
37 57
37 59
37 60
37 61
37 62
37 69
37 71
37 72
37 75
37 78
37 81
37 84
37 85
37 86
37 87
37 88
37 92
37 93
37 94
37 96
37 98
37 99
37 101
37 102
37 108
37 113
37 119
37 122
37 124
37 126
38 39
38 44
38 48
38 50
38 51
38 53
38 58
38 61
38 65
38 66
38 67
38 68
38 75
38 78
38 79
38 81
38 83
38 87
38 88
38 89
38 92
38 93
38 94
38 96
38 97
38 98
38 99
38 100
38 102
38 103
38 106
38 107
38 109
38 115
38 117
38 120
38 125
39 40
39 41
39 46
39 47
39 49
39 53
39 61
39 70
39 73
39 74
39 76
39 77
39 78
39 80
39 82
39 85
39 86
39 89
39 92
39 97
39 98
39 104
39 108
39 109
39 113
39 115
39 117
39 124
39 125
40 41
40 42
40 45
40 49
40 50
40 52
40 53
40 55
40 56
40 58
40 59
40 61
40 62
40 66
40 68
40 70
40 71
40 76
40 77
40 81
40 83
40 87
40 88
40 89
40 91
40 93
40 99
40 102
40 104
40 105
40 111
40 112
40 115
40 117
40 122
40 123
40 124
40 125
40 127
40 128
41 43
41 46
41 49
41 51
41 54
41 56
41 58
41 59
41 60
41 61
41 63
41 64
41 70
41 72
41 76
41 77
41 79
41 82
41 84
41 85
41 91
41 96
41 98
41 100
41 101
41 104
41 105
41 106
41 109
41 111
41 114
41 115
41 118
41 119
41 120
41 121
41 123
41 124
41 126
41 127
41 128
42 43
42 48
42 49
42 51
42 52
42 53
42 55
42 56
42 57
42 58
42 59
42 61
42 64
42 66
42 67
42 68
42 69
42 74
42 75
42 76
42 79
42 81
42 85
42 86
42 90
42 94
42 95
42 96
42 98
42 100
42 104
42 111
42 112
42 114
42 119
42 120
42 121
42 122
42 127
42 128
43 46
43 49
43 50
43 51
43 53
43 54
43 56
43 57
43 58
43 59
43 60
43 61
43 63
43 64
43 69
43 73
43 76
43 78
43 79
43 80
43 82
43 84
43 85
43 86
43 87
43 89
43 93
43 94
43 96
43 97
43 99
43 101
43 105
43 107
43 110
43 113
43 114
43 116
43 118
43 120
43 124
43 125
44 49
44 50
44 53
44 58
44 61
44 64
44 65
44 69
44 70
44 72
44 78
44 81
44 85
44 86
44 92
44 94
44 98
44 101
44 102
44 104
44 105
44 106
44 109
44 112
44 113
44 114
44 116
44 119
44 120
44 121
44 122
44 125
44 127
45 46
45 47
45 54
45 58
45 59
45 62
45 63
45 64
45 65
45 70
45 71
45 73
45 78
45 79
45 80
45 81
45 85
45 86
45 88
45 89
45 90
45 91
45 92
45 95
45 96
45 98
45 99
45 102
45 103
45 105
45 108
45 111
45 112
45 115
45 118
45 123
45 126
46 47
46 50
46 52
46 55
46 57
46 58
46 59
46 60
46 63
46 68
46 71
46 75
46 78
46 82
46 85
46 86
46 88
46 89
46 90
46 91
46 92
46 93
46 95
46 96
46 98
46 102
46 104
46 108
46 109
46 110
46 116
46 117
46 119
46 124
46 125
46 126
47 48
47 50
47 53
47 56
47 59
47 62
47 63
47 65
47 66
47 71
47 73
47 74
47 76
47 77
47 78
47 79
47 84
47 85
47 87
47 88
47 89
47 90
47 91
47 94
47 97
47 101
47 105
47 106
47 107
47 108
47 110
47 112
47 113
47 117
47 118
47 119
47 120
47 122
47 124
47 125
47 128
48 52
48 53
48 54
48 60
48 61
48 64
48 66
48 67
48 68
48 69
48 70
48 71
48 73
48 75
48 78
48 79
48 83
48 84
48 100
48 101
48 102
48 105
48 108
48 109
48 111
48 112
48 118
48 119
48 120
48 122
48 124
49 52
49 53
49 54
49 63
49 67
49 68
49 69
49 70
49 71
49 72
49 75
49 77
49 81
49 82
49 88
49 92
49 94
49 97
49 98
49 101
49 103
49 105
49 107
49 108
49 110
49 111
49 113
49 115
49 117
49 118
49 119
49 121
49 126
49 127
50 53
50 57
50 59
50 61
50 67
50 71
50 72
50 73
50 74
50 77
50 80
50 82
50 90
50 93
50 95
50 96
50 106
50 107
50 109
50 111
50 112
50 113
50 115
50 117
50 122
50 123
50 127
51 52
51 53
51 57
51 61
51 62
51 64
51 71
51 72
51 73
51 76
51 79
51 80
51 82
51 88
51 90
51 93
51 95
51 97
51 100
51 101
51 106
51 108
51 112
51 116
51 118
51 120
52 57
52 62
52 65
52 67
52 72
52 73
52 75
52 76
52 80
52 81
52 83
52 86
52 88
52 89
52 90
52 91
52 93
52 94
52 95
52 101
52 106
52 108
52 109
52 110
52 115
52 117
52 121
52 123
52 124
52 126
52 127
53 57
53 60
53 62
53 64
53 67
53 69
53 71
53 77
53 80
53 83
53 84
53 85
53 86
53 93
53 95
53 98
53 100
53 101
53 102
53 105
53 108
53 112
53 114
53 117
53 118
53 124
53 126
53 128
54 56
54 57
54 58
54 61
54 62
54 65
54 66
54 67
54 70
54 71
54 73
54 75
54 76
54 79
54 83
54 89
54 90
54 92
54 100
54 105
54 106
54 108
54 110
54 113
54 115
54 116
54 117
54 121
54 122
54 127
54 128
55 56
55 57
55 58
55 60
55 62
55 63
55 64
55 67
55 71
55 74
55 75
55 77
55 79
55 81
55 82
55 85
55 86
55 87
55 93
55 95
55 97
55 98
55 99
55 101
55 104
55 105
55 106
55 107
55 109
55 112
55 113
55 114
55 115
55 117
55 118
55 120
55 124
55 128
56 58
56 59
56 61
56 68
56 72
56 75
56 78
56 82
56 84
56 85
56 86
56 87
56 94
56 96
56 98
56 102
56 104
56 111
56 114
56 118
56 123
56 125
56 126
56 127
56 128
57 58
57 69
57 70
57 71
57 72
57 76
57 77
57 78
57 91
57 92
57 95
57 96
57 100
57 101
57 103
57 104
57 105
57 106
57 110
57 111
57 112
57 114
57 117
57 121
57 122
57 124
57 125
57 126
58 60
58 61
58 63
58 70
58 71
58 75
58 76
58 77
58 85
58 87
58 88
58 89
58 91
58 92
58 93
58 100
58 101
58 102
58 108
58 109
58 112
58 113
58 117
58 118
58 119
58 120
58 125
58 127
58 128
59 61
59 63
59 67
59 69
59 70
59 71
59 75
59 77
59 79
59 80
59 83
59 84
59 89
59 90
59 94
59 96
59 98
59 99
59 101
59 106
59 109
59 114
59 117
59 119
59 121
59 124
59 125
59 126
59 127
59 128
60 63
60 64
60 66
60 67
60 71
60 75
60 77
60 78
60 79
60 80
60 82
60 85
60 88
60 90
60 93
60 94
60 95
60 98
60 101
60 102
60 103
60 105
60 106
60 107
60 108
60 110
60 111
60 112
60 123
60 126
60 128
61 63
61 67
61 68
61 72
61 75
61 80
61 83
61 91
61 93
61 98
61 99
61 100
61 103
61 104
61 110
61 115
61 116
61 117
61 118
61 120
61 121
61 122
61 127
62 70
62 71
62 73
62 77
62 80
62 83
62 87
62 90
62 92
62 95
62 101
62 104
62 110
62 112
62 113
62 114
62 115
62 117
62 119
62 122
62 124
62 125
63 65
63 66
63 71
63 73
63 75
63 77
63 83
63 85
63 87
63 91
63 95
63 97
63 98
63 99
63 100
63 101
63 108
63 116
63 118
63 120
63 121
63 123
63 125
63 128
64 65
64 66
64 67
64 69
64 71
64 72
64 73
64 75
64 81
64 82
64 84
64 85
64 86
64 89
64 93
64 94
64 95
64 97
64 98
64 99
64 101
64 104
64 106
64 107
64 109
64 111
64 115
64 116
64 117
64 121
64 122
64 123
64 124
64 125
64 127
64 128
65 67
65 70
65 72
65 73
65 79
65 82
65 83
65 84
65 88
65 89
65 91
65 93
65 97
65 98
65 104
65 106
65 107
65 109
65 112
65 113
65 116
65 121
65 124
65 126
65 128
66 67
66 75
66 78
66 80
66 82
66 83
66 85
66 88
66 90
66 91
66 92
66 95
66 96
66 98
66 103
66 105
66 106
66 110
66 111
66 114
66 115
66 116
66 124
66 125
66 126
66 127
67 68
67 69
67 70
67 71
67 74
67 81
67 84
67 85
67 94
67 96
67 98
67 101
67 104
67 105
67 106
67 108
67 111
67 112
67 114
67 118
67 119
67 125
67 127
67 128
68 69
68 70
68 75
68 76
68 78
68 80
68 84
68 85
68 90
68 91
68 92
68 94
68 99
68 103
68 104
68 107
68 109
68 110
68 112
68 113
68 114
68 117
68 119
68 120
68 122
68 123
68 125
68 127
68 128
69 71
69 75
69 76
69 81
69 84
69 86
69 103
69 107
69 108
69 111
69 116
69 117
69 122
69 124
69 125
70 71
70 74
70 76
70 77
70 80
70 82
70 83
70 86
70 88
70 89
70 91
70 98
70 100
70 103
70 104
70 107
70 109
70 110
70 111
70 114
70 115
70 121
70 122
70 128
71 77
71 78
71 82
71 83
71 86
71 91
71 92
71 95
71 98
71 99
71 100
71 103
71 105
71 106
71 107
71 108
71 113
71 115
71 116
71 119
71 120
71 121
71 123
71 124
71 128
72 76
72 79
72 81
72 83
72 92
72 93
72 94
72 97
72 98
72 103
72 104
72 106
72 107
72 108
72 109
72 111
72 114
72 120
72 121
72 126
72 127
73 77
73 78
73 81
73 83
73 85
73 89
73 91
73 94
73 99
73 101
73 104
73 105
73 106
73 112
73 113
73 115
73 116
73 122
73 123
73 125
73 126
73 127
73 128
74 78
74 81
74 82
74 83
74 86
74 88
74 89
74 91
74 97
74 98
74 101
74 109
74 110
74 111
74 112
74 113
74 114
74 116
74 118
74 122
74 126
74 128
75 78
75 84
75 90
75 91
75 95
75 96
75 99
75 100
75 101
75 102
75 103
75 106
75 107
75 113
75 114
75 118
75 120
75 121
75 126
75 127
75 128
76 78
76 79
76 82
76 84
76 87
76 90
76 91
76 92
76 93
76 96
76 99
76 100
76 102
76 103
76 104
76 107
76 110
76 113
76 117
76 120
76 121
76 123
76 125
76 128
77 78
77 80
77 81
77 85
77 86
77 87
77 88
77 90
77 91
77 92
77 95
77 98
77 99
77 100
77 105
77 106
77 107
77 108
77 109
77 112
77 115
77 118
77 119
77 120
77 121
77 122
77 124
77 125
77 127
77 128
78 80
78 82
78 86
78 87
78 88
78 89
78 96
78 97
78 98
78 99
78 103
78 107
78 110
78 111
78 114
78 117
78 119
78 120
78 122
79 80
79 82
79 87
79 89
79 90
79 93
79 95
79 96
79 100
79 101
79 102
79 103
79 106
79 107
79 112
79 115
79 116
79 118
79 122
79 126
80 83
80 86
80 88
80 91
80 92
80 93
80 94
80 99
80 103
80 104
80 106
80 108
80 111
80 112
80 113
80 117
80 118
80 122
80 128
81 82
81 85
81 88
81 91
81 92
81 94
81 95
81 96
81 99
81 102
81 105
81 107
81 108
81 109
81 110
81 111
81 115
81 116
81 121
81 122
81 123
81 124
81 126
82 89
82 90
82 93
82 96
82 98
82 100
82 101
82 102
82 105
82 112
82 114
82 115
82 117
82 119
82 124
82 125
83 86
83 88
83 94
83 97
83 103
83 106
83 107
83 108
83 111
83 113
83 114
83 115
83 117
83 119
83 122
83 123
83 124
83 125
84 88
84 89
84 91
84 93
84 94
84 97
84 101
84 106
84 107
84 111
84 112
84 113
84 115
84 120
84 121
84 123
84 126
84 127
85 87
85 90
85 91
85 92
85 95
85 96
85 99
85 101
85 102
85 107
85 108
85 109
85 114
85 118
85 121
85 125
86 90
86 91
86 95
86 96
86 100
86 102
86 104
86 105
86 106
86 108
86 111
86 114
86 116
86 119
86 123
86 124
86 125
86 126
86 127
86 128
87 88
87 91
87 92
87 93
87 94
87 95
87 96
87 99
87 103
87 104
87 105
87 107
87 108
87 111
87 113
87 114
87 117
87 118
87 127
87 128
88 92
88 94
88 95
88 96
88 100
88 105
88 107
88 111
88 114
88 115
88 123
88 124
88 125
88 127
88 128
89 90
89 95
89 97
89 99
89 100
89 101
89 102
89 104
89 105
89 109
89 110
89 113
89 116
89 118
89 119
89 122
89 123
89 125
89 127
89 128
90 93
90 94
90 100
90 101
90 102
90 107
90 108
90 109
90 110
90 111
90 112
90 113
90 114
90 115
90 116
90 118
90 119
90 120
90 121
90 122
90 125
90 128
91 94
91 95
91 96
91 98
91 99
91 101
91 102
91 103
91 104
91 108
91 109
91 110
91 111
91 112
91 113
91 115
91 118
91 120
91 122
91 125
91 128
92 94
92 96
92 97
92 99
92 101
92 103
92 109
92 110
92 112
92 117
92 122
92 123
92 124
92 128
93 94
93 95
93 96
93 98
93 99
93 100
93 104
93 107
93 109
93 110
93 121
93 122
93 127
93 128
94 96
94 98
94 101
94 103
94 104
94 111
94 114
94 115
94 117
94 118
94 119
94 123
94 124
94 125
94 127
94 128
95 101
95 103
95 104
95 112
95 120
95 121
95 126
95 127
95 128
96 97
96 101
96 104
96 108
96 111
96 112
96 116
96 117
96 119
96 121
96 122
96 124
96 125
96 126
97 98
97 99
97 100
97 103
97 104
97 109
97 110
97 111
97 117
97 118
97 123
97 125
98 100
98 101
98 103
98 104
98 105
98 108
98 111
98 112
98 113
98 123
98 124
98 126
98 127
99 105
99 106
99 109
99 110
99 111
99 112
99 115
99 116
99 121
99 125
99 128
100 103
100 104
100 108
100 113
100 116
100 119
100 122
101 107
101 108
101 111
101 112
101 113
101 120
101 124
101 126
102 105
102 106
102 107
102 112
102 113
102 115
102 119
102 120
102 121
102 122
102 125
102 126
102 128
103 104
103 105
103 108
103 109
103 114
103 115
103 118
103 119
103 121
103 122
103 128
104 108
104 111
104 115
104 116
104 117
104 122
104 123
105 106
105 108
105 115
105 119
105 125
105 127
106 107
106 113
106 114
106 115
106 116
106 117
106 118
106 119
106 122
106 123
106 124
106 125
106 127
107 111
107 112
107 114
107 115
107 117
107 121
107 123
107 127
107 128
108 110
108 112
108 114
108 115
108 119
108 121
108 123
108 126
108 127
108 128
109 110
109 114
109 115
109 116
109 120
109 124
109 128
110 111
110 114
110 115
110 121
110 123
110 125
110 127
111 117
111 118
111 126
111 128
112 119
112 120
112 122
112 124
112 125
112 127
113 114
113 115
113 118
113 120
113 121
113 127
114 115
114 118
114 120
114 121
114 123
115 116
115 118
115 120
115 123
115 126
115 127
116 118
116 123
116 124
116 125
116 127
116 128
117 118
117 121
117 122
117 124
117 125
117 126
117 127
118 119
118 122
118 123
119 122
119 124
119 128
121 124
121 127
122 125
122 127
124 125
125 127
125 128
