128 3616
1 2
1 5
1 6
1 7
1 8
1 12
1 15
1 18
1 21
1 23
1 24
1 25
1 44
1 49
1 51
1 52
1 54
1 55
1 57
1 59
1 60
1 61
1 62
1 65
1 66
1 67
1 68
1 69
1 72
1 74
1 77
1 78
1 80
1 84
1 85
1 86
1 92
1 93
1 94
1 98
1 101
1 102
1 104
1 105
1 108
1 111
1 112
1 114
1 116
1 118
1 119
1 123
1 124
1 125
1 126
2 10
2 13
2 15
2 19
2 20
2 21
2 22
2 23
2 24
2 25
2 27
2 31
2 32
2 33
2 35
2 38
2 41
2 44
2 45
2 46
2 48
2 54
2 55
2 60
2 64
2 66
2 68
2 72
2 73
2 74
2 75
2 79
2 80
2 83
2 84
2 85
2 86
2 92
2 94
2 95
2 96
2 97
2 101
2 102
2 107
2 108
2 112
2 119
2 126
3 6
3 7
3 10
3 16
3 19
3 21
3 22
3 24
3 25
3 30
3 31
3 36
3 37
3 38
3 39
3 42
3 43
3 48
3 51
3 52
3 53
3 54
3 60
3 61
3 64
3 65
3 68
3 70
3 73
3 74
3 77
3 78
3 82
3 83
3 86
3 87
3 89
3 90
3 92
3 93
3 95
3 96
3 97
3 99
3 104
3 106
3 107
3 112
3 113
3 114
3 115
3 120
3 121
3 122
3 126
3 128
4 5
4 6
4 8
4 12
4 13
4 16
4 22
4 25
4 30
4 35
4 36
4 42
4 43
4 44
4 45
4 47
4 49
4 52
4 54
4 56
4 57
4 58
4 59
4 62
4 67
4 68
4 69
4 70
4 72
4 75
4 78
4 79
4 80
4 85
4 89
4 93
4 94
4 95
4 97
4 98
4 99
4 100
4 102
4 104
4 115
4 117
4 119
4 122
4 123
4 125
4 126
5 6
5 10
5 12
5 13
5 14
5 19
5 22
5 24
5 25
5 26
5 27
5 29
5 30
5 31
5 32
5 33
5 34
5 38
5 39
5 44
5 45
5 46
5 47
5 48
5 49
5 51
5 52
5 53
5 54
5 57
5 59
5 61
5 65
5 67
5 73
5 75
5 76
5 77
5 83
5 84
5 85
5 88
5 89
5 91
5 96
5 97
5 98
5 99
5 104
5 107
5 108
5 109
5 115
5 117
5 118
5 119
5 124
5 128
6 7
6 12
6 15
6 16
6 19
6 20
6 22
6 23
6 29
6 31
6 32
6 36
6 39
6 42
6 47
6 50
6 53
6 54
6 55
6 59
6 60
6 61
6 67
6 69
6 71
6 72
6 73
6 74
6 75
6 77
6 80
6 82
6 83
6 85
6 88
6 89
6 93
6 94
6 95
6 97
6 98
6 99
6 106
6 112
6 113
6 122
6 128
7 9
7 17
7 20
7 21
7 23
7 24
7 25
7 26
7 27
7 31
7 32
7 33
7 34
7 37
7 38
7 43
7 44
7 46
7 47
7 50
7 52
7 55
7 58
7 64
7 66
7 70
7 72
7 73
7 74
7 78
7 80
7 82
7 86
7 87
7 89
7 90
7 92
7 93
7 94
7 96
7 98
7 100
7 103
7 104
7 109
7 111
7 113
7 114
7 115
7 119
7 121
7 128
8 9
8 10
8 15
8 16
8 19
8 22
8 24
8 26
8 28
8 30
8 31
8 34
8 35
8 36
8 40
8 47
8 52
8 54
8 56
8 59
8 61
8 62
8 63
8 65
8 67
8 71
8 73
8 74
8 75
8 78
8 79
8 81
8 83
8 89
8 94
8 95
8 101
8 104
8 105
8 108
8 116
8 117
8 119
8 127
8 128
9 10
9 12
9 15
9 17
9 18
9 21
9 26
9 27
9 28
9 30
9 31
9 33
9 34
9 45
9 46
9 48
9 50
9 51
9 52
9 54
9 63
9 64
9 65
9 66
9 67
9 68
9 70
9 71
9 72
9 73
9 74
9 75
9 76
9 77
9 88
9 89
9 90
9 95
9 97
9 100
9 103
9 107
9 108
9 111
9 113
9 115
9 117
9 118
9 120
9 123
10 20
10 22
10 24
10 29
10 32
10 33
10 34
10 35
10 39
10 40
10 43
10 47
10 51
10 55
10 56
10 57
10 58
10 59
10 61
10 67
10 70
10 72
10 74
10 75
10 76
10 77
10 79
10 81
10 84
10 87
10 88
10 91
10 93
10 96
10 101
10 104
10 106
10 109
10 112
10 113
10 118
10 119
10 120
10 121
10 126
11 12
11 14
11 16
11 17
11 18
11 19
11 22
11 23
11 24
11 26
11 27
11 29
11 32
11 35
11 36
11 37
11 38
11 41
11 47
11 50
11 52
11 56
11 61
11 68
11 72
11 74
11 79
11 80
11 81
11 84
11 86
11 90
11 91
11 92
11 97
11 99
11 101
11 102
11 105
11 108
11 109
11 111
11 113
11 115
11 120
11 122
11 127
11 128
12 14
12 17
12 19
12 21
12 23
12 24
12 25
12 26
12 27
12 29
12 30
12 33
12 34
12 36
12 37
12 38
12 41
12 42
12 44
12 45
12 46
12 48
12 51
12 54
12 55
12 56
12 58
12 60
12 62
12 63
12 65
12 66
12 72
12 75
12 78
12 79
12 83
12 85
12 87
12 91
12 92
12 94
12 97
12 102
12 103
12 108
12 111
12 113
12 116
12 118
12 119
12 121
12 122
12 123
12 128
13 17
13 18
13 19
13 20
13 21
13 22
13 24
13 35
13 36
13 42
13 44
13 47
13 50
13 51
13 52
13 53
13 54
13 58
13 59
13 60
13 61
13 65
13 70
13 71
13 74
13 76
13 78
13 81
13 84
13 85
13 89
13 91
13 94
13 95
13 99
13 100
13 102
13 103
13 104
13 108
13 109
13 110
13 115
13 116
13 118
13 121
13 123
13 128
14 16
14 21
14 24
14 28
14 33
14 34
14 36
14 39
14 40
14 42
14 46
14 47
14 50
14 52
14 55
14 56
14 58
14 62
14 65
14 66
14 69
14 70
14 71
14 72
14 74
14 84
14 85
14 87
14 89
14 92
14 95
14 96
14 97
14 98
14 102
14 103
14 104
14 105
14 106
14 108
14 109
14 111
14 115
14 116
14 117
14 119
14 120
14 122
14 125
14 126
14 127
15 17
15 19
15 21
15 22
15 24
15 27
15 32
15 33
15 34
15 35
15 37
15 38
15 39
15 41
15 42
15 47
15 48
15 53
15 54
15 56
15 58
15 59
15 60
15 62
15 63
15 64
15 65
15 67
15 68
15 69
15 70
15 75
15 79
15 81
15 82
15 86
15 92
15 93
15 94
15 96
15 98
15 101
15 102
15 104
15 105
15 107
15 109
15 111
15 113
15 114
15 117
15 118
15 119
15 121
15 126
15 128
16 19
16 25
16 27
16 29
16 30
16 32
16 35
16 36
16 37
16 42
16 48
16 49
16 52
16 53
16 59
16 60
16 61
16 65
16 69
16 70
16 71
16 81
16 83
16 84
16 85
16 88
16 90
16 91
16 92
16 96
16 97
16 99
16 102
16 104
16 105
16 107
16 109
16 116
16 118
16 120
16 121
16 125
16 126
17 19
17 29
17 30
17 31
17 33
17 36
17 37
17 38
17 40
17 42
17 44
17 48
17 50
17 52
17 53
17 54
17 55
17 57
17 58
17 61
17 63
17 69
17 72
17 84
17 85
17 87
17 88
17 89
17 90
17 93
17 94
17 95
17 97
17 99
17 101
17 102
17 103
17 104
17 106
17 110
17 112
17 114
17 117
17 118
17 120
17 122
17 123
17 125
17 128
18 21
18 24
18 30
18 32
18 33
18 37
18 40
18 43
18 45
18 46
18 48
18 49
18 51
18 54
18 55
18 56
18 59
18 62
18 63
18 67
18 70
18 77
18 78
18 86
18 90
18 93
18 98
18 103
18 105
18 108
18 110
18 112
18 113
18 114
18 117
18 120
18 124
18 127
19 26
19 28
19 29
19 31
19 33
19 34
19 36
19 39
19 40
19 41
19 42
19 43
19 45
19 47
19 53
19 55
19 56
19 58
19 59
19 60
19 63
19 65
19 66
19 72
19 73
19 74
19 75
19 78
19 79
19 84
19 85
19 86
19 87
19 89
19 90
19 91
19 92
19 93
19 94
19 100
19 101
19 102
19 103
19 104
19 107
19 108
19 111
19 113
19 114
19 115
19 116
19 122
19 125
20 21
20 22
20 24
20 25
20 29
20 30
20 32
20 33
20 36
20 38
20 41
20 43
20 44
20 45
20 47
20 48
20 49
20 50
20 52
20 53
20 60
20 63
20 64
20 68
20 69
20 71
20 72
20 73
20 78
20 79
20 81
20 82
20 83
20 85
20 86
20 88
20 94
20 95
20 99
20 100
20 101
20 103
20 107
20 111
20 113
20 114
20 117
20 124
20 125
20 126
20 127
20 128
21 22
21 25
21 26
21 29
21 30
21 31
21 32
21 33
21 34
21 35
21 40
21 41
21 42
21 43
21 45
21 46
21 47
21 48
21 49
21 50
21 53
21 54
21 57
21 58
21 59
21 63
21 66
21 67
21 68
21 69
21 72
21 73
21 74
21 75
21 83
21 85
21 88
21 89
21 90
21 91
21 93
21 94
21 95
21 96
21 97
21 101
21 102
21 103
21 104
21 106
21 107
21 109
21 110
21 112
21 113
21 115
21 116
21 117
21 119
21 123
21 124
21 125
21 126
21 128
22 23
22 24
22 25
22 29
22 30
22 33
22 34
22 38
22 39
22 41
22 42
22 43
22 44
22 53
22 54
22 59
22 60
22 61
22 62
22 65
22 66
22 67
22 69
22 71
22 72
22 75
22 76
22 86
22 87
22 88
22 89
22 96
22 98
22 102
22 104
22 108
22 109
22 110
22 114
22 117
22 119
22 124
22 125
22 127
23 27
23 29
23 30
23 33
23 38
23 46
23 47
23 48
23 49
23 50
23 52
23 54
23 56
23 58
23 62
23 64
23 66
23 67
23 68
23 69
23 70
23 71
23 72
23 74
23 75
23 81
23 82
23 84
23 85
23 100
23 103
23 105
23 109
23 110
23 111
23 112
23 113
23 116
23 117
23 119
23 121
24 28
24 30
24 31
24 32
24 33
24 34
24 36
24 37
24 41
24 43
24 49
24 52
24 53
24 58
24 60
24 61
24 65
24 66
24 68
24 77
24 78
24 84
24 85
24 86
24 87
24 89
24 90
24 94
24 101
24 102
24 105
24 110
24 111
24 114
24 117
24 118
24 121
24 125
24 126
25 27
25 29
25 30
25 32
25 34
25 38
25 40
25 44
25 45
25 48
25 51
25 56
25 59
25 62
25 63
25 64
25 66
25 67
25 70
25 71
25 77
25 79
25 82
25 83
25 86
25 87
25 88
25 90
25 91
25 93
25 94
25 97
25 99
25 100
25 101
25 103
25 104
25 105
25 107
25 110
25 112
25 113
25 118
25 120
25 121
25 122
25 123
25 126
26 27
26 28
26 30
26 31
26 33
26 34
26 36
26 37
26 39
26 40
26 41
26 43
26 45
26 46
26 47
26 49
26 51
26 57
26 58
26 62
26 64
26 65
26 69
26 71
26 78
26 79
26 80
26 83
26 88
26 94
26 97
26 103
26 105
26 107
26 108
26 112
26 114
26 117
26 120
26 121
26 126
26 128
27 29
27 30
27 32
27 33
27 35
27 38
27 41
27 43
27 44
27 45
27 46
27 47
27 48
27 49
27 51
27 52
27 55
27 59
27 61
27 62
27 64
27 69
27 71
27 72
27 73
27 74
27 75
27 84
27 86
27 88
27 89
27 90
27 91
27 96
27 97
27 98
27 99
27 103
27 107
27 112
27 114
27 115
27 116
27 117
27 122
27 126
27 127
28 31
28 33
28 34
28 35
28 36
28 38
28 46
28 47
28 48
28 50
28 55
28 56
28 58
28 60
28 61
28 62
28 63
28 68
28 71
28 78
28 79
28 82
28 84
28 85
28 87
28 99
28 100
28 101
28 102
28 104
28 105
28 106
28 109
28 110
28 114
28 120
28 126
29 32
29 33
29 34
29 36
29 40
29 41
29 50
29 51
29 52
29 53
29 54
29 56
29 57
29 58
29 59
29 61
29 63
29 64
29 68
29 69
29 70
29 71
29 73
29 78
29 82
29 87
29 88
29 91
29 95
29 98
29 102
29 103
29 104
29 106
29 107
29 108
29 109
29 110
29 111
29 112
29 122
29 124
29 126
29 127
30 31
30 32
30 33
30 34
30 35
30 36
30 37
30 38
30 40
30 41
30 42
30 43
30 45
30 48
30 52
30 56
30 65
30 66
30 69
30 76
30 77
30 78
30 79
30 80
30 82
30 85
30 86
30 93
30 94
30 96
30 97
30 98
30 99
30 102
30 104
30 110
30 113
30 114
30 117
30 118
30 120
30 123
30 124
30 126
31 33
31 36
31 37
31 38
31 40
31 41
31 42
31 44
31 45
31 46
31 49
31 50
31 53
31 55
31 56
31 61
31 64
31 66
31 68
31 72
31 73
31 74
31 76
31 77
31 78
31 79
31 80
31 81
31 87
31 89
31 91
31 92
31 93
31 95
31 97
31 101
31 103
31 104
31 105
31 106
31 107
31 110
31 115
31 116
31 118
31 123
31 126
31 127
32 34
32 36
32 38
32 44
32 51
32 53
32 57
32 59
32 61
32 62
32 64
32 67
32 68
32 73
32 76
32 79
32 87
32 88
32 92
32 93
32 96
32 98
32 99
32 100
32 104
32 108
32 110
32 112
32 114
32 118
32 120
32 121
32 128
33 39
33 41
33 42
33 43
33 45
33 46
33 49
33 50
33 51
33 52
33 53
33 54
33 55
33 58
33 60
33 62
33 63
33 64
33 65
33 67
33 70
33 76
33 79
33 81
33 87
33 91
33 92
33 95
33 96
33 100
33 101
33 106
33 108
33 110
33 111
33 112
33 114
33 116
33 120
33 122
33 123
33 124
34 36
34 38
34 40
34 41
34 47
34 49
34 51
34 53
34 58
34 59
34 61
34 67
34 70
34 72
34 76
34 79
34 82
34 87
34 94
34 95
34 97
34 98
34 100
34 102
34 104
34 105
34 106
34 107
34 108
34 110
34 111
34 112
34 113
34 116
34 117
34 119
34 120
34 121
35 37
35 41
35 43
35 44
35 45
35 46
35 47
35 48
35 49
35 51
35 55
35 56
35 57
35 58
35 63
35 64
35 67
35 70
35 71
35 72
35 76
35 78
35 84
35 88
35 91
35 94
35 95
35 99
35 101
35 108
35 109
35 110
35 111
35 112
35 114
35 115
35 119
35 120
35 121
35 123
35 124
35 125
35 126
36 39
36 40
36 43
36 45
36 46
36 49
36 50
36 51
36 53
36 54
36 56
36 57
36 60
36 62
36 63
36 64
36 65
36 71
36 74
36 75
36 76
36 78
36 79
36 80
36 82
36 83
36 86
36 94
36 97
36 98
36 99
36 100
36 101
36 102
36 104
36 106
36 107
36 110
36 111
36 115
36 121
36 125
37 38
37 39
37 43
37 44
37 50
37 51
37 53
37 54
37 58
37 59
37 61
37 62
37 64
37 71
37 72
37 75
37 78
37 82
37 84
37 86
37 88
37 90
37 91
37 92
37 93
37 94
37 96
37 97
37 100
37 101
37 103
37 104
37 108
37 109
37 110
37 111
37 112
37 114
37 115
37 116
37 118
37 119
37 121
37 122
37 123
37 124
37 125
38 41
38 42
38 46
38 52
38 58
38 59
38 61
38 62
38 63
38 64
38 65
38 66
38 69
38 71
38 73
38 74
38 76
38 80
38 82
38 83
38 86
38 89
38 90
38 93
38 94
38 96
38 99
38 100
38 101
38 102
38 107
38 108
38 110
38 112
38 113
38 114
38 115
38 117
38 120
38 121
38 122
38 123
38 126
39 43
39 44
39 46
39 47
39 50
39 51
39 52
39 56
39 57
39 58
39 59
39 60
39 63
39 64
39 66
39 67
39 71
39 72
39 73
39 74
39 77
39 81
39 82
39 83
39 86
39 91
39 93
39 94
39 97
39 104
39 109
39 110
39 111
39 112
39 113
39 116
39 118
39 119
39 120
39 122
39 124
39 125
39 127
40 41
40 42
40 43
40 45
40 48
40 50
40 53
40 55
40 57
40 58
40 60
40 63
40 66
40 68
40 69
40 70
40 72
40 74
40 76
40 78
40 82
40 84
40 87
40 92
40 95
40 98
40 101
40 102
40 103
40 104
40 108
40 109
40 113
40 115
40 119
40 123
40 127
40 128
41 44
41 49
41 50
41 54
41 55
41 56
41 57
41 60
41 62
41 63
41 65
41 67
41 70
41 71
41 73
41 77
41 79
41 81
41 82
41 83
41 84
41 87
41 88
41 90
41 91
41 95
41 96
41 102
41 105
41 106
41 107
41 109
41 110
41 111
41 114
41 119
41 123
41 125
41 127
41 128
42 43
42 46
42 49
42 50
42 51
42 52
42 53
42 54
42 58
42 59
42 60
42 62
42 67
42 69
42 72
42 73
42 74
42 75
42 79
42 82
42 86
42 89
42 90
42 91
42 92
42 95
42 96
42 98
42 99
42 100
42 102
42 106
42 110
42 115
42 117
42 120
42 121
42 123
42 125
42 126
42 128
43 51
43 54
43 55
43 56
43 57
43 60
43 61
43 62
43 64
43 67
43 68
43 69
43 71
43 72
43 74
43 79
43 82
43 83
43 84
43 87
43 90
43 94
43 97
43 98
43 99
43 100
43 102
43 105
43 106
43 107
43 110
43 111
43 112
43 113
43 114
43 117
43 118
44 46
44 47
44 50
44 51
44 53
44 55
44 59
44 62
44 66
44 67
44 68
44 71
44 72
44 75
44 79
44 81
44 84
44 85
44 88
44 92
44 96
44 98
44 102
44 104
44 105
44 106
44 109
44 110
44 111
44 112
44 118
44 124
44 125
44 126
45 46
45 47
45 49
45 50
45 51
45 54
45 55
45 58
45 60
45 61
45 62
45 63
45 67
45 69
45 70
45 72
45 73
45 74
45 76
45 77
45 81
45 83
45 85
45 88
45 89
45 90
45 91
45 92
45 95
45 96
45 97
45 100
45 101
45 105
45 106
45 107
45 109
45 111
45 116
45 118
45 124
45 125
46 48
46 49
46 52
46 53
46 54
46 57
46 60
46 62
46 64
46 67
46 68
46 70
46 78
46 79
46 80
46 81
46 82
46 84
46 85
46 86
46 89
46 92
46 93
46 94
46 95
46 101
46 106
46 107
46 110
46 111
46 112
46 113
46 115
46 117
46 120
46 121
46 123
46 125
47 50
47 51
47 54
47 55
47 57
47 59
47 60
47 63
47 64
47 66
47 67
47 71
47 72
47 73
47 74
47 75
47 82
47 83
47 86
47 88
47 89
47 91
47 92
47 93
47 97
47 100
47 101
47 103
47 108
47 109
47 110
47 111
47 112
47 113
47 114
47 119
47 120
47 122
47 128
48 49
48 50
48 51
48 52
48 53
48 54
48 55
48 59
48 67
48 69
48 71
48 73
48 74
48 76
48 81
48 82
48 86
48 90
48 91
48 92
48 97
48 99
48 100
48 101
48 102
48 105
48 106
48 107
48 108
48 109
48 110
48 111
48 115
48 119
48 122
48 123
48 124
48 125
48 126
48 127
49 52
49 53
49 54
49 55
49 56
49 57
49 58
49 59
49 60
49 61
49 65
49 67
49 68
49 73
49 74
49 76
49 78
49 79
49 86
49 87
49 91
49 97
49 98
49 99
49 100
49 102
49 107
49 108
49 111
49 112
49 113
49 119
49 121
49 123
49 124
49 125
49 126
50 52
50 54
50 59
50 60
50 62
50 63
50 65
50 66
50 68
50 69
50 71
50 74
50 76
50 80
50 81
50 82
50 83
50 84
50 87
50 88
50 89
50 92
50 94
50 96
50 98
50 104
50 109
50 113
50 115
50 119
50 121
50 122
50 124
50 125
51 54
51 56
51 59
51 60
51 61
51 64
51 66
51 69
51 70
51 71
51 73
51 79
51 81
51 83
51 84
51 85
51 87
51 89
51 90
51 95
51 97
51 99
51 100
51 101
51 104
51 115
51 120
51 123
51 125
51 126
51 127
51 128
52 58
52 59
52 60
52 62
52 63
52 65
52 73
52 74
52 76
52 77
52 80
52 83
52 84
52 86
52 89
52 92
52 95
52 96
52 98
52 99
52 104
52 106
52 111
52 112
52 114
52 115
52 116
52 121
52 122
52 123
52 125
52 126
52 128
53 54
53 55
53 59
53 61
53 62
53 64
53 66
53 69
53 71
53 72
53 76
53 81
53 82
53 83
53 85
53 86
53 88
53 93
53 95
53 97
53 99
53 100
53 106
53 108
53 110
53 111
53 112
53 116
53 119
53 123
53 127
53 128
54 55
54 57
54 59
54 60
54 63
54 66
54 69
54 70
54 72
54 73
54 74
54 76
54 81
54 82
54 85
54 87
54 96
54 99
54 100
54 101
54 103
54 105
54 108
54 109
54 110
54 113
54 115
54 119
54 120
54 123
54 125
54 126
55 58
55 59
55 61
55 62
55 63
55 64
55 66
55 68
55 72
55 75
55 77
55 79
55 81
55 84
55 88
55 90
55 91
55 95
55 96
55 97
55 99
55 100
55 102
55 105
55 107
55 108
55 109
55 111
55 112
55 114
55 122
55 125
55 126
55 128
56 57
56 58
56 59
56 62
56 66
56 67
56 68
56 69
56 71
56 74
56 75
56 81
56 82
56 89
56 90
56 94
56 95
56 96
56 98
56 104
56 105
56 109
56 110
56 111
56 113
56 115
56 116
56 117
56 118
56 119
56 124
56 126
56 127
57 58
57 59
57 60
57 62
57 64
57 65
57 67
57 70
57 72
57 73
57 75
57 80
57 82
57 83
57 84
57 85
57 89
57 90
57 92
57 94
57 96
57 97
57 98
57 100
57 102
57 103
57 104
57 105
57 109
57 113
57 117
57 120
57 124
57 126
57 128
58 59
58 62
58 68
58 70
58 72
58 73
58 74
58 76
58 78
58 79
58 83
58 84
58 85
58 89
58 94
58 96
58 97
58 98
58 100
58 101
58 111
58 113
58 116
58 117
58 118
58 120
58 121
58 122
58 124
58 125
58 128
59 63
59 67
59 68
59 69
59 72
59 77
59 78
59 79
59 81
59 82
59 83
59 86
59 89
59 93
59 99
59 101
59 103
59 107
59 110
59 111
59 114
59 115
59 117
59 119
59 121
59 123
59 124
59 128
60 66
60 68
60 69
60 74
60 75
60 76
60 79
60 85
60 90
60 92
60 93
60 95
60 100
60 101
60 102
60 103
60 110
60 112
60 113
60 115
60 119
60 121
60 123
60 124
60 125
61 62
61 63
61 65
61 67
61 68
61 71
61 74
61 76
61 78
61 79
61 83
61 86
61 91
61 93
61 96
61 99
61 100
61 101
61 103
61 104
61 107
61 110
61 111
61 112
61 117
61 119
61 120
61 121
61 122
61 123
61 124
61 125
61 126
61 127
61 128
62 68
62 69
62 74
62 75
62 76
62 77
62 78
62 81
62 87
62 89
62 90
62 93
62 95
62 97
62 98
62 99
62 100
62 101
62 102
62 103
62 106
62 108
62 110
62 111
62 112
62 113
62 115
62 117
62 120
62 124
62 125
62 126
62 128
63 66
63 67
63 68
63 75
63 77
63 78
63 80
63 81
63 82
63 84
63 85
63 87
63 89
63 92
63 93
63 95
63 96
63 101
63 103
63 106
63 107
63 108
63 110
63 116
63 117
63 118
63 120
63 121
63 127
64 68
64 69
64 72
64 73
64 74
64 75
64 76
64 78
64 79
64 81
64 82
64 85
64 87
64 89
64 91
64 96
64 97
64 98
64 99
64 104
64 105
64 108
64 109
64 110
64 111
64 120
64 121
64 122
64 123
64 125
65 75
65 76
65 77
65 78
65 81
65 82
65 83
65 84
65 85
65 86
65 90
65 91
65 92
65 93
65 94
65 95
65 96
65 98
65 99
65 104
65 105
65 110
65 111
65 114
65 115
65 116
65 117
65 118
65 119
65 122
65 123
65 127
66 72
66 73
66 75
66 76
66 77
66 82
66 83
66 86
66 88
66 91
66 92
66 97
66 105
66 106
66 109
66 110
66 111
66 112
66 115
66 117
66 118
66 121
66 123
66 126
66 128
67 68
67 69
67 72
67 75
67 80
67 83
67 84
67 89
67 92
67 95
67 96
67 97
67 98
67 100
67 101
67 103
67 104
67 106
67 107
67 109
67 116
67 117
67 120
67 121
67 122
67 128
68 71
68 73
68 74
68 83
68 87
68 91
68 93
68 94
68 96
68 97
68 99
68 103
68 106
68 108
68 109
68 112
68 113
68 114
68 115
68 118
68 119
68 123
68 125
68 127
69 70
69 71
69 72
69 73
69 75
69 80
69 86
69 87
69 88
69 90
69 92
69 97
69 101
69 102
69 106
69 108
69 116
69 117
69 118
69 120
69 121
69 124
70 71
70 72
70 74
70 75
70 76
70 78
70 84
70 85
70 87
70 88
70 89
70 92
70 95
70 97
70 98
70 100
70 101
70 106
70 107
70 108
70 110
70 111
70 112
70 121
70 122
70 128
71 72
71 74
71 75
71 79
71 84
71 87
71 88
71 89
71 91
71 93
71 94
71 95
71 98
71 101
71 103
71 106
71 108
71 109
71 110
71 115
71 118
71 119
71 123
71 124
71 125
71 127
71 128
72 73
72 74
72 75
72 79
72 82
72 83
72 85
72 86
72 87
72 91
72 92
72 93
72 94
72 97
72 100
72 102
72 103
72 105
72 106
72 110
72 111
72 112
72 113
72 114
72 116
72 117
72 118
72 119
72 120
72 121
72 124
72 126
73 76
73 81
73 83
73 85
73 87
73 88
73 89
73 91
73 92
73 94
73 95
73 97
73 100
73 101
73 103
73 105
73 106
73 108
73 113
73 114
73 115
73 120
73 121
73 122
73 123
73 124
73 125
73 126
73 128
74 75
74 76
74 82
74 84
74 86
74 88
74 90
74 93
74 95
74 100
74 101
74 102
74 107
74 112
74 114
74 115
74 116
74 119
74 120
74 121
74 122
74 123
74 126
75 77
75 82
75 83
75 84
75 85
75 87
75 89
75 90
75 93
75 94
75 99
75 103
75 104
75 105
75 106
75 109
75 112
75 116
75 119
75 120
75 121
75 124
75 125
75 127
75 128
76 80
76 82
76 85
76 86
76 88
76 89
76 90
76 91
76 93
76 97
76 100
76 101
76 104
76 106
76 107
76 114
76 115
76 116
76 117
76 118
76 120
76 121
76 122
76 124
76 126
76 127
76 128
77 79
77 84
77 85
77 90
77 91
77 93
77 95
77 96
77 99
77 100
77 102
77 103
77 104
77 107
77 109
77 111
77 114
77 115
77 117
77 120
77 121
77 122
77 123
77 124
77 128
78 82
78 86
78 89
78 92
78 94
78 95
78 99
78 100
78 101
78 103
78 104
78 106
78 107
78 109
78 112
78 113
78 114
78 115
78 117
78 119
78 122
78 123
78 126
79 81
79 82
79 84
79 87
79 89
79 90
79 91
79 92
79 93
79 96
79 97
79 98
79 103
79 106
79 109
79 110
79 111
79 115
79 116
79 119
79 124
79 125
79 126
79 128
80 81
80 84
80 85
80 87
80 88
80 91
80 92
80 93
80 96
80 97
80 98
80 99
80 101
80 102
80 103
80 104
80 114
80 116
80 120
80 121
80 123
80 127
80 128
81 83
81 84
81 85
81 87
81 88
81 89
81 92
81 94
81 95
81 97
81 102
81 103
81 104
81 106
81 107
81 110
81 111
81 113
81 116
81 117
81 120
81 121
81 123
81 126
82 83
82 84
82 85
82 88
82 89
82 90
82 94
82 95
82 98
82 103
82 104
82 105
82 107
82 110
82 112
82 114
82 115
82 116
82 120
82 121
82 122
82 126
82 128
83 84
83 85
83 87
83 88
83 91
83 92
83 97
83 99
83 100
83 103
83 105
83 108
83 110
83 112
83 113
83 115
83 118
83 119
83 126
84 86
84 87
84 90
84 96
84 97
84 99
84 101
84 105
84 108
84 112
84 114
84 116
84 117
84 121
84 124
84 126
85 91
85 96
85 101
85 103
85 104
85 108
85 109
85 112
85 113
85 115
85 118
85 121
85 123
85 125
85 127
85 128
86 87
86 92
86 97
86 100
86 101
86 103
86 104
86 105
86 106
86 107
86 108
86 114
86 115
86 116
86 118
86 119
86 120
86 121
86 123
86 124
87 90
87 93
87 94
87 98
87 100
87 101
87 103
87 106
87 109
87 110
87 112
87 113
87 114
87 115
87 116
87 117
87 122
87 123
87 124
88 89
88 91
88 93
88 96
88 97
88 98
88 101
88 105
88 107
88 108
88 110
88 111
88 113
88 115
88 117
88 118
88 119
88 120
88 122
88 125
88 127
88 128
89 91
89 92
89 94
89 97
89 100
89 101
89 104
89 105
89 107
89 109
89 110
89 113
89 114
89 117
89 118
89 120
89 122
89 123
89 124
89 126
89 127
89 128
90 93
90 95
90 99
90 101
90 102
90 104
90 105
90 106
90 112
90 116
90 124
90 125
91 92
91 94
91 95
91 97
91 98
91 102
91 105
91 107
91 109
91 110
91 111
91 112
91 114
91 115
91 118
91 120
91 122
91 124
91 127
91 128
92 93
92 96
92 97
92 101
92 102
92 104
92 107
92 109
92 110
92 113
92 118
93 94
93 96
93 97
93 103
93 106
93 107
93 109
93 113
93 114
93 115
93 116
93 118
93 119
93 123
93 125
93 126
94 95
94 96
94 97
94 98
94 100
94 103
94 107
94 109
94 110
94 113
94 117
94 119
94 125
94 126
94 127
95 97
95 98
95 101
95 102
95 103
95 105
95 106
95 110
95 111
95 112
95 114
95 116
95 118
95 126
96 99
96 101
96 103
96 105
96 109
96 110
96 111
96 112
96 114
96 115
96 119
96 120
96 121
96 127
96 128
97 98
97 103
97 106
97 107
97 110
97 114
97 115
97 116
97 117
97 119
97 123
97 124
97 125
97 126
97 128
98 99
98 101
98 106
98 107
98 111
98 113
98 115
98 117
98 119
98 123
98 124
98 125
98 126
98 127
99 103
99 104
99 106
99 108
99 110
99 113
99 116
99 119
99 120
99 122
99 123
100 101
100 102
100 104
100 105
100 108
100 109
100 110
100 111
100 113
100 114
100 115
100 118
100 121
100 122
100 123
100 127
101 102
101 103
101 104
101 105
101 106
101 109
101 111
101 116
101 119
101 121
101 123
101 124
101 126
101 127
101 128
102 105
102 106
102 107
102 112
102 116
102 118
102 119
102 121
102 122
102 124
102 128
103 105
103 107
103 110
103 112
103 115
103 119
103 121
103 122
103 123
103 125
103 128
104 106
104 107
104 108
104 110
104 112
104 114
104 115
104 117
104 120
104 124
104 125
105 106
105 107
105 112
105 113
105 117
105 118
105 119
106 108
106 111
106 115
106 116
106 118
106 121
106 122
106 124
106 125
106 127
106 128
107 108
107 110
107 112
107 113
107 116
107 117
107 118
107 119
107 120
107 122
107 125
108 110
108 112
108 114
108 115
108 119
108 121
108 122
108 124
108 126
109 110
109 116
109 117
109 119
109 120
109 121
109 122
109 124
110 112
110 115
110 116
110 117
110 119
111 112
111 113
111 114
111 115
111 116
111 118
111 119
111 121
111 122
111 123
111 124
111 127
112 113
112 114
112 115
112 119
112 120
112 124
112 125
112 128
113 114
113 115
113 117
113 120
113 123
113 125
113 126
114 117
114 119
114 120
114 125
114 126
114 127
114 128
115 118
115 119
115 120
115 124
115 127
115 128
116 118
116 123
116 124
116 125
116 126
116 127
116 128
117 118
117 120
117 121
117 123
117 127
117 128
118 126
118 128
119 121
119 122
119 123
119 124
119 127
120 121
120 122
120 123
121 123
121 125
122 123
122 125
123 124
123 127
124 127
124 128
125 126
