128 2730
1
2
3
4
5
6
7
8
9
10
11
12
13
14
15
16
17
18
19
20
21
22
23
24
25
26
27
28
29
30
31
32
33
34
35
36
37
38
39
40
41
42
43
44
45
46
47
48
49
50
51
52
53
54
55
56
57
58
59
60
61
62
63
64
65
66
67
68
69
70
71
72
73
74
75
76
77
78
79
80
81
82
83
84
85
86
87
88
89
90
91
92
93
94
95
96
97
98
99
100
101
102
103
104
105
106
107
108
109
110
111
112
113
114
115
116
117
118
119
120
121
122
123
124
125
126
127
128
1 3 
1 7 
1 10 
1 12 
1 13 
1 16 
1 18 
1 19 
1 24 
1 30 
1 31 
1 37 
1 41 
1 43 
1 51 
1 53 
1 54 
1 61 
1 62 
1 63 
1 72 
1 73 
1 78 
1 79 
1 82 
1 83 
1 88 
1 92 
1 96 
1 98 
1 101 
1 109 
1 110 
1 111 
1 112 
1 118 
1 121 
1 123 
1 125 
1 126 
1 128 
2 5 
2 11 
2 12 
2 14 
2 19 
2 20 
2 21 
2 22 
2 24 
2 26 
2 31 
2 36 
2 39 
2 45 
2 49 
2 52 
2 53 
2 55 
2 58 
2 59 
2 61 
2 68 
2 75 
2 77 
2 79 
2 83 
2 88 
2 90 
2 91 
2 96 
2 103 
2 113 
2 125 
2 127 
2 128 
3 7 
3 8 
3 11 
3 12 
3 13 
3 19 
3 20 
3 21 
3 22 
3 23 
3 26 
3 27 
3 29 
3 31 
3 34 
3 35 
3 40 
3 43 
3 44 
3 46 
3 48 
3 53 
3 54 
3 55 
3 58 
3 61 
3 67 
3 69 
3 71 
3 74 
3 79 
3 82 
3 87 
3 90 
3 92 
3 96 
3 102 
3 108 
3 113 
3 115 
3 117 
3 118 
3 121 
3 122 
3 124 
3 127 
4 6 
4 7 
4 9 
4 11 
4 13 
4 18 
4 21 
4 22 
4 24 
4 26 
4 27 
4 29 
4 30 
4 34 
4 35 
4 38 
4 39 
4 51 
4 52 
4 53 
4 55 
4 56 
4 58 
4 59 
4 62 
4 63 
4 66 
4 67 
4 68 
4 70 
4 72 
4 73 
4 74 
4 77 
4 85 
4 87 
4 92 
4 93 
4 103 
4 104 
4 105 
4 107 
4 108 
4 116 
4 121 
4 124 
4 125 
5 7 
5 10 
5 11 
5 16 
5 18 
5 20 
5 21 
5 22 
5 23 
5 25 
5 26 
5 27 
5 28 
5 29 
5 36 
5 39 
5 40 
5 46 
5 47 
5 48 
5 50 
5 51 
5 52 
5 54 
5 57 
5 59 
5 61 
5 62 
5 63 
5 64 
5 65 
5 66 
5 67 
5 68 
5 69 
5 70 
5 71 
5 75 
5 76 
5 79 
5 83 
5 88 
5 93 
5 96 
5 107 
5 108 
5 112 
5 113 
5 118 
5 121 
5 122 
5 123 
5 127 
5 128 
6 10 
6 14 
6 15 
6 18 
6 20 
6 23 
6 27 
6 28 
6 32 
6 35 
6 40 
6 43 
6 45 
6 48 
6 59 
6 64 
6 70 
6 71 
6 75 
6 76 
6 79 
6 87 
6 89 
6 94 
6 96 
6 103 
6 104 
6 105 
6 108 
6 112 
6 114 
6 117 
6 123 
7 11 
7 17 
7 18 
7 21 
7 24 
7 29 
7 31 
7 33 
7 35 
7 38 
7 44 
7 48 
7 51 
7 52 
7 53 
7 55 
7 56 
7 57 
7 61 
7 65 
7 67 
7 69 
7 74 
7 81 
7 82 
7 84 
7 85 
7 86 
7 88 
7 89 
7 90 
7 91 
7 97 
7 105 
7 106 
7 113 
7 115 
7 122 
7 125 
7 127 
8 13 
8 14 
8 15 
8 16 
8 17 
8 19 
8 21 
8 26 
8 33 
8 35 
8 37 
8 43 
8 44 
8 45 
8 46 
8 47 
8 51 
8 52 
8 54 
8 56 
8 57 
8 58 
8 63 
8 67 
8 74 
8 75 
8 78 
8 82 
8 85 
8 86 
8 93 
8 95 
8 98 
8 102 
8 103 
8 109 
8 110 
8 114 
8 116 
8 123 
9 11 
9 12 
9 19 
9 21 
9 25 
9 28 
9 30 
9 35 
9 36 
9 37 
9 38 
9 39 
9 42 
9 43 
9 46 
9 48 
9 49 
9 50 
9 51 
9 57 
9 59 
9 60 
9 65 
9 68 
9 69 
9 72 
9 75 
9 76 
9 79 
9 81 
9 84 
9 85 
9 86 
9 90 
9 93 
9 98 
9 99 
9 101 
9 103 
9 105 
9 108 
9 113 
9 114 
9 121 
9 122 
10 11 
10 19 
10 21 
10 23 
10 26 
10 33 
10 34 
10 36 
10 40 
10 41 
10 42 
10 44 
10 46 
10 47 
10 53 
10 57 
10 63 
10 67 
10 76 
10 78 
10 85 
10 86 
10 95 
10 97 
10 99 
10 103 
10 108 
10 111 
10 115 
10 116 
10 117 
10 118 
10 120 
10 127 
11 17 
11 20 
11 22 
11 23 
11 28 
11 29 
11 30 
11 31 
11 32 
11 33 
11 34 
11 38 
11 41 
11 42 
11 48 
11 51 
11 52 
11 53 
11 54 
11 56 
11 58 
11 63 
11 70 
11 73 
11 80 
11 81 
11 82 
11 85 
11 93 
11 98 
11 102 
11 106 
11 107 
11 108 
11 112 
11 115 
11 119 
11 123 
11 126 
11 128 
12 15 
12 17 
12 23 
12 24 
12 25 
12 28 
12 29 
12 32 
12 34 
12 35 
12 45 
12 46 
12 49 
12 52 
12 56 
12 57 
12 61 
12 62 
12 66 
12 67 
12 75 
12 79 
12 82 
12 90 
12 91 
12 93 
12 95 
12 99 
12 107 
12 108 
12 116 
12 119 
12 122 
12 124 
12 127 
12 128 
13 15 
13 17 
13 20 
13 22 
13 24 
13 39 
13 42 
13 43 
13 45 
13 46 
13 48 
13 50 
13 53 
13 57 
13 58 
13 59 
13 62 
13 66 
13 68 
13 70 
13 76 
13 83 
13 87 
13 90 
13 92 
13 98 
13 99 
13 103 
13 106 
13 107 
13 108 
13 110 
13 122 
13 124 
13 127 
14 21 
14 22 
14 25 
14 29 
14 36 
14 37 
14 38 
14 39 
14 41 
14 51 
14 52 
14 53 
14 60 
14 61 
14 62 
14 64 
14 65 
14 66 
14 71 
14 74 
14 76 
14 78 
14 79 
14 83 
14 87 
14 95 
14 98 
14 103 
14 105 
14 116 
14 121 
14 125 
14 127 
15 22 
15 25 
15 26 
15 28 
15 32 
15 35 
15 36 
15 37 
15 40 
15 41 
15 42 
15 46 
15 49 
15 54 
15 57 
15 59 
15 60 
15 65 
15 70 
15 73 
15 84 
15 89 
15 90 
15 92 
15 93 
15 96 
15 98 
15 99 
15 100 
15 101 
15 102 
15 103 
15 104 
15 105 
15 109 
15 110 
15 114 
15 115 
15 117 
15 119 
15 120 
15 125 
16 18 
16 19 
16 33 
16 38 
16 39 
16 42 
16 44 
16 49 
16 54 
16 58 
16 59 
16 60 
16 63 
16 67 
16 68 
16 73 
16 76 
16 77 
16 79 
16 81 
16 85 
16 86 
16 94 
16 95 
16 98 
16 100 
16 102 
16 103 
16 109 
16 112 
16 113 
16 116 
16 117 
16 120 
16 124 
16 125 
17 18 
17 20 
17 21 
17 23 
17 25 
17 28 
17 30 
17 31 
17 32 
17 33 
17 40 
17 41 
17 43 
17 45 
17 46 
17 47 
17 48 
17 52 
17 53 
17 56 
17 57 
17 58 
17 60 
17 62 
17 67 
17 70 
17 71 
17 77 
17 79 
17 84 
17 86 
17 89 
17 90 
17 91 
17 95 
17 96 
17 99 
17 104 
17 105 
17 106 
17 107 
17 108 
17 114 
17 117 
17 122 
17 124 
18 24 
18 31 
18 35 
18 37 
18 40 
18 42 
18 44 
18 49 
18 53 
18 55 
18 56 
18 59 
18 60 
18 65 
18 75 
18 79 
18 82 
18 83 
18 85 
18 86 
18 88 
18 91 
18 97 
18 106 
18 108 
18 110 
18 113 
18 115 
18 117 
18 120 
18 122 
18 123 
18 125 
19 21 
19 28 
19 35 
19 42 
19 44 
19 46 
19 59 
19 60 
19 62 
19 67 
19 69 
19 75 
19 76 
19 78 
19 83 
19 84 
19 85 
19 86 
19 89 
19 92 
19 93 
19 95 
19 100 
19 101 
19 111 
19 112 
19 113 
19 115 
19 120 
19 121 
19 122 
19 124 
19 126 
20 24 
20 25 
20 29 
20 31 
20 37 
20 40 
20 45 
20 46 
20 48 
20 60 
20 63 
20 72 
20 75 
20 79 
20 80 
20 81 
20 85 
20 89 
20 91 
20 92 
20 93 
20 104 
20 105 
20 109 
20 110 
20 111 
20 116 
20 120 
20 121 
20 123 
20 128 
21 23 
21 26 
21 28 
21 32 
21 33 
21 38 
21 40 
21 42 
21 44 
21 47 
21 54 
21 55 
21 56 
21 62 
21 63 
21 65 
21 69 
21 70 
21 71 
21 73 
21 75 
21 77 
21 82 
21 86 
21 90 
21 94 
21 95 
21 96 
21 98 
21 100 
21 102 
21 110 
21 112 
21 114 
21 116 
22 23 
22 31 
22 35 
22 36 
22 37 
22 43 
22 58 
22 59 
22 61 
22 62 
22 63 
22 64 
22 68 
22 71 
22 72 
22 84 
22 86 
22 88 
22 90 
22 94 
22 99 
22 100 
22 105 
22 116 
22 117 
22 121 
22 124 
22 127 
23 28 
23 30 
23 34 
23 36 
23 37 
23 39 
23 43 
23 44 
23 46 
23 51 
23 53 
23 55 
23 59 
23 60 
23 64 
23 71 
23 77 
23 80 
23 81 
23 82 
23 83 
23 91 
23 95 
23 97 
23 99 
23 100 
23 104 
23 105 
23 106 
23 109 
23 111 
23 112 
23 114 
23 115 
23 119 
23 126 
24 30 
24 31 
24 32 
24 34 
24 42 
24 44 
24 45 
24 49 
24 50 
24 51 
24 52 
24 59 
24 60 
24 66 
24 67 
24 68 
24 69 
24 70 
24 71 
24 73 
24 79 
24 80 
24 88 
24 90 
24 100 
24 105 
24 107 
24 110 
24 111 
24 113 
24 114 
24 121 
24 128 
25 26 
25 27 
25 29 
25 35 
25 36 
25 39 
25 46 
25 47 
25 49 
25 50 
25 57 
25 60 
25 61 
25 64 
25 65 
25 66 
25 71 
25 72 
25 73 
25 74 
25 77 
25 78 
25 83 
25 84 
25 89 
25 97 
25 102 
25 114 
25 116 
25 117 
25 119 
25 120 
25 124 
25 127 
26 29 
26 33 
26 35 
26 36 
26 41 
26 43 
26 45 
26 53 
26 59 
26 60 
26 61 
26 63 
26 68 
26 69 
26 72 
26 81 
26 84 
26 86 
26 87 
26 88 
26 90 
26 94 
26 97 
26 98 
26 102 
26 111 
26 112 
26 113 
26 114 
26 115 
26 116 
26 121 
26 123 
26 124 
26 125 
26 126 
26 127 
27 30 
27 34 
27 35 
27 36 
27 39 
27 40 
27 42 
27 49 
27 50 
27 51 
27 53 
27 54 
27 55 
27 58 
27 59 
27 60 
27 67 
27 72 
27 73 
27 75 
27 78 
27 84 
27 85 
27 89 
27 91 
27 92 
27 94 
27 96 
27 97 
27 101 
27 103 
27 106 
27 107 
27 108 
27 109 
27 111 
27 115 
27 120 
27 121 
28 30 
28 33 
28 35 
28 41 
28 47 
28 53 
28 55 
28 56 
28 61 
28 65 
28 66 
28 67 
28 71 
28 75 
28 76 
28 79 
28 83 
28 84 
28 85 
28 87 
28 92 
28 93 
28 95 
28 97 
28 101 
28 102 
28 111 
28 113 
28 120 
28 122 
28 123 
28 126 
28 127 
29 32 
29 36 
29 37 
29 43 
29 46 
29 55 
29 59 
29 61 
29 62 
29 64 
29 67 
29 70 
29 71 
29 75 
29 77 
29 78 
29 83 
29 84 
29 85 
29 87 
29 90 
29 91 
29 92 
29 93 
29 95 
29 96 
29 99 
29 100 
29 108 
29 109 
29 111 
29 115 
29 123 
29 124 
29 126 
30 35 
30 37 
30 39 
30 41 
30 44 
30 47 
30 49 
30 51 
30 54 
30 66 
30 70 
30 72 
30 73 
30 83 
30 87 
30 90 
30 91 
30 92 
30 98 
30 100 
30 101 
30 102 
30 104 
30 108 
30 112 
30 118 
30 125 
30 126 
31 32 
31 34 
31 35 
31 37 
31 38 
31 42 
31 45 
31 46 
31 48 
31 49 
31 50 
31 55 
31 56 
31 60 
31 61 
31 63 
31 65 
31 67 
31 74 
31 75 
31 76 
31 79 
31 81 
31 82 
31 83 
31 85 
31 86 
31 93 
31 101 
31 106 
31 112 
31 117 
31 118 
31 120 
31 125 
31 126 
31 128 
32 35 
32 36 
32 38 
32 40 
32 44 
32 46 
32 66 
32 67 
32 68 
32 73 
32 75 
32 78 
32 82 
32 84 
32 89 
32 90 
32 91 
32 93 
32 95 
32 97 
32 98 
32 104 
32 106 
32 111 
32 115 
32 117 
32 122 
32 123 
32 124 
32 125 
33 34 
33 35 
33 40 
33 42 
33 44 
33 48 
33 49 
33 51 
33 55 
33 60 
33 61 
33 63 
33 67 
33 72 
33 74 
33 75 
33 76 
33 77 
33 78 
33 82 
33 83 
33 86 
33 93 
33 96 
33 98 
33 100 
33 105 
33 106 
33 107 
33 111 
33 112 
33 114 
33 116 
33 120 
33 128 
34 37 
34 42 
34 43 
34 46 
34 47 
34 51 
34 55 
34 56 
34 64 
34 67 
34 68 
34 69 
34 71 
34 73 
34 74 
34 76 
34 79 
34 80 
34 82 
34 83 
34 86 
34 87 
34 88 
34 104 
34 105 
34 108 
34 109 
34 111 
34 117 
34 121 
34 125 
35 39 
35 42 
35 43 
35 44 
35 46 
35 54 
35 56 
35 57 
35 58 
35 62 
35 64 
35 67 
35 69 
35 72 
35 74 
35 80 
35 83 
35 85 
35 91 
35 94 
35 95 
35 96 
35 100 
35 101 
35 102 
35 104 
35 106 
35 109 
35 110 
35 114 
35 118 
35 119 
35 121 
35 125 
35 128 
36 39 
36 42 
36 48 
36 49 
36 50 
36 54 
36 61 
36 62 
36 67 
36 73 
36 78 
36 81 
36 84 
36 86 
36 87 
36 88 
36 90 
36 91 
36 92 
36 98 
36 99 
36 100 
36 101 
36 102 
36 103 
36 107 
36 108 
36 110 
36 111 
36 118 
36 122 
36 124 
37 43 
37 44 
37 46 
37 49 
37 50 
37 53 
37 59 
37 61 
37 71 
37 73 
37 78 
37 79 
37 80 
37 82 
37 83 
37 84 
37 85 
37 88 
37 89 
37 91 
37 96 
37 97 
37 98 
37 104 
37 106 
37 108 
37 111 
37 122 
37 128 
38 49 
38 50 
38 51 
38 58 
38 59 
38 61 
38 67 
38 69 
38 70 
38 72 
38 74 
38 76 
38 79 
38 80 
38 84 
38 85 
38 90 
38 95 
38 96 
38 97 
38 99 
38 102 
38 108 
38 114 
38 116 
38 124 
38 125 
39 40 
39 41 
39 42 
39 44 
39 47 
39 48 
39 57 
39 59 
39 60 
39 63 
39 64 
39 67 
39 70 
39 71 
39 78 
39 81 
39 88 
39 89 
39 91 
39 96 
39 97 
39 99 
39 101 
39 102 
39 104 
39 105 
39 114 
39 115 
39 116 
39 117 
39 122 
39 124 
39 125 
39 126 
40 42 
40 44 
40 47 
40 50 
40 51 
40 54 
40 57 
40 58 
40 63 
40 65 
40 71 
40 74 
40 78 
40 83 
40 86 
40 87 
40 88 
40 92 
40 97 
40 98 
40 99 
40 106 
40 109 
40 118 
40 120 
40 121 
40 124 
40 128 
41 43 
41 50 
41 53 
41 54 
41 57 
41 58 
41 60 
41 61 
41 63 
41 64 
41 65 
41 67 
41 69 
41 73 
41 76 
41 79 
41 80 
41 82 
41 90 
41 92 
41 93 
41 99 
41 100 
41 104 
41 105 
41 108 
41 111 
41 114 
41 117 
41 123 
41 128 
42 47 
42 49 
42 51 
42 52 
42 53 
42 58 
42 70 
42 75 
42 80 
42 82 
42 86 
42 87 
42 95 
42 101 
42 105 
42 108 
42 109 
42 113 
42 114 
42 115 
42 116 
42 117 
42 120 
42 121 
42 122 
42 124 
42 126 
43 44 
43 47 
43 48 
43 49 
43 50 
43 52 
43 57 
43 67 
43 68 
43 70 
43 73 
43 75 
43 83 
43 84 
43 85 
43 86 
43 87 
43 98 
43 100 
43 102 
43 103 
43 107 
43 108 
43 110 
43 116 
43 118 
43 120 
43 121 
43 125 
43 127 
43 128 
44 46 
44 50 
44 52 
44 53 
44 54 
44 56 
44 59 
44 61 
44 66 
44 70 
44 74 
44 75 
44 76 
44 78 
44 80 
44 82 
44 85 
44 87 
44 88 
44 96 
44 97 
44 99 
44 100 
44 104 
44 106 
44 111 
44 113 
44 115 
44 116 
44 120 
44 123 
44 126 
44 128 
45 47 
45 48 
45 51 
45 56 
45 58 
45 59 
45 60 
45 61 
45 67 
45 70 
45 76 
45 78 
45 79 
45 82 
45 83 
45 88 
45 90 
45 93 
45 96 
45 98 
45 108 
45 113 
45 114 
45 119 
46 49 
46 50 
46 51 
46 52 
46 58 
46 60 
46 65 
46 66 
46 67 
46 72 
46 74 
46 75 
46 76 
46 81 
46 83 
46 86 
46 87 
46 91 
46 92 
46 97 
46 99 
46 101 
46 102 
46 106 
46 110 
46 111 
46 114 
46 121 
46 123 
46 125 
47 49 
47 50 
47 57 
47 58 
47 60 
47 61 
47 67 
47 73 
47 75 
47 77 
47 78 
47 79 
47 83 
47 84 
47 94 
47 96 
47 97 
47 98 
47 104 
47 108 
47 110 
47 111 
47 113 
47 118 
47 120 
47 121 
47 124 
47 126 
48 50 
48 51 
48 52 
48 53 
48 56 
48 57 
48 61 
48 64 
48 66 
48 73 
48 74 
48 75 
48 79 
48 88 
48 95 
48 96 
48 98 
48 102 
48 103 
48 105 
48 106 
48 109 
48 110 
48 112 
48 113 
48 116 
48 119 
48 121 
48 122 
48 123 
48 124 
48 125 
48 127 
48 128 
49 50 
49 51 
49 53 
49 54 
49 59 
49 69 
49 70 
49 71 
49 73 
49 74 
49 79 
49 84 
49 85 
49 87 
49 88 
49 100 
49 102 
49 105 
49 108 
49 117 
49 119 
49 121 
49 125 
49 128 
50 52 
50 62 
50 69 
50 73 
50 74 
50 76 
50 79 
50 80 
50 81 
50 85 
50 90 
50 97 
50 98 
50 101 
50 102 
50 112 
50 114 
50 115 
50 116 
50 121 
50 123 
50 125 
50 126 
51 54 
51 55 
51 56 
51 57 
51 63 
51 64 
51 72 
51 73 
51 75 
51 76 
51 77 
51 84 
51 86 
51 88 
51 89 
51 91 
51 92 
51 96 
51 98 
51 101 
51 102 
51 104 
51 105 
51 106 
51 109 
51 111 
51 114 
51 115 
51 116 
51 118 
51 123 
51 124 
52 53 
52 54 
52 60 
52 66 
52 77 
52 78 
52 80 
52 84 
52 85 
52 88 
52 94 
52 95 
52 96 
52 100 
52 103 
52 104 
52 110 
52 112 
52 113 
52 116 
52 119 
52 122 
52 124 
52 126 
52 128 
53 56 
53 58 
53 59 
53 60 
53 64 
53 66 
53 72 
53 74 
53 75 
53 78 
53 83 
53 86 
53 88 
53 89 
53 90 
53 93 
53 94 
53 96 
53 104 
53 107 
53 110 
53 112 
53 118 
53 121 
53 127 
54 55 
54 59 
54 63 
54 67 
54 72 
54 73 
54 75 
54 76 
54 77 
54 79 
54 82 
54 86 
54 87 
54 93 
54 95 
54 100 
54 101 
54 103 
54 108 
54 113 
54 121 
54 124 
55 58 
55 59 
55 70 
55 72 
55 73 
55 74 
55 75 
55 76 
55 82 
55 83 
55 84 
55 85 
55 88 
55 89 
55 95 
55 96 
55 97 
55 98 
55 99 
55 102 
55 107 
55 110 
55 111 
55 114 
55 117 
55 121 
55 125 
55 128 
56 59 
56 61 
56 62 
56 63 
56 67 
56 70 
56 71 
56 73 
56 75 
56 78 
56 79 
56 81 
56 82 
56 89 
56 101 
56 104 
56 105 
56 106 
56 108 
56 112 
56 113 
56 117 
56 123 
56 125 
56 128 
57 58 
57 61 
57 74 
57 77 
57 79 
57 81 
57 82 
57 88 
57 90 
57 92 
57 94 
57 99 
57 100 
57 101 
57 103 
57 106 
57 109 
57 111 
57 112 
57 118 
57 121 
57 126 
58 60 
58 62 
58 68 
58 70 
58 71 
58 72 
58 76 
58 80 
58 83 
58 98 
58 104 
58 106 
58 107 
58 110 
58 111 
58 113 
58 116 
58 119 
58 122 
58 123 
59 62 
59 64 
59 65 
59 68 
59 75 
59 77 
59 81 
59 84 
59 89 
59 91 
59 93 
59 97 
59 99 
59 100 
59 101 
59 103 
59 104 
59 105 
59 107 
59 109 
59 110 
59 111 
59 120 
59 121 
59 127 
59 128 
60 61 
60 67 
60 78 
60 85 
60 87 
60 90 
60 91 
60 98 
60 99 
60 103 
60 104 
60 107 
60 108 
60 109 
60 110 
60 115 
60 119 
60 121 
60 124 
61 65 
61 66 
61 68 
61 69 
61 72 
61 73 
61 76 
61 87 
61 89 
61 90 
61 97 
61 98 
61 100 
61 101 
61 102 
61 107 
61 108 
61 110 
61 111 
61 114 
61 118 
61 122 
61 125 
62 69 
62 70 
62 80 
62 81 
62 83 
62 85 
62 86 
62 88 
62 92 
62 96 
62 97 
62 98 
62 99 
62 101 
62 103 
62 104 
62 109 
62 116 
62 117 
62 120 
62 128 
63 65 
63 66 
63 67 
63 68 
63 71 
63 74 
63 77 
63 78 
63 79 
63 82 
63 95 
63 105 
63 109 
63 111 
63 114 
63 115 
63 116 
63 124 
63 125 
63 128 
64 65 
64 67 
64 68 
64 70 
64 74 
64 78 
64 81 
64 84 
64 86 
64 87 
64 93 
64 94 
64 95 
64 96 
64 97 
64 99 
64 100 
64 107 
64 110 
64 112 
64 114 
64 115 
64 116 
64 121 
64 124 
64 125 
65 68 
65 72 
65 76 
65 79 
65 80 
65 81 
65 82 
65 88 
65 94 
65 95 
65 96 
65 100 
65 101 
65 104 
65 106 
65 109 
65 115 
65 120 
65 122 
66 68 
66 69 
66 73 
66 74 
66 76 
66 77 
66 79 
66 83 
66 94 
66 98 
66 100 
66 114 
66 115 
66 116 
66 121 
66 125 
66 126 
67 73 
67 83 
67 86 
67 89 
67 94 
67 109 
67 116 
67 120 
67 121 
67 123 
67 126 
67 128 
68 73 
68 74 
68 79 
68 82 
68 84 
68 90 
68 92 
68 93 
68 94 
68 98 
68 99 
68 100 
68 102 
68 103 
68 108 
68 115 
68 118 
68 119 
68 120 
68 122 
68 123 
68 126 
68 128 
69 71 
69 73 
69 77 
69 78 
69 79 
69 80 
69 84 
69 85 
69 86 
69 87 
69 88 
69 91 
69 92 
69 93 
69 99 
69 100 
69 101 
69 102 
69 103 
69 109 
69 111 
69 113 
69 114 
69 120 
69 125 
69 128 
70 71 
70 75 
70 80 
70 82 
70 83 
70 85 
70 87 
70 88 
70 91 
70 93 
70 94 
70 102 
70 103 
70 105 
70 110 
70 111 
70 117 
70 119 
70 122 
70 125 
70 126 
70 128 
71 73 
71 74 
71 79 
71 80 
71 85 
71 88 
71 89 
71 91 
71 93 
71 94 
71 100 
71 102 
71 105 
71 110 
71 115 
71 118 
71 120 
71 121 
71 122 
71 123 
71 125 
71 126 
72 75 
72 77 
72 81 
72 83 
72 84 
72 87 
72 88 
72 91 
72 95 
72 96 
72 98 
72 99 
72 100 
72 101 
72 112 
72 113 
72 114 
72 118 
72 119 
72 122 
72 125 
72 127 
72 128 
73 80 
73 84 
73 85 
73 89 
73 92 
73 97 
73 100 
73 101 
73 102 
73 106 
73 109 
73 113 
73 117 
73 118 
73 120 
73 124 
73 127 
74 83 
74 84 
74 87 
74 88 
74 89 
74 92 
74 93 
74 94 
74 95 
74 96 
74 99 
74 101 
74 104 
74 105 
74 106 
74 110 
74 117 
74 120 
74 121 
74 122 
74 123 
74 126 
74 127 
75 80 
75 82 
75 84 
75 86 
75 89 
75 93 
75 97 
75 99 
75 100 
75 103 
75 105 
75 106 
75 109 
75 113 
75 116 
75 122 
75 124 
75 125 
76 80 
76 81 
76 83 
76 90 
76 91 
76 95 
76 96 
76 99 
76 103 
76 104 
76 105 
76 107 
76 109 
76 114 
76 122 
76 126 
77 80 
77 86 
77 89 
77 95 
77 97 
77 98 
77 104 
77 107 
77 111 
77 112 
77 115 
77 122 
77 124 
78 80 
78 87 
78 93 
78 97 
78 99 
78 104 
78 105 
78 107 
78 109 
78 111 
78 113 
78 117 
78 118 
78 119 
78 120 
78 122 
78 124 
78 126 
78 127 
79 81 
79 86 
79 87 
79 93 
79 95 
79 102 
79 104 
79 107 
79 111 
79 116 
79 120 
79 122 
79 123 
79 126 
80 81 
80 83 
80 84 
80 92 
80 93 
80 94 
80 98 
80 99 
80 100 
80 111 
80 112 
80 113 
80 114 
80 115 
80 116 
80 118 
80 119 
80 120 
80 121 
80 123 
80 124 
80 125 
81 86 
81 87 
81 88 
81 96 
81 102 
81 107 
81 110 
81 112 
81 114 
81 115 
81 116 
81 120 
81 121 
81 123 
81 124 
81 126 
82 86 
82 87 
82 88 
82 91 
82 94 
82 96 
82 98 
82 101 
82 105 
82 107 
82 108 
82 112 
82 114 
82 115 
82 117 
82 118 
82 119 
82 121 
82 122 
82 124 
83 84 
83 87 
83 89 
83 90 
83 91 
83 93 
83 103 
83 104 
83 106 
83 107 
83 122 
83 123 
83 128 
84 90 
84 91 
84 95 
84 96 
84 97 
84 98 
84 100 
84 101 
84 106 
84 114 
84 116 
84 117 
84 121 
84 122 
84 125 
85 86 
85 90 
85 91 
85 93 
85 94 
85 96 
85 98 
85 100 
85 101 
85 106 
85 107 
85 112 
85 113 
85 117 
85 120 
85 124 
85 127 
86 87 
86 93 
86 97 
86 98 
86 99 
86 100 
86 101 
86 108 
86 110 
86 111 
86 115 
86 116 
86 122 
86 126 
87 89 
87 91 
87 99 
87 100 
87 101 
87 102 
87 108 
87 109 
87 111 
87 113 
87 120 
87 121 
87 122 
87 124 
87 127 
87 128 
88 99 
88 102 
88 104 
88 105 
88 107 
88 112 
88 113 
88 115 
88 117 
88 120 
88 121 
88 124 
88 126 
89 91 
89 94 
89 97 
89 98 
89 108 
89 109 
89 110 
89 114 
89 115 
89 117 
89 118 
89 119 
90 92 
90 101 
90 103 
90 105 
90 107 
90 112 
90 116 
90 119 
90 120 
90 125 
90 126 
90 127 
91 97 
91 101 
91 108 
91 112 
91 115 
91 117 
91 119 
91 123 
91 124 
91 126 
91 128 
92 95 
92 96 
92 97 
92 102 
92 107 
92 109 
92 111 
92 113 
92 114 
92 116 
92 121 
92 124 
92 128 
93 96 
93 97 
93 98 
93 100 
93 102 
93 105 
93 106 
93 113 
93 115 
93 116 
93 117 
93 119 
93 120 
93 122 
93 125 
94 98 
94 105 
94 109 
94 115 
94 123 
94 127 
94 128 
95 99 
95 105 
95 110 
95 111 
95 115 
95 118 
95 120 
95 128 
96 98 
96 100 
96 101 
96 103 
96 104 
96 106 
96 114 
96 115 
96 116 
96 118 
96 123 
97 103 
97 105 
97 107 
97 108 
97 109 
97 110 
97 113 
97 114 
98 99 
98 106 
98 107 
98 109 
98 110 
98 111 
98 113 
98 120 
98 121 
99 100 
99 101 
99 114 
99 119 
99 121 
99 122 
99 123 
99 126 
100 103 
100 104 
100 119 
100 124 
100 125 
100 128 
101 102 
101 107 
101 111 
101 114 
101 116 
101 118 
101 125 
101 126 
102 104 
102 111 
102 112 
102 114 
102 116 
102 117 
102 120 
102 123 
102 127 
103 104 
103 108 
103 109 
103 111 
103 112 
103 116 
103 117 
103 123 
103 124 
103 125 
104 114 
104 115 
104 118 
104 123 
104 126 
104 127 
105 109 
105 111 
105 112 
105 118 
105 119 
105 121 
105 122 
105 123 
105 124 
105 126 
106 110 
106 113 
106 116 
106 119 
106 125 
106 128 
107 109 
107 115 
107 116 
107 121 
107 122 
107 124 
108 113 
108 114 
108 116 
108 117 
108 121 
108 123 
108 124 
108 126 
109 110 
109 112 
109 115 
109 116 
109 118 
109 120 
109 122 
109 125 
109 127 
110 111 
110 114 
110 115 
110 126 
111 120 
111 124 
112 113 
112 115 
112 119 
112 120 
112 123 
112 126 
113 120 
113 125 
113 127 
114 115 
114 119 
114 122 
114 124 
114 126 
114 127 
115 116 
115 117 
115 118 
115 126 
115 127 
116 119 
116 120 
116 121 
116 126 
116 127 
117 118 
117 123 
117 124 
117 127 
118 122 
118 123 
118 125 
118 126 
119 121 
119 123 
119 125 
119 127 
120 123 
120 127 
120 128 
121 122 
121 128 
122 126 
123 124 
123 126 
124 127 
125 127 
