128 223
1 20
1 31
1 53
1 60
2 22
2 23
2 59
2 60
2 61
3 58
3 101
3 104
3 128
4 6
4 26
4 84
5 11
5 24
5 28
5 51
6 29
6 58
6 89
6 123
7 16
7 18
7 25
7 33
7 100
7 118
8 13
8 18
8 106
9 34
9 102
9 120
9 123
10 69
11 41
11 49
11 58
11 62
12 96
13 20
13 28
13 57
13 58
14 21
14 64
14 71
14 118
14 127
15 108
17 61
17 81
17 108
17 120
18 47
18 73
18 108
18 110
19 26
19 30
20 53
20 78
20 124
21 34
21 114
22 34
22 117
22 124
23 50
23 114
23 118
24 32
24 44
24 128
25 79
26 32
26 38
26 65
26 73
27 32
27 110
27 119
28 50
29 31
29 81
29 82
29 84
29 102
29 106
29 117
30 38
31 48
31 66
32 55
33 86
33 122
33 127
34 66
34 88
35 99
36 46
36 68
37 80
37 91
37 100
38 42
38 51
38 93
38 117
39 61
40 50
40 116
40 121
40 126
41 76
41 94
41 95
41 112
41 116
42 80
43 108
45 84
45 86
47 122
49 59
49 63
49 69
49 78
49 84
49 85
49 92
49 93
49 96
49 115
50 82
50 94
50 104
51 92
51 127
52 85
53 58
53 123
54 63
54 69
55 102
55 111
55 120
56 66
56 71
57 72
57 104
59 68
59 98
59 128
61 108
61 117
61 124
62 63
62 97
63 96
63 104
63 106
63 108
63 109
64 108
64 123
65 116
68 98
70 82
70 100
71 72
71 75
72 81
72 116
73 96
74 126
75 124
77 81
77 120
77 121
77 128
78 86
78 93
78 106
78 128
79 119
82 91
82 113
82 122
83 116
84 111
84 127
85 107
86 125
87 117
87 127
88 118
89 98
90 120
90 121
91 119
93 115
95 99
96 111
96 128
98 106
98 114
98 118
99 112
99 127
100 113
101 104
101 112
101 122
102 124
108 124
111 112
111 113
112 128
122 124
