128 1394
1 3
1 5
1 10
1 12
1 18
1 22
1 23
1 25
1 26
1 32
1 34
1 43
1 49
1 54
1 58
1 59
1 67
1 76
1 79
1 81
1 101
1 105
1 120
1 121
1 128
2 3
2 4
2 8
2 15
2 35
2 50
2 52
2 53
2 54
2 56
2 58
2 59
2 67
2 82
2 84
2 87
2 94
2 101
2 106
2 110
2 113
2 114
2 115
2 116
2 117
3 7
3 12
3 15
3 17
3 18
3 23
3 34
3 50
3 56
3 59
3 62
3 63
3 64
3 68
3 72
3 77
3 83
3 85
3 88
3 108
3 109
3 120
3 121
3 124
4 6
4 16
4 28
4 32
4 35
4 43
4 52
4 55
4 57
4 62
4 68
4 70
4 82
4 83
4 84
4 86
4 87
4 98
4 99
4 102
4 105
4 116
5 18
5 19
5 38
5 41
5 52
5 54
5 63
5 65
5 78
5 79
5 82
5 99
5 102
5 109
5 111
5 115
5 121
5 124
5 125
6 8
6 9
6 11
6 17
6 22
6 46
6 49
6 52
6 64
6 66
6 70
6 85
6 86
6 89
6 98
6 99
7 8
7 22
7 29
7 37
7 46
7 59
7 60
7 69
7 71
7 76
7 78
7 79
7 82
7 87
7 92
7 97
7 106
7 111
7 120
7 127
8 16
8 22
8 23
8 27
8 33
8 40
8 42
8 45
8 48
8 65
8 70
8 85
8 86
8 92
8 94
8 100
8 102
8 105
8 107
8 111
8 113
8 115
8 117
8 122
8 128
9 10
9 23
9 27
9 33
9 50
9 56
9 58
9 65
9 73
9 80
9 91
9 92
9 93
9 98
9 99
9 110
9 126
10 12
10 13
10 16
10 19
10 22
10 23
10 26
10 33
10 36
10 41
10 50
10 55
10 62
10 68
10 72
10 73
10 80
10 81
10 90
10 102
10 116
11 12
11 13
11 15
11 17
11 21
11 22
11 24
11 29
11 30
11 42
11 43
11 44
11 47
11 57
11 60
11 61
11 66
11 74
11 78
11 81
11 83
11 86
11 92
11 102
11 107
11 108
11 110
11 118
11 122
12 15
12 18
12 20
12 26
12 38
12 45
12 46
12 51
12 59
12 68
12 70
12 84
12 89
12 92
12 94
12 98
12 116
12 125
13 23
13 24
13 25
13 28
13 33
13 48
13 60
13 61
13 67
13 72
13 73
13 75
13 79
13 80
13 84
13 87
13 88
13 90
13 101
13 102
13 108
13 112
14 16
14 24
14 28
14 36
14 37
14 45
14 51
14 61
14 67
14 76
14 83
14 84
14 86
14 87
14 102
14 116
14 123
14 125
15 20
15 31
15 34
15 37
15 50
15 59
15 62
15 65
15 67
15 73
15 82
15 84
15 90
15 92
15 98
15 100
15 106
15 108
15 120
16 26
16 28
16 38
16 39
16 50
16 51
16 54
16 56
16 58
16 60
16 65
16 91
16 98
16 101
16 107
16 111
16 112
16 113
16 119
16 121
16 125
16 126
17 20
17 23
17 26
17 32
17 36
17 40
17 62
17 69
17 84
17 86
17 94
17 96
17 98
17 110
17 114
17 116
17 119
17 126
17 128
18 20
18 28
18 38
18 55
18 72
18 80
18 92
18 93
18 95
18 111
18 121
18 128
19 23
19 25
19 39
19 57
19 61
19 64
19 66
19 72
19 73
19 76
19 100
19 102
19 108
19 114
19 115
19 117
19 119
19 120
19 127
19 128
20 22
20 24
20 25
20 29
20 32
20 36
20 39
20 42
20 43
20 46
20 53
20 54
20 55
20 69
20 73
20 74
20 79
20 111
20 113
20 128
21 22
21 32
21 46
21 49
21 53
21 54
21 61
21 63
21 65
21 70
21 73
21 82
21 100
21 104
21 120
21 128
22 25
22 30
22 44
22 48
22 49
22 59
22 62
22 63
22 72
22 75
22 76
22 83
22 89
22 98
22 100
22 108
22 128
23 24
23 27
23 30
23 32
23 33
23 41
23 52
23 65
23 72
23 76
23 78
23 89
23 95
23 96
23 98
23 103
23 106
23 107
23 128
24 26
24 28
24 34
24 36
24 38
24 45
24 49
24 52
24 66
24 71
24 75
24 90
24 96
24 104
24 106
24 107
24 108
24 111
24 114
24 115
24 119
24 120
24 128
25 37
25 39
25 53
25 54
25 60
25 61
25 64
25 73
25 83
25 86
25 91
25 95
25 118
25 123
25 126
26 32
26 34
26 56
26 64
26 71
26 80
26 81
26 84
26 87
26 89
26 90
26 104
26 105
26 108
26 114
27 38
27 40
27 42
27 50
27 51
27 52
27 63
27 64
27 65
27 71
27 73
27 79
27 89
27 95
27 102
27 106
27 125
28 29
28 32
28 40
28 43
28 51
28 63
28 64
28 72
28 96
28 98
28 99
28 100
28 101
28 102
28 105
28 108
28 113
28 119
28 124
28 128
29 33
29 34
29 43
29 53
29 54
29 59
29 76
29 83
29 85
29 94
29 108
29 122
30 35
30 36
30 50
30 52
30 57
30 60
30 63
30 65
30 71
30 74
30 83
30 85
30 90
30 99
30 104
30 112
30 126
31 41
31 50
31 52
31 63
31 65
31 67
31 69
31 70
31 79
31 80
31 82
31 91
31 102
31 103
31 104
31 105
31 107
31 112
32 36
32 40
32 42
32 44
32 53
32 55
32 68
32 69
32 70
32 74
32 76
32 85
32 114
33 34
33 36
33 55
33 71
33 84
33 88
33 92
33 93
33 94
33 95
33 96
33 100
33 103
33 106
33 109
33 124
33 125
34 40
34 52
34 63
34 64
34 72
34 76
34 77
34 79
34 82
34 83
34 87
34 94
34 97
34 110
34 111
34 115
34 117
34 118
34 120
34 122
34 123
35 45
35 50
35 56
35 59
35 71
35 75
35 81
35 85
35 88
35 96
35 101
35 105
35 108
35 116
35 124
35 127
36 41
36 42
36 46
36 47
36 48
36 58
36 59
36 66
36 70
36 74
36 79
36 82
36 93
36 95
36 97
36 99
36 112
36 119
36 122
37 46
37 52
37 53
37 59
37 61
37 67
37 69
37 71
37 83
37 103
37 110
37 118
37 126
38 41
38 53
38 54
38 56
38 57
38 68
38 83
38 87
38 91
38 94
38 95
38 96
38 97
38 103
38 108
38 115
38 124
39 41
39 44
39 45
39 53
39 60
39 65
39 77
39 83
39 90
39 92
39 93
39 94
39 101
39 108
39 113
39 115
39 122
39 126
40 44
40 58
40 72
40 73
40 75
40 78
40 85
40 86
40 89
40 92
40 99
40 105
40 112
40 118
41 45
41 53
41 56
41 61
41 75
41 79
41 88
41 93
41 114
41 124
42 44
42 51
42 61
42 67
42 72
42 75
42 81
42 82
42 85
42 93
42 94
42 96
42 98
42 99
42 103
43 46
43 52
43 68
43 73
43 78
43 88
43 95
43 97
43 98
43 99
43 102
43 103
43 121
43 127
44 46
44 47
44 49
44 50
44 62
44 72
44 89
44 95
44 101
44 102
44 105
44 126
44 127
45 47
45 49
45 51
45 62
45 69
45 90
45 93
45 107
45 108
45 114
45 123
46 51
46 60
46 67
46 72
46 77
46 82
46 101
46 103
46 112
46 126
47 62
47 88
47 90
47 94
47 95
47 98
47 99
47 107
47 109
47 111
47 112
47 119
47 120
47 124
47 125
48 51
48 58
48 62
48 67
48 69
48 74
48 75
48 76
48 77
48 79
48 85
48 99
48 108
48 109
48 117
48 127
49 54
49 64
49 66
49 69
49 75
49 76
49 78
49 81
49 83
49 94
49 96
49 108
49 110
49 114
49 116
49 120
49 122
49 123
50 51
50 52
50 60
50 67
50 72
50 75
50 78
50 83
50 89
50 100
50 116
50 117
50 118
50 120
50 121
51 52
51 60
51 72
51 76
51 80
51 89
51 91
51 93
51 102
51 105
51 110
51 113
51 121
52 55
52 62
52 64
52 69
52 71
52 74
52 80
52 86
52 90
52 107
52 108
52 118
53 76
53 81
53 85
53 87
53 95
53 96
53 101
53 108
53 112
53 116
53 128
54 60
54 66
54 67
54 68
54 72
54 73
54 76
54 78
54 88
54 108
54 111
54 115
54 117
55 56
55 78
55 94
55 100
55 103
55 111
55 112
55 114
55 119
55 126
55 128
56 61
56 68
56 71
56 73
56 76
56 86
56 89
56 90
56 92
56 95
56 102
56 107
56 116
56 117
57 58
57 65
57 67
57 69
57 95
57 96
57 98
57 103
57 110
57 117
57 118
57 120
57 123
58 59
58 60
58 68
58 76
58 77
58 90
58 95
58 96
58 115
58 116
58 120
59 60
59 67
59 68
59 71
59 80
59 84
59 102
59 104
59 119
59 120
59 126
60 61
60 71
60 84
60 85
60 96
60 107
60 114
60 116
60 123
60 124
60 126
61 64
61 72
61 73
61 85
61 89
61 93
61 96
61 106
61 109
61 115
61 118
61 124
61 128
62 64
62 76
62 82
62 83
62 85
62 91
62 93
62 100
62 104
62 106
62 109
62 111
62 117
62 121
62 124
62 127
63 70
63 77
63 81
63 83
63 89
63 102
63 109
63 111
63 119
63 127
64 82
64 88
64 89
64 92
64 106
64 112
64 118
64 125
65 66
65 68
65 69
65 70
65 74
65 75
65 78
65 86
65 91
65 92
65 101
65 104
65 105
65 107
65 117
65 118
65 126
66 71
66 82
66 93
66 98
66 105
66 109
66 110
66 115
67 68
67 77
67 81
67 86
67 96
67 98
67 103
67 108
67 110
67 123
67 126
67 128
68 76
68 82
68 115
68 120
69 70
69 81
69 83
69 89
69 95
69 100
69 122
70 73
70 75
70 86
70 89
70 98
70 102
70 118
70 123
70 125
71 74
71 77
71 96
71 97
71 99
71 103
71 106
71 111
71 114
71 122
71 127
72 75
72 83
72 84
72 85
72 87
72 98
72 102
72 105
72 109
72 119
72 122
72 123
72 124
73 75
73 77
73 81
73 85
73 86
73 105
73 112
73 113
74 81
74 96
74 98
74 101
74 113
74 116
74 122
74 123
75 102
75 107
75 110
75 112
75 115
75 121
75 125
76 80
76 87
76 89
76 102
76 105
76 106
76 112
76 114
76 116
76 124
76 127
77 78
77 79
77 89
77 97
77 102
77 103
77 108
77 112
77 122
77 123
78 82
78 96
78 114
78 126
78 128
79 88
79 98
79 106
79 109
80 82
80 83
80 92
80 100
80 104
80 105
80 112
80 120
80 123
81 83
81 98
81 124
81 126
82 87
82 88
82 94
82 97
82 103
82 111
82 112
82 113
82 118
82 127
83 90
83 109
83 114
83 123
83 127
84 85
84 86
84 91
84 96
84 100
84 108
85 90
85 92
85 97
85 105
85 106
85 109
85 116
85 117
85 128
86 97
86 102
86 104
86 111
86 112
86 115
86 120
86 123
87 95
87 100
87 105
87 107
87 108
87 109
87 116
87 118
87 128
88 104
88 105
88 108
88 114
88 127
89 97
89 106
89 109
89 112
89 113
89 116
89 120
89 121
89 127
90 94
90 95
90 97
90 100
90 115
90 120
91 92
91 100
91 103
91 117
92 93
92 96
92 99
92 102
92 105
92 111
92 112
92 113
92 118
92 120
92 122
92 123
93 96
93 97
93 101
93 102
93 104
93 108
93 109
93 114
93 116
93 118
93 122
93 124
93 127
94 110
94 111
94 112
94 122
94 124
94 126
95 99
95 106
95 108
95 114
95 115
95 116
95 120
95 127
96 99
96 106
96 110
96 112
96 124
96 127
97 100
97 102
97 103
97 112
97 113
97 122
98 108
98 111
98 113
98 115
98 123
99 105
99 107
99 110
99 119
99 127
99 128
100 107
100 116
100 117
100 125
101 105
101 107
101 119
101 123
102 103
102 104
102 117
102 119
102 121
102 124
103 107
103 119
103 124
104 107
104 111
104 113
104 120
104 123
105 109
105 110
105 115
105 126
106 112
106 116
106 118
106 125
106 128
108 111
108 114
108 117
108 118
108 128
109 125
110 112
111 113
111 123
112 118
113 121
113 127
114 120
114 122
115 121
115 125
116 121
117 118
117 119
117 120
118 124
118 125
119 123
119 124
119 127
121 127
122 123
124 127
126 128
