Using bound 9048
Instance with 1272 vertices and 714048 edges
No edges = 94308
Tried aggregator 1 time.
Presolve has eliminated 1554726 rows and 0 columns...
MIP Presolve eliminated 1554726 rows and 0 columns.
MIP Presolve modified 64530 coefficients.
Reduced MIP has 63260 rows, 2544 columns, and 1201425 nonzeros.
Reduced MIP has 2544 binaries, 0 generals, 0 SOSs, and 0 indicators.
Presolve time = 215.38 sec. (41817.15 ticks)
Probing time = 0.14 sec. (7.00 ticks)
Tried aggregator 1 time.
Reduced MIP has 63260 rows, 2544 columns, and 1201425 nonzeros.
Reduced MIP has 2544 binaries, 0 generals, 0 SOSs, and 0 indicators.
Presolve time = 4.01 sec. (1619.45 ticks)
Probing time = 0.03 sec. (6.92 ticks)
Clique table members: 63258.
MIP emphasis: balance optimality and feasibility.
MIP search method: dynamic search.
Parallel mode: deterministic, using up to 8 threads.
Root relaxation solution time = 47.25 sec. (10254.31 ticks)

        Nodes                                         Cuts/
   Node  Left     Objective  IInf  Best Integer    Best Bound    ItCnt     Gap

      0     0     9499.2099  1100                   9499.2099       23
*     0+    0                         9048.0000     9499.2099             4.99%
      0     0     9119.9592  1075     9048.0000    Cuts: 1196     7054    0.80%
      0     0        cutoff           9048.0000                   8184     ---
Elapsed time = 582.73 sec. (169502.15 ticks, tree = 0.01 MB, solutions = 1)

Clique cuts applied:  748

Root node processing (before b&c):
  Real time             =  582.74 sec. (169505.82 ticks)
Parallel b&c, 8 threads:
  Real time             =    0.00 sec. (0.00 ticks)
  Sync time (average)   =    0.00 sec.
  Wait time (average)   =    0.00 sec.
                          ------------
Total (root+branch&cut) =  582.74 sec. (169505.82 ticks)
MaximumVertices: 9048
x: 77 94 99 102 104 108 114 115 116 118 119 121 125 126 129 132 134 135 137 138 140 142 143 144 145 147 148 149 150 151 152 153 154 155 156 158 159 160 161 162 164 165 168 169 170 172 174 177 178 179 184 186 188 189 192 193 194 195 196 197 269 271 274 279 296 300 303 304 305 313 314 316 317 318 319 322 324 325 327 330 331 333 334 335 336 337 339 340 344 345 346 347 348 349 350 352 353 354 355 356 357 358 359 362 365 367 368 370 375 377 379 380 381 383 384 390 392 397 475 491 499 500 505 507 508 512 517 520 521 523 524 525 527 528 529 530 535 538 539 540 542 544 545 546 547 548 549 553 554 555 556 557 559 560 561 562 564 565 566 567 568 569 570 574 576 578 581 582 587 588 595 598 661 671 679 682 688 690 704 706 709 710 711 716 719 721 722 724 726 727 730 732 742 746 748 749 750 751 752 753 758 759 761 764 765 766 767 769 770 771 772 773 774 775 776 777 778 779 780 783 784 785 786 787 788 789 790 791 792 794 795 798 864 897 900 902 903 904 906 908 910 913 914 916 920 926 927 928 929 931 932 934 935 936 937 938 939 940 941 942 943 944 947 948 949 951 952 953 954 955 956 957 959 960 961 962 964 965 970 972 974 975 977 980 981 986 987 989 992 993 995 996 997 998 999 1000 1070 1080 1097 1108 1111 1113 1117 1118 1119 1120 1121 1122 1125 1129 1131 1132 1133 1134 1135 1137 1138 1140 1142 1143 1144 1145 1146 1148 1149 1153 1154 1156 1157 1158 1160 1163 1164 1168 1171 1172 1173 1175 1177 1178 1179 1180 1181 1182 1183 1184 1185 1186 1187 1188 1189 1190 1191 1192 1193 1194 1195 1196 1197 1198 1199 1200 1243 1255 1262
y: 102 108 125 131 134 137 144 150 151 153 154 157 159 161 162 166 171 173 176 183 184 185 187 189 190 191 192 200 274 279 282 285 286 288 299 300 305 308 311 317 318 319 322 339 340 342 347 349 351 354 357 361 370 372 373 374 380 382 384 386 387 388 389 392 393 394 399 408 424 428 496 505 508 509 515 520 522 524 525 527 528 529 530 535 536 538 539 541 546 547 550 551 552 554 555 556 557 571 574 575 576 577 578 579 580 581 582 583 584 585 586 587 588 589 590 591 592 593 594 595 596 597 598 599 600 665 679 682 689 706 707 716 719 720 721 722 727 731 733 734 735 738 740 744 748 750 753 754 757 758 759 760 761 763 765 768 769 770 772 774 775 781 790 791 793 846 861 880 882 883 886 890 902 909 911 913 919 926 928 929 931 935 936 941 942 946 955 956 957 958 960 967 969 970 973 975 982 984 986 987 994 1086 1097 1113 1115 1120 1130 1131 1135 1136 1137 1143 1148 1151 1157 1159 1163 1166 1167 1168 1170 1174 1176 1182 1185 1186 1193 1195 1198 1199 1239 1243 1250 1254 1265 1266 1269