Using bound 8856
Instance with 1272 vertices and 714067 edges
No edges = 94289
Tried aggregator 1 time.
Presolve has eliminated 1555626 rows and 0 columns...
MIP Presolve eliminated 1555626 rows and 0 columns.
MIP Presolve modified 63630 coefficients.
Reduced MIP has 62360 rows, 2544 columns, and 1198817 nonzeros.
Reduced MIP has 2544 binaries, 0 generals, 0 SOSs, and 0 indicators.
Presolve time = 127.99 sec. (41781.01 ticks)
Probing time = 0.14 sec. (6.94 ticks)
Tried aggregator 1 time.
Reduced MIP has 62360 rows, 2544 columns, and 1198817 nonzeros.
Reduced MIP has 2544 binaries, 0 generals, 0 SOSs, and 0 indicators.
Presolve time = 4.35 sec. (1616.72 ticks)
Probing time = 0.06 sec. (6.95 ticks)
Clique table members: 62358.
MIP emphasis: balance optimality and feasibility.
MIP search method: dynamic search.
Parallel mode: deterministic, using up to 8 threads.
Root relaxation solution time = 46.57 sec. (9997.66 ticks)

        Nodes                                         Cuts/
   Node  Left     Objective  IInf  Best Integer    Best Bound    ItCnt     Gap

      0     0     9521.6896  1110                   9521.6896       21
      0     0     9135.2299  1132                  Cuts: 1210     7906
      0     0     8943.6295  1098                   Cuts: 959    14491
      0     0     8876.6888  1090                Cliques: 731    18762
*     0     0      integral     0     8856.0000  Cliques: 496    19874    0.00%
      0     0        cutoff           8856.0000     8856.0000    19874    0.00%
Elapsed time = 682.81 sec. (227413.62 ticks, tree = 0.01 MB, solutions = 1)

Clique cuts applied:  919

Root node processing (before b&c):
  Real time             =  682.81 sec. (227417.59 ticks)
Parallel b&c, 8 threads:
  Real time             =    0.00 sec. (0.00 ticks)
  Sync time (average)   =    0.00 sec.
  Wait time (average)   =    0.00 sec.
                          ------------
Total (root+branch&cut) =  682.81 sec. (227417.59 ticks)
MaximumVertices: 8856
x: 44 62 80 87 93 95 96 102 107 109 115 120 121 122 124 127 128 132 134 143 144 146 147 150 154 155 156 157 158 160 161 165 169 170 171 172 173 174 175 176 177 178 179 180 181 182 183 184 185 186 188 189 190 191 192 193 199 220 259 261 269 290 292 296 300 301 304 305 306 311 315 316 317 323 324 325 328 329 333 334 335 336 337 339 340 341 343 345 346 348 349 354 357 359 361 362 363 364 365 368 371 372 373 375 376 377 383 385 387 388 390 392 394 395 396 397 400 452 479 485 491 493 495 497 498 500 502 503 506 530 531 534 535 538 539 544 546 553 554 558 560 561 562 564 565 566 567 570 571 572 574 575 576 578 579 581 583 588 592 595 597 599 653 661 665 669 672 679 681 683 684 685 686 687 688 692 694 697 699 700 701 711 716 717 720 721 725 726 729 730 732 734 736 737 738 739 740 742 743 745 746 750 754 755 756 759 760 761 762 763 765 767 768 769 770 771 772 773 774 775 776 777 778 779 780 781 782 783 784 785 786 787 788 789 790 791 792 793 794 795 796 799 800 810 874 881 884 894 900 904 909 910 911 912 915 916 918 919 923 924 932 933 935 937 938 939 940 943 944 945 948 950 951 952 953 954 955 957 958 959 960 961 962 963 964 965 967 968 969 971 974 976 977 978 979 981 982 984 985 986 989 990 991 994 996 998 1033 1037 1047 1049 1053 1054 1055 1056 1067 1069 1076 1078 1079 1082 1098 1105 1107 1109 1110 1114 1119 1123 1126 1129 1130 1131 1132 1133 1134 1140 1141 1142 1143 1144 1145 1146 1147 1152 1156 1157 1158 1159 1160 1163 1164 1166 1167 1168 1169 1172 1174 1175 1176 1177 1178 1179 1180 1181 1182 1183 1184 1185 1186 1187 1188 1189 1190 1191 1192 1193 1194 1195 1196 1197 1198 1199 1200 1251 1256 1258 1268 1269 1271
y: 25 56 85 101 102 103 108 109 113 118 123 124 125 128 129 130 132 133 134 135 137 140 141 143 145 149 150 156 157 158 159 162 164 166 167 169 170 171 172 173 174 175 176 177 178 179 180 181 182 183 184 185 186 187 188 189 190 191 199 223 233 242 260 262 269 276 296 297 298 299 300 301 302 304 305 306 307 308 310 311 313 314 315 316 317 318 321 322 325 326 327 328 329 331 332 334 335 337 338 340 342 343 346 347 348 351 352 353 354 355 357 359 361 362 363 365 366 369 370 371 372 374 375 376 377 379 380 381 383 384 387 390 392 395 399 439 452 476 481 482 484 485 487 490 491 494 498 504 506 510 513 519 531 537 538 541 543 548 553 554 555 556 558 559 561 563 565 566 567 568 569 570 571 572 573 574 575 576 577 583 585 586 587 588 590 592 595 596 597 642 644 650 653 659 663 668 669 673 678 679 680 681 682 685 686 687 688 690 692 693 698 700 705 722 723 726 728 730 731 732 733 734 738 739 740 741 742 743 744 745 746 750 751 755 758 759 768 769 770 771 772 773 774 775 776 777 778 779 780 781 782 783 784 785 786 787 788 789 790 791 792 793 794 795 796 797 798 800 869 883 903 904 907 912 918 921 926 930 932 934 936 937 938 939 940 941 942 943 944 945 946 948 949 951 952 953 954 955 956 957 958 960 961 964 965 967 969 971 973 978 979 980 982 983 985 987 990 992 993 994 997 999 1040 1042 1047 1049 1050 1053 1054 1056 1058 1065 1067 1072 1075 1078 1105 1107 1108 1111 1112 1115 1116 1118 1120 1121 1125 1129 1130 1132 1134 1135 1136 1138 1139 1140 1141 1142 1144 1145 1146 1148 1149 1154 1157 1159 1160 1162 1164 1166 1167 1168 1169 1170 1171 1172 1173 1174 1175 1177 1178 1179 1180 1181 1182 1183 1184 1185 1186 1187 1188 1189 1190 1191 1192 1193 1194 1195 1196 1197 1198 1199 1200 1253 1257 1258 1260 1265 1266 1268 1271