Using bound 9048
Instance with 1272 vertices and 714130 edges
No edges = 94226
Tried aggregator 1 time.
Presolve has eliminated 1555409 rows and 0 columns...
MIP Presolve eliminated 1555409 rows and 0 columns.
MIP Presolve modified 63847 coefficients.
Reduced MIP has 62577 rows, 2544 columns, and 1188912 nonzeros.
Reduced MIP has 2544 binaries, 0 generals, 0 SOSs, and 0 indicators.
Presolve time = 127.03 sec. (42345.53 ticks)
Probing time = 0.14 sec. (6.96 ticks)
Tried aggregator 1 time.
Reduced MIP has 62577 rows, 2544 columns, and 1188912 nonzeros.
Reduced MIP has 2544 binaries, 0 generals, 0 SOSs, and 0 indicators.
Presolve time = 3.59 sec. (1602.80 ticks)
Probing time = 0.06 sec. (6.98 ticks)
Clique table members: 62575.
MIP emphasis: balance optimality and feasibility.
MIP search method: dynamic search.
Parallel mode: deterministic, using up to 8 threads.
Root relaxation solution time = 45.11 sec. (9757.01 ticks)

        Nodes                                         Cuts/
   Node  Left     Objective  IInf  Best Integer    Best Bound    ItCnt     Gap

      0     0     9587.1510  1024                   9587.1510       22
*     0+    0                         9048.0000     9587.1510             5.96%
      0     0     9186.5572  1060     9048.0000    Cuts: 1158     6532    1.53%
      0     0        cutoff           9048.0000                   8470     ---
Elapsed time = 443.77 sec. (160099.46 ticks, tree = 0.01 MB, solutions = 1)

Clique cuts applied:  732

Root node processing (before b&c):
  Real time             =  443.78 sec. (160103.09 ticks)
Parallel b&c, 8 threads:
  Real time             =    0.00 sec. (0.00 ticks)
  Sync time (average)   =    0.00 sec.
  Wait time (average)   =    0.00 sec.
                          ------------
Total (root+branch&cut) =  443.78 sec. (160103.09 ticks)
MaximumVertices: 9048
x: 87 94 96 100 108 109 112 117 118 121 123 125 128 133 134 135 136 138 139 140 141 142 143 145 149 150 152 153 156 157 159 161 162 163 164 165 169 170 173 174 175 176 177 180 181 182 184 185 187 188 190 191 192 193 197 258 279 288 289 294 301 309 330 332 333 336 338 339 340 341 352 353 356 357 359 364 366 367 370 371 373 377 378 381 383 385 387 390 392 394 395 397 400 493 497 498 503 505 509 525 529 533 535 539 541 542 543 545 549 551 553 554 556 560 561 562 563 564 566 567 569 570 573 574 575 576 579 580 582 584 585 586 590 593 594 599 600 667 668 669 671 681 687 688 689 690 696 705 707 712 714 716 717 718 719 720 721 722 730 731 733 736 737 738 739 740 741 743 744 746 747 749 750 751 752 753 756 757 759 761 766 770 775 780 783 785 786 789 792 793 794 795 796 797 798 799 800 845 854 879 891 897 898 900 902 903 908 909 910 913 916 917 918 919 920 922 924 925 930 931 933 935 936 937 938 939 940 941 942 943 944 946 947 948 950 953 955 956 957 958 959 961 965 967 968 969 974 977 986 987 989 990 991 992 993 995 998 999 1000 1050 1063 1075 1089 1090 1093 1096 1099 1103 1110 1112 1113 1118 1127 1130 1132 1133 1134 1135 1136 1137 1138 1139 1140 1141 1144 1147 1149 1150 1151 1152 1154 1157 1158 1159 1160 1165 1167 1169 1170 1171 1172 1173 1176 1177 1178 1179 1180 1181 1182 1183 1184 1185 1186 1187 1188 1189 1190 1191 1192 1193 1194 1195 1196 1197 1198 1199 1200 1264 1266 1267
y: 86 112 117 118 121 128 131 132 133 138 139 141 144 155 160 161 163 165 167 178 185 187 194 196 197 198 200 209 309 330 331 333 338 346 349 353 355 357 358 359 360 361 363 364 365 367 385 386 387 390 391 392 393 395 400 431 432 438 456 461 464 468 469 473 502 531 533 534 535 536 540 543 551 552 557 563 566 567 577 578 579 580 581 582 583 584 585 586 587 588 589 590 591 592 593 594 595 596 597 598 599 600 633 641 653 654 665 667 668 669 681 688 698 700 701 703 704 708 713 715 725 733 739 740 743 744 745 746 747 748 755 760 765 766 768 770 773 777 778 780 781 785 786 787 788 789 790 792 794 826 845 891 903 910 913 916 917 918 920 924 930 931 939 942 946 949 951 955 961 962 965 968 969 973 975 976 979 987 990 994 998 999 1075 1090 1099 1104 1111 1113 1120 1122 1132 1154 1156 1159 1161 1163 1166 1168 1173 1175 1176 1181 1184 1191 1199 1249 1256 1257 1261 1264 1270 1272