128 154
1
2
3
4
5
6
7
8
9
10
11
12
13
14
15
16
17
18
19
20
21
22
23
24
25
26
27
28
29
30
31
32
33
34
35
36
37
38
39
40
41
42
43
44
45
46
47
48
49
50
51
52
53
54
55
56
57
58
59
60
61
62
63
64
65
66
67
68
69
70
71
72
73
74
75
76
77
78
79
80
81
82
83
84
85
86
87
88
89
90
91
92
93
94
95
96
97
98
99
100
101
102
103
104
105
106
107
108
109
110
111
112
113
114
115
116
117
118
119
120
121
122
123
124
125
126
127
128
1 27 
1 50 
1 84 
2 31 
2 37 
2 126 
3 85 
4 35 
4 127 
5 78 
5 122 
6 17 
6 43 
7 69 
7 76 
7 86 
7 125 
8 15 
8 47 
9 45 
9 54 
9 97 
13 51 
13 101 
13 104 
14 19 
14 23 
14 24 
15 20 
15 55 
16 48 
16 99 
18 35 
18 111 
19 47 
19 64 
20 38 
20 81 
20 103 
21 87 
22 42 
22 51 
22 70 
22 78 
22 82 
22 90 
22 101 
23 26 
24 93 
25 58 
27 70 
27 74 
27 93 
28 32 
28 40 
29 59 
29 72 
29 124 
29 127 
30 102 
31 66 
32 107 
33 62 
33 85 
33 120 
34 70 
35 121 
36 75 
37 79 
37 121 
38 98 
39 54 
39 84 
39 112 
40 55 
41 97 
42 109 
43 45 
43 99 
44 78 
45 84 
45 89 
45 96 
46 54 
47 87 
48 108 
48 113 
48 119 
48 125 
49 70 
50 69 
50 102 
51 53 
51 67 
51 99 
52 82 
53 90 
53 104 
54 75 
55 59 
55 77 
55 104 
55 121 
56 66 
57 115 
58 97 
59 74 
59 111 
61 69 
61 82 
62 70 
63 82 
63 94 
64 97 
65 109 
67 104 
68 111 
68 127 
69 108 
71 92 
71 106 
71 124 
75 111 
76 85 
77 123 
78 84 
78 116 
81 90 
81 96 
81 105 
82 86 
85 86 
86 94 
87 120 
89 114 
89 127 
91 119 
92 107 
92 109 
93 101 
97 104 
100 119 
100 128 
101 123 
103 127 
104 111 
105 126 
106 116 
107 108 
109 118 
109 124 
109 125 
110 117 
115 120 
