128 2944
1 2
1 4
1 7
1 8
1 19
1 23
1 26
1 27
1 31
1 32
1 33
1 35
1 36
1 37
1 42
1 44
1 46
1 49
1 50
1 52
1 59
1 60
1 62
1 65
1 69
1 71
1 72
1 75
1 76
1 80
1 81
1 83
1 85
1 87
1 88
1 89
1 106
1 109
1 110
1 111
1 115
1 116
1 117
1 119
1 120
1 122
1 128
2 5
2 6
2 7
2 8
2 10
2 20
2 27
2 31
2 32
2 36
2 48
2 50
2 52
2 58
2 60
2 64
2 67
2 70
2 72
2 73
2 74
2 82
2 87
2 89
2 91
2 95
2 98
2 101
2 102
2 106
2 107
2 112
2 113
2 115
2 123
2 124
2 126
3 5
3 6
3 8
3 20
3 21
3 25
3 28
3 31
3 37
3 46
3 47
3 55
3 57
3 60
3 65
3 67
3 68
3 69
3 74
3 75
3 78
3 79
3 82
3 85
3 87
3 89
3 90
3 91
3 94
3 95
3 98
3 99
3 102
3 103
3 106
3 108
3 112
3 114
3 124
3 125
4 14
4 15
4 16
4 19
4 29
4 30
4 35
4 41
4 43
4 46
4 47
4 48
4 56
4 57
4 62
4 63
4 66
4 69
4 71
4 77
4 78
4 79
4 81
4 83
4 85
4 96
4 99
4 103
4 105
4 111
4 113
4 119
4 120
4 124
4 128
5 6
5 13
5 18
5 21
5 23
5 24
5 26
5 27
5 32
5 36
5 38
5 41
5 43
5 47
5 50
5 51
5 55
5 56
5 61
5 64
5 67
5 68
5 69
5 75
5 77
5 79
5 80
5 82
5 84
5 85
5 89
5 91
5 92
5 95
5 97
5 99
5 100
5 101
5 104
5 107
5 110
5 114
5 116
5 120
5 128
6 10
6 11
6 12
6 26
6 27
6 28
6 31
6 35
6 36
6 40
6 43
6 46
6 47
6 48
6 49
6 50
6 56
6 61
6 62
6 64
6 65
6 68
6 71
6 73
6 75
6 76
6 77
6 79
6 81
6 89
6 90
6 92
6 97
6 101
6 103
6 106
6 108
6 114
6 116
6 118
6 120
6 122
7 8
7 12
7 19
7 20
7 21
7 24
7 25
7 26
7 27
7 28
7 31
7 33
7 39
7 43
7 51
7 53
7 54
7 59
7 64
7 70
7 72
7 76
7 81
7 83
7 88
7 90
7 92
7 93
7 97
7 99
7 102
7 106
7 107
7 110
7 111
7 112
7 114
7 121
7 124
7 125
7 126
7 127
8 13
8 14
8 17
8 21
8 22
8 23
8 25
8 26
8 35
8 36
8 40
8 43
8 44
8 45
8 47
8 48
8 51
8 55
8 61
8 63
8 64
8 70
8 72
8 73
8 78
8 79
8 81
8 82
8 84
8 85
8 97
8 99
8 102
8 103
8 104
8 108
8 109
8 111
8 115
8 116
8 117
8 118
8 121
8 125
9 11
9 15
9 19
9 24
9 26
9 27
9 31
9 34
9 38
9 39
9 41
9 46
9 47
9 50
9 52
9 53
9 56
9 68
9 74
9 79
9 80
9 81
9 83
9 88
9 89
9 90
9 94
9 100
9 108
9 120
9 123
9 127
10 12
10 14
10 19
10 21
10 24
10 25
10 26
10 27
10 29
10 30
10 36
10 37
10 42
10 46
10 48
10 53
10 57
10 58
10 62
10 72
10 74
10 75
10 76
10 79
10 89
10 91
10 92
10 94
10 99
10 105
10 106
10 109
10 112
10 120
10 123
10 124
10 126
11 20
11 23
11 24
11 25
11 29
11 32
11 34
11 35
11 37
11 38
11 41
11 45
11 49
11 50
11 51
11 53
11 61
11 62
11 63
11 64
11 65
11 67
11 68
11 70
11 72
11 78
11 86
11 89
11 90
11 92
11 93
11 98
11 104
11 109
11 112
11 115
11 116
11 119
11 125
11 126
11 128
12 13
12 15
12 22
12 23
12 27
12 35
12 36
12 41
12 42
12 43
12 45
12 47
12 49
12 55
12 57
12 62
12 65
12 67
12 68
12 72
12 74
12 75
12 79
12 82
12 83
12 84
12 85
12 87
12 88
12 89
12 94
12 100
12 101
12 106
12 108
12 110
12 111
12 112
12 114
12 119
12 120
12 127
13 16
13 17
13 22
13 23
13 24
13 25
13 26
13 27
13 28
13 37
13 41
13 43
13 46
13 47
13 49
13 51
13 52
13 54
13 55
13 56
13 57
13 58
13 60
13 64
13 65
13 66
13 67
13 73
13 75
13 79
13 80
13 81
13 82
13 88
13 90
13 92
13 94
13 104
13 106
13 109
13 110
13 114
13 115
13 124
13 128
14 16
14 19
14 20
14 21
14 24
14 25
14 26
14 27
14 29
14 32
14 36
14 37
14 38
14 43
14 47
14 48
14 49
14 51
14 53
14 58
14 60
14 63
14 64
14 67
14 71
14 72
14 75
14 76
14 77
14 84
14 90
14 93
14 99
14 100
14 102
14 104
14 106
14 111
14 115
14 116
14 126
15 16
15 19
15 23
15 25
15 26
15 31
15 33
15 36
15 41
15 50
15 55
15 56
15 65
15 68
15 69
15 71
15 73
15 77
15 78
15 79
15 80
15 81
15 84
15 87
15 90
15 91
15 93
15 95
15 96
15 98
15 99
15 101
15 102
15 105
15 109
15 112
15 113
15 114
15 120
15 124
15 127
16 21
16 22
16 25
16 26
16 28
16 31
16 36
16 37
16 38
16 44
16 45
16 48
16 51
16 54
16 56
16 62
16 64
16 66
16 67
16 69
16 73
16 75
16 79
16 81
16 82
16 83
16 84
16 91
16 92
16 95
16 97
16 100
16 101
16 106
16 109
16 114
16 115
16 116
16 123
16 125
16 127
17 19
17 20
17 22
17 23
17 25
17 29
17 32
17 42
17 47
17 54
17 56
17 58
17 60
17 62
17 65
17 78
17 79
17 81
17 83
17 84
17 88
17 92
17 96
17 101
17 102
17 103
17 107
17 108
17 109
17 113
17 119
17 120
17 121
17 126
17 128
18 19
18 20
18 24
18 29
18 34
18 47
18 53
18 56
18 63
18 66
18 68
18 70
18 71
18 72
18 80
18 83
18 86
18 87
18 88
18 91
18 92
18 93
18 94
18 97
18 101
18 104
18 106
18 107
18 109
18 116
18 118
18 122
18 123
18 127
18 128
19 22
19 26
19 27
19 28
19 35
19 37
19 38
19 40
19 42
19 51
19 52
19 53
19 60
19 62
19 64
19 65
19 66
19 67
19 68
19 72
19 74
19 77
19 78
19 82
19 83
19 84
19 85
19 86
19 87
19 92
19 95
19 96
19 98
19 99
19 100
19 101
19 102
19 103
19 111
19 120
19 121
20 30
20 31
20 32
20 33
20 39
20 40
20 42
20 45
20 46
20 55
20 58
20 60
20 61
20 62
20 64
20 66
20 67
20 68
20 69
20 72
20 86
20 88
20 89
20 90
20 91
20 93
20 95
20 102
20 106
20 109
20 115
20 121
20 124
20 125
21 22
21 23
21 24
21 32
21 33
21 35
21 37
21 39
21 41
21 44
21 46
21 50
21 51
21 53
21 56
21 58
21 60
21 61
21 62
21 64
21 68
21 72
21 75
21 76
21 77
21 79
21 81
21 84
21 85
21 86
21 88
21 89
21 91
21 92
21 100
21 101
21 103
21 104
21 106
21 107
21 108
21 115
21 120
21 121
21 123
21 126
21 127
22 25
22 27
22 32
22 33
22 37
22 42
22 45
22 47
22 49
22 51
22 53
22 55
22 57
22 59
22 60
22 62
22 66
22 67
22 69
22 70
22 75
22 79
22 80
22 83
22 85
22 87
22 88
22 90
22 91
22 92
22 96
22 99
22 104
22 110
22 115
22 118
22 119
22 120
22 125
22 128
23 24
23 26
23 31
23 32
23 34
23 35
23 37
23 39
23 41
23 42
23 48
23 49
23 50
23 52
23 53
23 59
23 62
23 65
23 72
23 75
23 76
23 77
23 79
23 81
23 82
23 83
23 86
23 87
23 88
23 89
23 90
23 92
23 97
23 98
23 101
23 104
23 106
23 107
23 109
23 117
23 119
23 123
23 125
23 126
23 128
24 25
24 27
24 28
24 33
24 34
24 38
24 39
24 40
24 48
24 49
24 51
24 52
24 55
24 58
24 62
24 65
24 70
24 71
24 72
24 74
24 76
24 78
24 80
24 89
24 93
24 94
24 96
24 97
24 98
24 101
24 102
24 103
24 105
24 106
24 111
24 112
24 116
24 118
24 122
24 123
24 124
24 125
24 126
24 127
25 26
25 28
25 31
25 32
25 35
25 38
25 41
25 44
25 45
25 46
25 47
25 50
25 52
25 54
25 61
25 62
25 76
25 77
25 78
25 79
25 81
25 83
25 88
25 89
25 94
25 105
25 106
25 109
25 110
25 113
25 115
25 118
25 119
25 120
25 121
25 122
25 126
26 32
26 36
26 37
26 38
26 39
26 41
26 43
26 45
26 47
26 49
26 53
26 62
26 63
26 64
26 65
26 70
26 71
26 73
26 79
26 80
26 81
26 90
26 93
26 94
26 102
26 105
26 109
26 116
26 118
26 119
26 120
26 122
26 123
26 127
27 37
27 38
27 41
27 44
27 45
27 46
27 47
27 49
27 53
27 55
27 56
27 58
27 59
27 65
27 70
27 74
27 89
27 90
27 91
27 93
27 95
27 96
27 99
27 103
27 105
27 106
27 108
27 110
27 111
27 112
27 113
27 114
27 115
27 116
27 117
27 118
27 120
27 121
27 123
27 124
27 125
27 126
28 29
28 31
28 32
28 35
28 40
28 42
28 50
28 51
28 52
28 56
28 58
28 61
28 62
28 64
28 65
28 66
28 69
28 70
28 75
28 81
28 86
28 91
28 92
28 94
28 96
28 100
28 106
28 116
28 123
29 31
29 32
29 33
29 39
29 43
29 45
29 47
29 50
29 52
29 53
29 54
29 55
29 56
29 57
29 58
29 60
29 61
29 66
29 67
29 71
29 73
29 75
29 78
29 80
29 82
29 85
29 91
29 92
29 94
29 95
29 98
29 100
29 101
29 102
29 104
29 113
29 114
29 115
29 116
29 118
29 120
29 121
29 124
29 126
29 127
30 32
30 33
30 44
30 46
30 51
30 54
30 55
30 58
30 63
30 64
30 65
30 68
30 70
30 72
30 75
30 80
30 81
30 87
30 89
30 90
30 94
30 98
30 100
30 102
30 103
30 108
30 110
30 114
30 115
30 116
30 117
30 118
30 119
30 120
30 123
30 124
30 127
31 36
31 38
31 39
31 44
31 45
31 49
31 51
31 52
31 56
31 57
31 58
31 62
31 66
31 67
31 68
31 69
31 73
31 76
31 77
31 80
31 84
31 85
31 88
31 90
31 91
31 94
31 97
31 98
31 101
31 107
31 108
31 110
31 116
31 120
31 122
31 127
31 128
32 35
32 42
32 44
32 45
32 46
32 49
32 54
32 57
32 65
32 69
32 73
32 77
32 82
32 83
32 84
32 85
32 87
32 94
32 95
32 99
32 100
32 101
32 102
32 104
32 108
32 110
32 114
32 116
32 119
32 122
32 127
32 128
33 43
33 44
33 50
33 51
33 53
33 56
33 63
33 64
33 66
33 70
33 73
33 76
33 78
33 82
33 94
33 95
33 97
33 99
33 107
33 108
33 111
33 113
33 118
33 119
33 125
33 127
34 35
34 42
34 43
34 47
34 48
34 55
34 62
34 66
34 68
34 69
34 75
34 76
34 78
34 80
34 81
34 84
34 85
34 90
34 91
34 92
34 94
34 95
34 100
34 103
34 108
34 111
34 112
34 113
34 125
35 36
35 37
35 39
35 40
35 41
35 44
35 47
35 52
35 55
35 58
35 59
35 63
35 64
35 65
35 67
35 69
35 70
35 72
35 73
35 75
35 76
35 81
35 83
35 84
35 87
35 88
35 90
35 91
35 92
35 93
35 96
35 97
35 106
35 109
35 112
35 113
35 115
35 116
35 117
35 119
35 120
35 121
35 128
36 37
36 40
36 42
36 45
36 46
36 48
36 49
36 50
36 56
36 57
36 58
36 59
36 60
36 61
36 66
36 79
36 80
36 82
36 84
36 90
36 97
36 98
36 100
36 101
36 102
36 103
36 105
36 107
36 110
36 111
36 112
36 113
36 114
36 117
36 118
36 122
36 123
36 124
36 125
36 126
37 40
37 42
37 43
37 44
37 48
37 49
37 50
37 51
37 53
37 55
37 59
37 63
37 70
37 74
37 76
37 84
37 85
37 88
37 92
37 98
37 102
37 108
37 109
37 110
37 111
37 112
37 113
37 116
37 117
37 122
37 123
37 124
37 126
38 41
38 42
38 45
38 47
38 49
38 50
38 52
38 55
38 56
38 61
38 64
38 67
38 68
38 78
38 80
38 86
38 88
38 89
38 90
38 94
38 95
38 99
38 101
38 102
38 105
38 110
38 111
38 112
38 114
38 117
38 118
38 119
38 120
38 122
38 125
38 126
39 42
39 43
39 54
39 57
39 62
39 65
39 66
39 67
39 71
39 72
39 75
39 77
39 80
39 81
39 82
39 84
39 85
39 92
39 95
39 97
39 102
39 105
39 113
39 117
39 118
39 119
39 121
39 125
40 44
40 46
40 47
40 48
40 55
40 58
40 60
40 62
40 63
40 68
40 74
40 80
40 82
40 84
40 88
40 90
40 93
40 94
40 95
40 97
40 98
40 100
40 101
40 105
40 106
40 109
40 110
40 111
40 116
40 119
40 120
40 121
40 128
41 43
41 48
41 49
41 50
41 53
41 54
41 61
41 63
41 65
41 67
41 68
41 71
41 72
41 74
41 75
41 78
41 80
41 82
41 84
41 85
41 87
41 94
41 99
41 100
41 101
41 102
41 105
41 107
41 114
41 115
41 116
41 122
41 128
42 43
42 44
42 49
42 57
42 58
42 62
42 64
42 66
42 67
42 69
42 70
42 72
42 74
42 76
42 77
42 79
42 80
42 82
42 84
42 87
42 90
42 92
42 93
42 95
42 97
42 103
42 104
42 105
42 107
42 112
42 114
42 121
42 122
43 46
43 49
43 52
43 57
43 59
43 60
43 63
43 64
43 66
43 68
43 73
43 82
43 85
43 86
43 87
43 90
43 92
43 99
43 102
43 105
43 107
43 109
43 110
43 111
43 114
43 115
43 120
43 122
43 127
44 49
44 54
44 58
44 59
44 60
44 63
44 64
44 66
44 69
44 73
44 75
44 79
44 82
44 87
44 89
44 90
44 91
44 92
44 93
44 96
44 97
44 98
44 99
44 107
44 109
44 111
44 113
44 114
44 119
44 124
44 126
45 51
45 53
45 55
45 56
45 57
45 60
45 61
45 64
45 66
45 68
45 69
45 70
45 71
45 72
45 74
45 77
45 80
45 81
45 86
45 88
45 89
45 90
45 91
45 94
45 98
45 99
45 103
45 104
45 105
45 110
45 113
45 115
45 118
45 127
46 49
46 55
46 60
46 69
46 71
46 73
46 76
46 77
46 79
46 80
46 82
46 87
46 90
46 91
46 92
46 97
46 100
46 102
46 103
46 104
46 107
46 108
46 109
46 111
46 115
46 125
47 49
47 51
47 53
47 55
47 61
47 62
47 65
47 67
47 71
47 79
47 80
47 81
47 92
47 94
47 96
47 99
47 101
47 104
47 109
47 113
47 114
47 116
47 119
47 120
47 121
47 124
47 125
47 127
47 128
48 52
48 55
48 56
48 60
48 62
48 66
48 71
48 74
48 77
48 79
48 83
48 88
48 89
48 90
48 96
48 97
48 98
48 101
48 104
48 105
48 107
48 108
48 110
48 118
48 119
48 121
48 124
48 125
48 126
49 50
49 51
49 56
49 62
49 64
49 65
49 66
49 67
49 71
49 74
49 76
49 82
49 87
49 89
49 95
49 97
49 101
49 103
49 105
49 115
49 121
49 125
49 126
49 127
50 51
50 54
50 57
50 62
50 63
50 64
50 67
50 69
50 72
50 73
50 76
50 77
50 79
50 81
50 84
50 85
50 91
50 93
50 95
50 104
50 105
50 111
50 112
50 116
50 117
50 119
50 121
50 124
50 125
51 58
51 59
51 63
51 64
51 67
51 70
51 71
51 74
51 75
51 76
51 77
51 78
51 79
51 81
51 82
51 84
51 88
51 90
51 92
51 94
51 95
51 97
51 98
51 102
51 104
51 105
51 107
51 108
51 109
51 112
51 114
51 116
51 119
51 120
51 121
51 123
51 128
52 57
52 60
52 62
52 64
52 69
52 70
52 71
52 76
52 80
52 83
52 84
52 85
52 92
52 94
52 95
52 104
52 111
52 112
52 114
52 120
52 121
52 122
52 123
52 125
52 126
52 128
53 56
53 58
53 59
53 61
53 66
53 67
53 68
53 73
53 85
53 94
53 101
53 103
53 107
53 108
53 110
53 111
53 112
53 113
53 115
53 117
53 118
53 120
53 121
53 122
53 125
53 127
54 55
54 56
54 59
54 62
54 64
54 66
54 68
54 70
54 77
54 78
54 80
54 81
54 84
54 86
54 87
54 89
54 90
54 92
54 94
54 95
54 101
54 106
54 107
54 110
54 113
54 114
54 116
54 118
54 120
54 123
54 126
54 127
54 128
55 63
55 64
55 67
55 72
55 73
55 77
55 81
55 82
55 83
55 88
55 89
55 95
55 99
55 105
55 106
55 108
55 109
55 110
55 111
55 113
55 114
55 120
55 126
55 128
56 61
56 63
56 64
56 66
56 68
56 69
56 71
56 75
56 77
56 83
56 84
56 85
56 92
56 93
56 97
56 99
56 102
56 108
56 109
56 110
56 114
56 118
56 119
56 121
56 122
56 124
56 126
56 127
56 128
57 58
57 62
57 65
57 69
57 76
57 77
57 82
57 84
57 89
57 93
57 94
57 96
57 97
57 103
57 107
57 108
57 110
57 113
57 114
57 117
57 118
57 120
57 121
57 124
58 60
58 62
58 64
58 65
58 69
58 79
58 80
58 82
58 86
58 92
58 93
58 94
58 96
58 101
58 103
58 107
58 110
58 114
58 116
58 117
58 119
58 123
58 124
58 125
58 126
58 128
59 61
59 63
59 64
59 68
59 76
59 78
59 79
59 80
59 84
59 90
59 91
59 95
59 100
59 101
59 104
59 105
59 112
59 113
59 121
59 124
60 69
60 71
60 74
60 75
60 77
60 83
60 86
60 91
60 92
60 99
60 100
60 104
60 105
60 107
60 110
60 111
60 117
60 118
60 119
60 121
60 122
60 123
60 127
61 63
61 66
61 68
61 69
61 74
61 82
61 83
61 85
61 86
61 87
61 88
61 91
61 94
61 95
61 97
61 99
61 101
61 105
61 106
61 111
61 112
61 121
61 122
61 123
62 66
62 68
62 72
62 78
62 80
62 84
62 86
62 87
62 88
62 91
62 93
62 96
62 97
62 101
62 102
62 103
62 107
62 109
62 111
62 114
62 116
62 117
62 118
62 122
62 123
63 67
63 75
63 77
63 79
63 80
63 81
63 83
63 84
63 87
63 92
63 93
63 95
63 96
63 100
63 103
63 104
63 105
63 112
63 113
63 119
63 120
63 124
63 126
63 127
63 128
64 65
64 66
64 70
64 72
64 82
64 83
64 85
64 88
64 94
64 95
64 96
64 98
64 100
64 101
64 105
64 106
64 111
64 113
64 114
64 116
64 117
64 118
64 119
64 123
64 128
65 75
65 76
65 77
65 79
65 83
65 84
65 88
65 93
65 94
65 99
65 102
65 104
65 106
65 107
65 108
65 110
65 112
65 123
65 125
65 128
66 67
66 68
66 69
66 71
66 72
66 73
66 76
66 77
66 78
66 79
66 80
66 87
66 89
66 90
66 93
66 95
66 98
66 99
66 103
66 107
66 110
66 114
66 116
66 119
66 121
66 123
66 124
66 125
66 128
67 70
67 73
67 74
67 76
67 77
67 78
67 83
67 86
67 90
67 91
67 93
67 95
67 98
67 99
67 101
67 102
67 105
67 106
67 110
67 112
67 113
67 115
67 116
67 121
67 122
67 125
67 126
67 127
67 128
68 72
68 75
68 76
68 77
68 79
68 85
68 89
68 91
68 93
68 95
68 100
68 102
68 105
68 106
68 109
68 110
68 111
68 119
68 122
68 126
69 71
69 75
69 77
69 78
69 87
69 93
69 97
69 98
69 104
69 118
69 119
69 120
69 121
69 123
69 124
69 125
69 126
69 128
70 73
70 74
70 75
70 76
70 82
70 84
70 85
70 90
70 92
70 93
70 96
70 97
70 103
70 105
70 106
70 108
70 109
70 110
70 111
70 113
70 114
70 116
71 74
71 75
71 77
71 78
71 81
71 84
71 85
71 89
71 94
71 102
71 105
71 112
71 113
71 116
71 118
71 127
72 83
72 86
72 87
72 88
72 94
72 96
72 102
72 103
72 110
72 113
72 114
72 117
72 121
72 122
72 125
72 127
72 128
73 76
73 77
73 79
73 81
73 82
73 83
73 85
73 87
73 90
73 91
73 94
73 95
73 97
73 101
73 102
73 104
73 108
73 109
73 111
73 112
73 113
73 114
73 116
73 118
73 119
73 121
73 128
74 80
74 81
74 84
74 85
74 88
74 91
74 92
74 94
74 95
74 96
74 98
74 101
74 103
74 106
74 113
74 117
74 123
74 127
74 128
75 81
75 82
75 83
75 84
75 85
75 90
75 91
75 93
75 96
75 99
75 101
75 102
75 106
75 108
75 111
75 112
75 116
75 118
75 121
75 122
75 123
75 125
75 126
75 127
76 82
76 84
76 88
76 89
76 90
76 91
76 93
76 94
76 97
76 98
76 99
76 105
76 106
76 109
76 112
76 116
76 117
76 119
76 120
76 123
76 125
76 127
76 128
77 84
77 85
77 87
77 92
77 94
77 96
77 97
77 98
77 100
77 101
77 102
77 109
77 110
77 114
77 116
77 123
77 125
77 126
77 128
78 86
78 92
78 93
78 102
78 106
78 107
78 112
78 117
78 119
78 120
78 121
78 124
78 125
78 126
79 80
79 84
79 86
79 89
79 90
79 91
79 94
79 96
79 97
79 100
79 104
79 110
79 112
79 118
79 120
79 128
80 90
80 91
80 93
80 97
80 101
80 103
80 104
80 109
80 111
80 114
80 116
80 117
80 119
80 121
80 126
81 83
81 89
81 90
81 91
81 93
81 94
81 98
81 99
81 100
81 101
81 109
81 111
81 112
81 115
81 117
81 118
81 120
81 122
81 123
81 125
81 126
81 128
82 85
82 86
82 88
82 89
82 90
82 91
82 99
82 101
82 102
82 104
82 105
82 114
82 117
82 118
82 122
82 126
82 128
83 85
83 86
83 88
83 91
83 96
83 98
83 99
83 100
83 102
83 103
83 106
83 112
83 120
83 124
83 125
83 128
84 86
84 92
84 95
84 96
84 100
84 102
84 103
84 104
84 105
84 106
84 109
84 112
84 117
84 121
84 123
85 88
85 90
85 99
85 100
85 101
85 104
85 111
85 113
85 114
85 117
85 119
85 121
85 122
85 124
86 87
86 90
86 92
86 93
86 96
86 97
86 99
86 102
86 106
86 109
86 111
86 112
86 113
86 115
86 119
86 120
86 124
86 125
86 126
87 92
87 97
87 104
87 105
87 107
87 116
87 119
87 120
87 121
87 123
87 124
87 125
87 126
87 127
88 90
88 92
88 93
88 97
88 98
88 99
88 102
88 105
88 117
88 121
88 122
88 123
88 124
88 125
88 126
88 127
89 90
89 92
89 94
89 103
89 104
89 105
89 106
89 108
89 109
89 113
89 124
90 93
90 94
90 95
90 96
90 97
90 100
90 101
90 103
90 105
90 106
90 108
90 109
90 111
90 114
90 115
90 117
90 118
90 119
90 122
91 92
91 93
91 95
91 101
91 103
91 108
91 109
91 116
91 122
91 124
91 125
91 127
91 128
92 93
92 97
92 98
92 100
92 101
92 108
92 111
92 112
92 115
92 120
92 122
92 123
92 125
93 95
93 96
93 99
93 100
93 104
93 107
93 109
93 111
93 112
93 114
93 115
93 117
93 118
93 119
93 122
93 123
93 124
93 125
93 126
93 127
93 128
94 102
94 103
94 106
94 119
94 120
94 123
94 124
94 127
94 128
95 97
95 99
95 104
95 105
95 106
95 108
95 113
95 114
95 115
95 118
95 122
95 124
95 126
96 97
96 99
96 100
96 102
96 103
96 104
96 109
96 110
96 111
96 120
96 121
96 124
97 98
97 100
97 104
97 108
97 112
97 115
97 121
97 124
98 101
98 102
98 109
98 111
98 112
98 113
98 114
98 118
98 119
98 122
98 124
99 101
99 104
99 116
99 117
99 118
99 122
99 127
100 102
100 104
100 110
100 111
100 113
100 117
100 119
100 120
100 122
100 124
101 102
101 107
101 109
101 111
101 113
101 114
101 115
101 119
101 120
101 121
101 123
101 124
101 125
101 126
102 104
102 109
102 115
102 117
102 118
102 123
102 127
102 128
103 106
103 107
103 110
103 111
103 114
103 117
103 119
103 122
103 123
104 105
104 107
104 111
104 122
104 125
104 126
104 127
105 106
105 107
105 116
105 117
105 118
105 120
105 122
105 123
105 127
106 107
106 113
106 114
106 123
106 127
106 128
107 111
107 114
107 118
107 120
107 127
107 128
108 113
108 115
108 118
108 119
108 120
108 121
108 125
108 126
108 127
109 112
109 113
109 114
109 120
109 124
109 128
110 113
110 116
110 117
110 120
110 121
110 122
110 124
110 127
111 117
111 119
111 120
111 121
111 122
111 124
111 126
112 117
112 121
112 122
112 124
113 120
113 122
113 126
114 116
114 119
114 121
114 125
114 127
115 117
115 123
115 125
115 127
116 121
116 126
116 127
117 118
117 121
117 124
117 125
117 126
117 127
118 120
118 122
118 125
118 128
119 122
119 126
119 128
120 125
120 126
120 127
121 123
121 124
121 125
121 127
122 123
122 124
122 126
122 127
123 124
123 127
123 128
124 126
125 128
126 128
