128 3720
1
2
3
4
5
6
7
8
9
10
11
12
13
14
15
16
17
18
19
20
21
22
23
24
25
26
27
28
29
30
31
32
33
34
35
36
37
38
39
40
41
42
43
44
45
46
47
48
49
50
51
52
53
54
55
56
57
58
59
60
61
62
63
64
65
66
67
68
69
70
71
72
73
74
75
76
77
78
79
80
81
82
83
84
85
86
87
88
89
90
91
92
93
94
95
96
97
98
99
100
101
102
103
104
105
106
107
108
109
110
111
112
113
114
115
116
117
118
119
120
121
122
123
124
125
126
127
128
1 3 
1 4 
1 5 
1 6 
1 7 
1 8 
1 10 
1 11 
1 12 
1 13 
1 16 
1 17 
1 18 
1 19 
1 21 
1 24 
1 27 
1 28 
1 32 
1 33 
1 35 
1 36 
1 38 
1 40 
1 43 
1 47 
1 48 
1 49 
1 50 
1 51 
1 53 
1 54 
1 55 
1 57 
1 59 
1 60 
1 62 
1 63 
1 64 
1 65 
1 66 
1 68 
1 69 
1 73 
1 75 
1 76 
1 77 
1 80 
1 81 
1 83 
1 85 
1 89 
1 92 
1 94 
1 95 
1 99 
1 102 
1 105 
1 106 
1 108 
1 109 
1 110 
1 115 
1 117 
1 120 
1 124 
1 127 
1 128 
2 6 
2 8 
2 9 
2 10 
2 13 
2 17 
2 18 
2 21 
2 22 
2 23 
2 24 
2 27 
2 30 
2 32 
2 35 
2 37 
2 38 
2 42 
2 43 
2 44 
2 45 
2 46 
2 47 
2 48 
2 49 
2 52 
2 57 
2 58 
2 60 
2 61 
2 63 
2 65 
2 68 
2 71 
2 72 
2 76 
2 79 
2 80 
2 81 
2 82 
2 85 
2 86 
2 88 
2 89 
2 90 
2 91 
2 93 
2 96 
2 98 
2 100 
2 102 
2 104 
2 105 
2 109 
2 112 
2 117 
2 119 
2 120 
2 123 
2 124 
2 126 
3 9 
3 10 
3 12 
3 13 
3 16 
3 17 
3 19 
3 22 
3 24 
3 25 
3 26 
3 27 
3 28 
3 31 
3 35 
3 37 
3 39 
3 41 
3 42 
3 45 
3 48 
3 49 
3 51 
3 52 
3 53 
3 54 
3 56 
3 58 
3 60 
3 62 
3 64 
3 73 
3 81 
3 82 
3 84 
3 85 
3 88 
3 90 
3 93 
3 94 
3 95 
3 99 
3 100 
3 101 
3 106 
3 107 
3 109 
3 110 
3 116 
3 118 
3 120 
3 122 
3 123 
3 125 
3 127 
4 16 
4 18 
4 19 
4 20 
4 22 
4 29 
4 30 
4 33 
4 35 
4 38 
4 43 
4 48 
4 50 
4 51 
4 52 
4 53 
4 55 
4 58 
4 60 
4 61 
4 62 
4 63 
4 64 
4 65 
4 68 
4 71 
4 73 
4 76 
4 81 
4 82 
4 83 
4 85 
4 88 
4 92 
4 95 
4 96 
4 98 
4 99 
4 104 
4 107 
4 109 
4 114 
4 115 
4 118 
4 119 
4 120 
4 121 
4 122 
4 123 
4 124 
4 125 
4 127 
4 128 
5 6 
5 7 
5 8 
5 9 
5 11 
5 12 
5 14 
5 16 
5 18 
5 21 
5 24 
5 26 
5 28 
5 30 
5 34 
5 36 
5 38 
5 42 
5 44 
5 48 
5 55 
5 56 
5 57 
5 58 
5 59 
5 61 
5 65 
5 67 
5 69 
5 70 
5 72 
5 75 
5 76 
5 77 
5 79 
5 83 
5 87 
5 88 
5 91 
5 93 
5 94 
5 96 
5 97 
5 101 
5 102 
5 106 
5 112 
5 118 
5 119 
5 126 
6 7 
6 11 
6 12 
6 13 
6 15 
6 16 
6 17 
6 18 
6 21 
6 23 
6 25 
6 27 
6 29 
6 31 
6 32 
6 34 
6 35 
6 37 
6 39 
6 43 
6 45 
6 48 
6 49 
6 53 
6 54 
6 56 
6 58 
6 62 
6 64 
6 67 
6 69 
6 71 
6 75 
6 76 
6 78 
6 80 
6 81 
6 82 
6 84 
6 85 
6 87 
6 88 
6 89 
6 92 
6 98 
6 101 
6 103 
6 104 
6 105 
6 109 
6 112 
6 114 
6 116 
6 117 
6 118 
6 120 
6 122 
6 123 
6 124 
6 125 
6 126 
6 127 
6 128 
7 10 
7 12 
7 13 
7 15 
7 18 
7 20 
7 21 
7 22 
7 24 
7 25 
7 26 
7 27 
7 28 
7 31 
7 34 
7 38 
7 39 
7 40 
7 43 
7 46 
7 48 
7 50 
7 52 
7 53 
7 54 
7 55 
7 57 
7 60 
7 63 
7 64 
7 71 
7 74 
7 76 
7 77 
7 78 
7 79 
7 80 
7 83 
7 84 
7 89 
7 90 
7 91 
7 95 
7 98 
7 100 
7 101 
7 108 
7 109 
7 111 
7 116 
7 118 
7 119 
7 120 
7 122 
7 123 
7 124 
8 10 
8 11 
8 14 
8 16 
8 19 
8 20 
8 22 
8 23 
8 25 
8 26 
8 28 
8 30 
8 33 
8 34 
8 35 
8 40 
8 43 
8 45 
8 46 
8 47 
8 49 
8 50 
8 52 
8 53 
8 54 
8 58 
8 59 
8 61 
8 64 
8 67 
8 68 
8 71 
8 72 
8 73 
8 76 
8 78 
8 79 
8 81 
8 82 
8 99 
8 104 
8 106 
8 109 
8 110 
8 112 
8 113 
8 114 
8 116 
8 119 
8 122 
8 124 
8 128 
9 11 
9 12 
9 13 
9 14 
9 15 
9 18 
9 19 
9 21 
9 22 
9 23 
9 24 
9 26 
9 27 
9 28 
9 30 
9 32 
9 34 
9 35 
9 38 
9 42 
9 45 
9 46 
9 49 
9 52 
9 53 
9 57 
9 59 
9 62 
9 63 
9 64 
9 66 
9 67 
9 69 
9 79 
9 80 
9 81 
9 83 
9 85 
9 86 
9 87 
9 89 
9 91 
9 92 
9 93 
9 95 
9 98 
9 99 
9 101 
9 103 
9 104 
9 106 
9 107 
9 109 
9 110 
9 112 
9 113 
9 114 
9 116 
9 120 
9 122 
9 124 
9 127 
10 12 
10 13 
10 14 
10 15 
10 16 
10 18 
10 19 
10 22 
10 25 
10 26 
10 27 
10 32 
10 34 
10 36 
10 37 
10 41 
10 43 
10 45 
10 48 
10 49 
10 51 
10 53 
10 54 
10 55 
10 56 
10 57 
10 58 
10 60 
10 61 
10 64 
10 67 
10 68 
10 69 
10 70 
10 72 
10 74 
10 75 
10 76 
10 78 
10 79 
10 80 
10 83 
10 84 
10 88 
10 89 
10 94 
10 95 
10 96 
10 98 
10 100 
10 101 
10 107 
10 108 
10 112 
10 113 
10 114 
10 117 
10 120 
10 122 
10 124 
10 125 
10 127 
11 14 
11 17 
11 25 
11 26 
11 27 
11 28 
11 29 
11 30 
11 31 
11 32 
11 36 
11 38 
11 39 
11 40 
11 41 
11 42 
11 45 
11 47 
11 49 
11 50 
11 51 
11 52 
11 55 
11 58 
11 59 
11 61 
11 64 
11 67 
11 68 
11 71 
11 72 
11 74 
11 76 
11 77 
11 79 
11 80 
11 82 
11 85 
11 86 
11 89 
11 90 
11 94 
11 95 
11 97 
11 98 
11 99 
11 100 
11 102 
11 103 
11 105 
11 106 
11 107 
11 108 
11 110 
11 112 
11 113 
11 114 
11 116 
11 118 
11 119 
11 120 
11 121 
11 123 
11 126 
11 127 
12 13 
12 14 
12 16 
12 23 
12 25 
12 26 
12 27 
12 28 
12 32 
12 33 
12 34 
12 35 
12 37 
12 38 
12 39 
12 44 
12 47 
12 49 
12 50 
12 54 
12 57 
12 58 
12 60 
12 67 
12 68 
12 69 
12 70 
12 73 
12 77 
12 78 
12 79 
12 89 
12 92 
12 93 
12 95 
12 97 
12 100 
12 101 
12 102 
12 104 
12 107 
12 110 
12 112 
12 115 
12 116 
12 117 
12 122 
12 123 
12 125 
12 126 
13 14 
13 15 
13 18 
13 19 
13 22 
13 23 
13 28 
13 32 
13 38 
13 39 
13 40 
13 41 
13 43 
13 44 
13 46 
13 47 
13 50 
13 52 
13 54 
13 55 
13 58 
13 59 
13 65 
13 66 
13 71 
13 74 
13 78 
13 81 
13 83 
13 85 
13 86 
13 90 
13 92 
13 95 
13 98 
13 100 
13 102 
13 103 
13 104 
13 107 
13 110 
13 112 
13 119 
13 120 
13 122 
13 123 
13 125 
13 126 
13 128 
14 16 
14 17 
14 22 
14 23 
14 26 
14 27 
14 29 
14 32 
14 36 
14 37 
14 39 
14 41 
14 43 
14 44 
14 49 
14 53 
14 56 
14 63 
14 64 
14 66 
14 71 
14 72 
14 76 
14 78 
14 80 
14 81 
14 83 
14 84 
14 85 
14 86 
14 87 
14 89 
14 91 
14 93 
14 95 
14 96 
14 97 
14 98 
14 102 
14 111 
14 116 
14 117 
14 121 
14 122 
14 124 
14 125 
14 126 
14 127 
14 128 
15 18 
15 20 
15 23 
15 24 
15 27 
15 28 
15 29 
15 32 
15 34 
15 35 
15 46 
15 47 
15 52 
15 53 
15 54 
15 55 
15 61 
15 63 
15 70 
15 72 
15 73 
15 77 
15 81 
15 84 
15 85 
15 87 
15 90 
15 91 
15 95 
15 96 
15 97 
15 98 
15 101 
15 102 
15 103 
15 105 
15 107 
15 109 
15 110 
15 112 
15 113 
15 114 
15 117 
15 118 
15 122 
15 123 
15 125 
15 127 
15 128 
16 20 
16 23 
16 28 
16 29 
16 30 
16 31 
16 33 
16 36 
16 39 
16 41 
16 42 
16 45 
16 48 
16 52 
16 53 
16 54 
16 55 
16 56 
16 57 
16 58 
16 60 
16 61 
16 63 
16 64 
16 66 
16 67 
16 68 
16 69 
16 70 
16 71 
16 76 
16 77 
16 81 
16 90 
16 92 
16 94 
16 95 
16 96 
16 97 
16 100 
16 104 
16 105 
16 106 
16 107 
16 108 
16 109 
16 111 
16 113 
16 118 
16 119 
16 120 
16 122 
16 124 
16 126 
16 128 
17 19 
17 20 
17 21 
17 30 
17 32 
17 33 
17 34 
17 35 
17 38 
17 39 
17 40 
17 41 
17 42 
17 43 
17 44 
17 45 
17 46 
17 47 
17 48 
17 49 
17 58 
17 66 
17 67 
17 69 
17 71 
17 72 
17 73 
17 79 
17 81 
17 82 
17 84 
17 86 
17 87 
17 89 
17 92 
17 94 
17 96 
17 97 
17 98 
17 99 
17 100 
17 102 
17 103 
17 104 
17 106 
17 107 
17 108 
17 110 
17 113 
17 116 
17 117 
17 118 
17 119 
17 121 
17 123 
17 125 
17 126 
17 128 
18 19 
18 21 
18 23 
18 26 
18 29 
18 32 
18 34 
18 36 
18 39 
18 43 
18 44 
18 46 
18 47 
18 49 
18 50 
18 56 
18 57 
18 60 
18 61 
18 62 
18 63 
18 64 
18 65 
18 69 
18 70 
18 72 
18 77 
18 83 
18 85 
18 86 
18 87 
18 90 
18 95 
18 96 
18 97 
18 99 
18 101 
18 102 
18 103 
18 105 
18 106 
18 108 
18 109 
18 110 
18 111 
18 112 
18 116 
18 121 
18 123 
18 124 
18 125 
19 20 
19 22 
19 25 
19 26 
19 29 
19 31 
19 33 
19 36 
19 38 
19 40 
19 41 
19 42 
19 43 
19 46 
19 48 
19 50 
19 53 
19 55 
19 56 
19 57 
19 59 
19 60 
19 64 
19 72 
19 75 
19 76 
19 77 
19 78 
19 80 
19 91 
19 94 
19 105 
19 106 
19 109 
19 111 
19 113 
19 118 
19 120 
19 122 
19 124 
19 125 
19 126 
19 128 
20 21 
20 22 
20 23 
20 32 
20 33 
20 34 
20 37 
20 38 
20 39 
20 40 
20 43 
20 44 
20 45 
20 47 
20 49 
20 50 
20 55 
20 56 
20 57 
20 58 
20 60 
20 61 
20 64 
20 65 
20 66 
20 67 
20 68 
20 69 
20 73 
20 76 
20 77 
20 80 
20 81 
20 83 
20 86 
20 88 
20 91 
20 92 
20 95 
20 98 
20 100 
20 103 
20 104 
20 105 
20 106 
20 108 
20 111 
20 112 
20 113 
20 114 
20 117 
20 118 
20 119 
20 120 
20 121 
20 125 
21 23 
21 25 
21 27 
21 29 
21 30 
21 38 
21 40 
21 42 
21 44 
21 45 
21 47 
21 48 
21 50 
21 52 
21 53 
21 55 
21 56 
21 58 
21 59 
21 61 
21 62 
21 72 
21 74 
21 76 
21 83 
21 86 
21 88 
21 89 
21 93 
21 96 
21 97 
21 98 
21 99 
21 102 
21 103 
21 105 
21 107 
21 108 
21 110 
21 118 
21 119 
21 120 
21 123 
21 126 
21 127 
22 26 
22 28 
22 30 
22 33 
22 34 
22 39 
22 40 
22 41 
22 45 
22 46 
22 47 
22 48 
22 49 
22 54 
22 57 
22 61 
22 63 
22 67 
22 74 
22 76 
22 78 
22 79 
22 82 
22 83 
22 84 
22 87 
22 88 
22 90 
22 91 
22 92 
22 93 
22 95 
22 97 
22 100 
22 101 
22 103 
22 104 
22 106 
22 107 
22 111 
22 115 
22 117 
22 120 
22 122 
22 124 
22 125 
22 126 
22 128 
23 24 
23 25 
23 31 
23 32 
23 34 
23 38 
23 43 
23 45 
23 49 
23 50 
23 51 
23 52 
23 54 
23 55 
23 56 
23 57 
23 58 
23 59 
23 60 
23 61 
23 68 
23 69 
23 70 
23 72 
23 73 
23 74 
23 75 
23 78 
23 79 
23 80 
23 82 
23 84 
23 86 
23 88 
23 89 
23 90 
23 91 
23 92 
23 94 
23 95 
23 96 
23 98 
23 100 
23 101 
23 107 
23 110 
23 111 
23 115 
23 118 
23 119 
23 120 
23 121 
23 122 
23 124 
23 125 
24 25 
24 31 
24 32 
24 36 
24 37 
24 38 
24 39 
24 42 
24 43 
24 44 
24 45 
24 46 
24 48 
24 50 
24 51 
24 54 
24 56 
24 57 
24 63 
24 65 
24 66 
24 68 
24 69 
24 71 
24 72 
24 73 
24 75 
24 76 
24 78 
24 80 
24 81 
24 82 
24 83 
24 85 
24 89 
24 91 
24 93 
24 94 
24 95 
24 96 
24 97 
24 98 
24 102 
24 103 
24 105 
24 106 
24 108 
24 115 
24 116 
24 117 
24 119 
24 122 
24 124 
24 126 
24 128 
25 29 
25 30 
25 31 
25 32 
25 40 
25 41 
25 42 
25 43 
25 44 
25 46 
25 49 
25 50 
25 54 
25 57 
25 60 
25 61 
25 62 
25 63 
25 67 
25 69 
25 71 
25 74 
25 75 
25 76 
25 79 
25 80 
25 81 
25 82 
25 85 
25 86 
25 91 
25 92 
25 96 
25 98 
25 99 
25 102 
25 104 
25 105 
25 106 
25 109 
25 110 
25 111 
25 112 
25 113 
25 115 
25 117 
25 118 
25 122 
25 126 
25 127 
25 128 
26 29 
26 32 
26 33 
26 36 
26 44 
26 45 
26 49 
26 51 
26 52 
26 53 
26 55 
26 58 
26 60 
26 61 
26 62 
26 64 
26 66 
26 67 
26 70 
26 74 
26 76 
26 81 
26 82 
26 83 
26 87 
26 88 
26 90 
26 91 
26 92 
26 95 
26 96 
26 98 
26 103 
26 106 
26 108 
26 109 
26 111 
26 112 
26 114 
26 117 
26 119 
26 120 
26 122 
26 127 
27 28 
27 29 
27 30 
27 35 
27 36 
27 38 
27 39 
27 42 
27 43 
27 46 
27 49 
27 51 
27 55 
27 59 
27 60 
27 61 
27 62 
27 63 
27 64 
27 70 
27 72 
27 73 
27 75 
27 76 
27 77 
27 81 
27 86 
27 87 
27 89 
27 90 
27 91 
27 93 
27 95 
27 96 
27 98 
27 99 
27 100 
27 103 
27 104 
27 105 
27 106 
27 107 
27 108 
27 109 
27 115 
27 117 
27 119 
27 121 
27 122 
27 123 
27 124 
27 125 
27 126 
27 127 
28 29 
28 30 
28 32 
28 33 
28 38 
28 40 
28 42 
28 43 
28 44 
28 45 
28 46 
28 48 
28 53 
28 60 
28 61 
28 64 
28 66 
28 68 
28 71 
28 81 
28 82 
28 83 
28 88 
28 92 
28 94 
28 98 
28 99 
28 103 
28 105 
28 106 
28 108 
28 109 
28 113 
28 115 
28 117 
28 118 
28 126 
28 128 
29 32 
29 33 
29 34 
29 38 
29 39 
29 41 
29 42 
29 43 
29 45 
29 46 
29 49 
29 50 
29 51 
29 54 
29 55 
29 62 
29 63 
29 64 
29 65 
29 66 
29 72 
29 73 
29 76 
29 79 
29 80 
29 81 
29 82 
29 83 
29 90 
29 93 
29 95 
29 96 
29 97 
29 99 
29 105 
29 106 
29 107 
29 108 
29 109 
29 114 
29 115 
29 122 
29 123 
29 126 
29 128 
30 33 
30 34 
30 39 
30 40 
30 42 
30 44 
30 48 
30 50 
30 52 
30 54 
30 55 
30 56 
30 57 
30 59 
30 60 
30 63 
30 64 
30 65 
30 68 
30 69 
30 71 
30 74 
30 75 
30 77 
30 85 
30 87 
30 90 
30 91 
30 92 
30 93 
30 94 
30 98 
30 101 
30 103 
30 105 
30 106 
30 107 
30 109 
30 111 
30 113 
30 114 
30 115 
30 116 
30 117 
30 121 
30 124 
30 128 
31 32 
31 34 
31 35 
31 37 
31 39 
31 42 
31 44 
31 45 
31 46 
31 47 
31 49 
31 50 
31 52 
31 53 
31 54 
31 55 
31 57 
31 58 
31 59 
31 62 
31 64 
31 65 
31 67 
31 68 
31 69 
31 71 
31 76 
31 78 
31 82 
31 85 
31 86 
31 91 
31 94 
31 95 
31 98 
31 100 
31 104 
31 107 
31 108 
31 116 
31 117 
31 119 
31 120 
31 123 
32 40 
32 41 
32 42 
32 43 
32 46 
32 48 
32 49 
32 50 
32 52 
32 56 
32 57 
32 60 
32 68 
32 69 
32 70 
32 75 
32 76 
32 77 
32 78 
32 80 
32 86 
32 87 
32 90 
32 91 
32 93 
32 94 
32 95 
32 96 
32 99 
32 103 
32 104 
32 105 
32 109 
32 114 
32 116 
32 118 
32 119 
32 122 
32 126 
32 128 
33 36 
33 37 
33 38 
33 42 
33 44 
33 45 
33 47 
33 48 
33 49 
33 51 
33 54 
33 55 
33 57 
33 58 
33 59 
33 60 
33 63 
33 66 
33 67 
33 68 
33 75 
33 77 
33 87 
33 89 
33 90 
33 91 
33 95 
33 96 
33 98 
33 99 
33 101 
33 104 
33 106 
33 108 
33 111 
33 113 
33 115 
33 116 
33 117 
33 121 
33 122 
33 123 
33 124 
33 125 
34 35 
34 37 
34 40 
34 42 
34 45 
34 47 
34 50 
34 53 
34 55 
34 56 
34 57 
34 59 
34 60 
34 65 
34 66 
34 67 
34 68 
34 69 
34 70 
34 73 
34 74 
34 79 
34 81 
34 82 
34 84 
34 85 
34 86 
34 89 
34 91 
34 92 
34 96 
34 97 
34 101 
34 102 
34 104 
34 105 
34 106 
34 114 
34 116 
34 117 
34 121 
34 122 
34 123 
34 125 
35 36 
35 40 
35 41 
35 42 
35 44 
35 46 
35 50 
35 51 
35 52 
35 53 
35 57 
35 61 
35 62 
35 63 
35 70 
35 72 
35 73 
35 76 
35 80 
35 81 
35 83 
35 84 
35 89 
35 91 
35 92 
35 95 
35 97 
35 99 
35 104 
35 106 
35 109 
35 110 
35 115 
35 116 
35 117 
35 120 
35 123 
35 124 
35 128 
36 40 
36 41 
36 42 
36 43 
36 45 
36 50 
36 51 
36 56 
36 62 
36 64 
36 65 
36 69 
36 70 
36 73 
36 74 
36 75 
36 79 
36 80 
36 83 
36 85 
36 88 
36 90 
36 91 
36 96 
36 101 
36 102 
36 103 
36 104 
36 107 
36 108 
36 110 
36 111 
36 114 
36 120 
36 128 
37 38 
37 39 
37 40 
37 41 
37 48 
37 54 
37 56 
37 57 
37 63 
37 67 
37 69 
37 73 
37 74 
37 77 
37 78 
37 79 
37 80 
37 86 
37 90 
37 92 
37 97 
37 102 
37 103 
37 105 
37 106 
37 108 
37 110 
37 114 
37 115 
37 117 
37 118 
37 119 
37 123 
37 125 
37 126 
37 127 
37 128 
38 39 
38 40 
38 43 
38 45 
38 46 
38 48 
38 53 
38 54 
38 55 
38 56 
38 57 
38 60 
38 61 
38 63 
38 64 
38 71 
38 73 
38 74 
38 76 
38 77 
38 81 
38 83 
38 84 
38 85 
38 90 
38 91 
38 94 
38 96 
38 98 
38 99 
38 100 
38 102 
38 109 
38 111 
38 112 
38 113 
38 114 
38 119 
38 120 
38 126 
38 127 
39 40 
39 43 
39 44 
39 49 
39 50 
39 51 
39 52 
39 53 
39 58 
39 59 
39 66 
39 67 
39 70 
39 74 
39 75 
39 76 
39 78 
39 80 
39 82 
39 83 
39 86 
39 87 
39 88 
39 90 
39 92 
39 98 
39 99 
39 105 
39 109 
39 110 
39 114 
39 116 
39 117 
39 119 
39 121 
39 122 
39 123 
39 124 
39 125 
39 126 
40 41 
40 42 
40 46 
40 47 
40 48 
40 50 
40 56 
40 58 
40 60 
40 62 
40 63 
40 64 
40 65 
40 66 
40 68 
40 69 
40 70 
40 72 
40 73 
40 76 
40 77 
40 78 
40 81 
40 83 
40 86 
40 88 
40 91 
40 96 
40 98 
40 99 
40 100 
40 101 
40 102 
40 106 
40 110 
40 111 
40 113 
40 118 
40 121 
40 123 
40 125 
40 127 
41 44 
41 48 
41 53 
41 54 
41 57 
41 59 
41 61 
41 63 
41 67 
41 68 
41 70 
41 71 
41 73 
41 75 
41 76 
41 77 
41 79 
41 81 
41 82 
41 86 
41 87 
41 88 
41 90 
41 91 
41 93 
41 95 
41 97 
41 98 
41 99 
41 100 
41 102 
41 103 
41 104 
41 106 
41 111 
41 113 
41 114 
41 117 
41 119 
41 120 
41 122 
41 124 
41 125 
41 127 
41 128 
42 43 
42 46 
42 47 
42 49 
42 51 
42 53 
42 55 
42 58 
42 59 
42 60 
42 64 
42 69 
42 71 
42 72 
42 74 
42 75 
42 76 
42 77 
42 81 
42 82 
42 84 
42 85 
42 88 
42 94 
42 98 
42 100 
42 101 
42 105 
42 106 
42 109 
42 110 
42 111 
42 113 
42 114 
42 115 
42 116 
42 117 
42 120 
42 123 
42 124 
42 125 
42 128 
43 47 
43 48 
43 51 
43 52 
43 55 
43 58 
43 61 
43 63 
43 64 
43 65 
43 66 
43 69 
43 71 
43 72 
43 75 
43 76 
43 78 
43 79 
43 82 
43 83 
43 84 
43 85 
43 88 
43 90 
43 91 
43 92 
43 93 
43 94 
43 102 
43 103 
43 107 
43 108 
43 109 
43 110 
43 112 
43 116 
43 118 
43 121 
43 122 
43 124 
43 127 
44 47 
44 49 
44 53 
44 54 
44 58 
44 60 
44 70 
44 71 
44 75 
44 77 
44 78 
44 79 
44 82 
44 84 
44 85 
44 87 
44 89 
44 92 
44 98 
44 100 
44 103 
44 105 
44 112 
44 113 
44 117 
44 120 
44 121 
44 122 
44 126 
44 128 
45 46 
45 51 
45 55 
45 58 
45 60 
45 66 
45 69 
45 70 
45 73 
45 75 
45 80 
45 81 
45 86 
45 89 
45 91 
45 92 
45 95 
45 97 
45 98 
45 99 
45 103 
45 109 
45 110 
45 112 
45 113 
45 115 
45 118 
45 119 
45 120 
45 123 
45 126 
45 128 
46 48 
46 49 
46 50 
46 52 
46 53 
46 54 
46 55 
46 57 
46 61 
46 62 
46 63 
46 65 
46 69 
46 71 
46 72 
46 73 
46 76 
46 80 
46 83 
46 85 
46 87 
46 89 
46 93 
46 94 
46 95 
46 96 
46 98 
46 100 
46 102 
46 105 
46 111 
46 113 
46 114 
46 116 
46 117 
46 127 
47 48 
47 54 
47 56 
47 58 
47 59 
47 61 
47 62 
47 66 
47 69 
47 71 
47 72 
47 73 
47 75 
47 76 
47 77 
47 78 
47 84 
47 85 
47 86 
47 91 
47 92 
47 93 
47 96 
47 101 
47 102 
47 103 
47 105 
47 108 
47 109 
47 113 
47 116 
47 118 
47 121 
47 122 
47 123 
47 124 
47 126 
47 128 
48 49 
48 54 
48 55 
48 61 
48 68 
48 70 
48 71 
48 73 
48 75 
48 76 
48 80 
48 82 
48 83 
48 86 
48 89 
48 91 
48 92 
48 93 
48 96 
48 97 
48 98 
48 102 
48 107 
48 108 
48 109 
48 110 
48 111 
48 113 
48 114 
48 118 
48 119 
48 121 
48 124 
48 128 
49 52 
49 53 
49 54 
49 56 
49 58 
49 60 
49 65 
49 67 
49 69 
49 72 
49 75 
49 77 
49 78 
49 79 
49 82 
49 83 
49 88 
49 89 
49 91 
49 92 
49 95 
49 98 
49 99 
49 101 
49 103 
49 105 
49 106 
49 107 
49 108 
49 110 
49 111 
49 114 
49 115 
49 116 
49 117 
49 120 
50 54 
50 57 
50 58 
50 59 
50 60 
50 63 
50 64 
50 65 
50 66 
50 71 
50 72 
50 73 
50 74 
50 76 
50 82 
50 85 
50 86 
50 87 
50 95 
50 97 
50 99 
50 100 
50 101 
50 103 
50 112 
50 116 
50 118 
50 120 
50 121 
50 123 
50 124 
50 125 
50 128 
51 55 
51 56 
51 62 
51 63 
51 65 
51 66 
51 69 
51 70 
51 71 
51 72 
51 74 
51 76 
51 77 
51 79 
51 80 
51 82 
51 84 
51 88 
51 89 
51 90 
51 93 
51 95 
51 99 
51 100 
51 101 
51 104 
51 105 
51 107 
51 108 
51 113 
51 114 
51 115 
51 116 
51 117 
51 118 
51 119 
51 120 
51 121 
51 122 
51 124 
51 126 
51 128 
52 57 
52 60 
52 63 
52 66 
52 68 
52 70 
52 72 
52 74 
52 75 
52 79 
52 81 
52 82 
52 84 
52 85 
52 89 
52 90 
52 91 
52 93 
52 95 
52 99 
52 100 
52 101 
52 102 
52 104 
52 110 
52 111 
52 113 
52 114 
52 115 
52 116 
52 118 
52 121 
52 122 
52 124 
52 125 
52 126 
52 128 
53 54 
53 55 
53 56 
53 57 
53 59 
53 60 
53 62 
53 65 
53 68 
53 69 
53 71 
53 77 
53 78 
53 79 
53 80 
53 82 
53 83 
53 85 
53 90 
53 91 
53 93 
53 94 
53 95 
53 99 
53 102 
53 107 
53 112 
53 115 
53 119 
53 121 
53 122 
53 127 
54 56 
54 59 
54 61 
54 64 
54 67 
54 68 
54 69 
54 71 
54 73 
54 75 
54 76 
54 78 
54 80 
54 81 
54 83 
54 99 
54 101 
54 102 
54 106 
54 110 
54 111 
54 114 
54 117 
54 118 
54 121 
54 124 
54 128 
55 61 
55 63 
55 64 
55 65 
55 66 
55 68 
55 73 
55 74 
55 76 
55 80 
55 81 
55 84 
55 85 
55 86 
55 88 
55 89 
55 91 
55 94 
55 96 
55 97 
55 99 
55 103 
55 104 
55 106 
55 110 
55 116 
55 117 
55 118 
55 120 
55 128 
56 60 
56 62 
56 63 
56 65 
56 67 
56 68 
56 69 
56 72 
56 73 
56 75 
56 76 
56 79 
56 81 
56 82 
56 84 
56 89 
56 90 
56 92 
56 95 
56 97 
56 98 
56 100 
56 103 
56 105 
56 106 
56 107 
56 108 
56 109 
56 111 
56 112 
56 113 
56 115 
56 116 
56 118 
56 122 
56 123 
56 124 
56 126 
56 127 
57 58 
57 60 
57 68 
57 72 
57 73 
57 77 
57 78 
57 79 
57 80 
57 81 
57 85 
57 88 
57 92 
57 93 
57 94 
57 95 
57 97 
57 99 
57 101 
57 103 
57 105 
57 106 
57 109 
57 110 
57 111 
57 112 
57 115 
57 116 
57 122 
57 123 
57 126 
57 127 
57 128 
58 59 
58 65 
58 66 
58 68 
58 70 
58 73 
58 75 
58 78 
58 80 
58 81 
58 82 
58 83 
58 84 
58 86 
58 90 
58 91 
58 92 
58 93 
58 95 
58 98 
58 102 
58 104 
58 109 
58 111 
58 112 
58 118 
58 121 
58 122 
58 123 
58 125 
58 126 
59 63 
59 64 
59 69 
59 71 
59 73 
59 76 
59 77 
59 79 
59 82 
59 86 
59 87 
59 88 
59 89 
59 91 
59 94 
59 96 
59 98 
59 99 
59 101 
59 102 
59 103 
59 105 
59 107 
59 108 
59 109 
59 111 
59 112 
59 113 
59 116 
59 119 
59 122 
59 124 
59 125 
59 126 
59 127 
59 128 
60 62 
60 63 
60 66 
60 67 
60 68 
60 69 
60 70 
60 72 
60 73 
60 77 
60 79 
60 81 
60 82 
60 86 
60 90 
60 92 
60 93 
60 98 
60 99 
60 101 
60 102 
60 103 
60 105 
60 106 
60 107 
60 108 
60 109 
60 114 
60 115 
60 116 
60 117 
60 118 
60 121 
60 124 
60 127 
61 63 
61 64 
61 67 
61 72 
61 75 
61 77 
61 79 
61 81 
61 84 
61 85 
61 86 
61 87 
61 89 
61 94 
61 96 
61 98 
61 110 
61 115 
61 117 
61 119 
61 125 
61 128 
62 63 
62 66 
62 68 
62 70 
62 76 
62 77 
62 78 
62 79 
62 83 
62 85 
62 86 
62 93 
62 95 
62 98 
62 99 
62 104 
62 105 
62 106 
62 107 
62 110 
62 112 
62 115 
62 116 
62 119 
62 123 
62 126 
62 128 
63 65 
63 67 
63 72 
63 73 
63 74 
63 80 
63 82 
63 83 
63 86 
63 89 
63 90 
63 92 
63 93 
63 95 
63 96 
63 99 
63 101 
63 102 
63 103 
63 105 
63 106 
63 107 
63 117 
63 118 
63 119 
63 120 
63 123 
63 126 
63 127 
64 65 
64 67 
64 68 
64 69 
64 70 
64 73 
64 74 
64 76 
64 78 
64 80 
64 81 
64 82 
64 83 
64 85 
64 86 
64 88 
64 90 
64 91 
64 93 
64 95 
64 96 
64 99 
64 107 
64 108 
64 109 
64 110 
64 111 
64 113 
64 114 
64 116 
64 117 
64 119 
64 121 
65 66 
65 71 
65 72 
65 73 
65 75 
65 79 
65 80 
65 81 
65 82 
65 86 
65 88 
65 91 
65 92 
65 93 
65 96 
65 100 
65 101 
65 102 
65 103 
65 107 
65 110 
65 112 
65 118 
65 119 
65 122 
65 124 
65 127 
66 71 
66 75 
66 81 
66 88 
66 90 
66 94 
66 95 
66 98 
66 100 
66 106 
66 107 
66 110 
66 115 
66 116 
66 118 
66 119 
66 121 
66 122 
66 123 
66 124 
66 126 
67 68 
67 70 
67 71 
67 72 
67 74 
67 77 
67 79 
67 83 
67 84 
67 87 
67 89 
67 92 
67 93 
67 94 
67 95 
67 96 
67 97 
67 99 
67 100 
67 104 
67 108 
67 110 
67 115 
67 116 
67 118 
67 120 
67 121 
67 125 
67 126 
67 127 
68 69 
68 80 
68 82 
68 86 
68 87 
68 88 
68 90 
68 91 
68 97 
68 100 
68 102 
68 104 
68 105 
68 106 
68 110 
68 117 
68 118 
68 120 
68 122 
68 125 
68 126 
69 72 
69 74 
69 75 
69 77 
69 82 
69 83 
69 84 
69 85 
69 90 
69 91 
69 92 
69 93 
69 96 
69 97 
69 98 
69 104 
69 105 
69 106 
69 108 
69 113 
69 116 
69 117 
69 122 
69 126 
69 128 
70 71 
70 72 
70 75 
70 78 
70 79 
70 80 
70 81 
70 88 
70 89 
70 91 
70 92 
70 100 
70 101 
70 103 
70 105 
70 108 
70 109 
70 110 
70 111 
70 113 
70 115 
70 116 
70 120 
70 121 
70 123 
70 124 
70 128 
71 76 
71 77 
71 79 
71 85 
71 86 
71 89 
71 92 
71 94 
71 96 
71 98 
71 99 
71 100 
71 102 
71 104 
71 110 
71 111 
71 114 
71 120 
71 125 
72 74 
72 76 
72 77 
72 79 
72 81 
72 87 
72 91 
72 92 
72 96 
72 97 
72 98 
72 100 
72 101 
72 105 
72 107 
72 108 
72 109 
72 113 
72 115 
72 118 
72 120 
72 121 
72 123 
72 126 
73 76 
73 77 
73 78 
73 79 
73 81 
73 88 
73 90 
73 92 
73 94 
73 97 
73 98 
73 100 
73 102 
73 103 
73 105 
73 106 
73 108 
73 109 
73 110 
73 119 
73 122 
74 77 
74 86 
74 87 
74 90 
74 92 
74 93 
74 94 
74 95 
74 96 
74 98 
74 99 
74 102 
74 110 
74 117 
74 119 
74 121 
74 123 
74 124 
74 125 
74 127 
75 77 
75 80 
75 83 
75 85 
75 88 
75 89 
75 95 
75 97 
75 98 
75 99 
75 101 
75 102 
75 104 
75 109 
75 110 
75 111 
75 112 
75 117 
75 118 
75 119 
75 124 
75 126 
75 127 
75 128 
76 82 
76 83 
76 89 
76 94 
76 95 
76 96 
76 100 
76 101 
76 102 
76 103 
76 104 
76 105 
76 106 
76 107 
76 108 
76 109 
76 110 
76 112 
76 113 
76 114 
76 118 
76 120 
76 122 
76 123 
76 124 
76 125 
76 126 
76 127 
76 128 
77 80 
77 81 
77 86 
77 90 
77 91 
77 95 
77 96 
77 98 
77 99 
77 102 
77 104 
77 106 
77 107 
77 113 
77 116 
77 118 
77 121 
77 122 
77 123 
77 127 
78 83 
78 85 
78 86 
78 89 
78 95 
78 96 
78 100 
78 101 
78 107 
78 109 
78 110 
78 112 
78 114 
78 116 
78 120 
78 121 
78 122 
78 125 
78 126 
78 127 
79 81 
79 82 
79 84 
79 89 
79 93 
79 95 
79 96 
79 99 
79 101 
79 102 
79 104 
79 105 
79 107 
79 108 
79 109 
79 110 
79 112 
79 113 
79 114 
79 115 
79 116 
79 117 
79 118 
79 121 
79 123 
80 86 
80 87 
80 89 
80 90 
80 93 
80 96 
80 101 
80 107 
80 108 
80 110 
80 112 
80 113 
80 114 
80 116 
80 120 
80 124 
80 125 
80 128 
81 82 
81 84 
81 88 
81 92 
81 95 
81 96 
81 98 
81 101 
81 102 
81 103 
81 104 
81 107 
81 108 
81 110 
81 112 
81 113 
81 115 
81 116 
81 119 
81 120 
81 126 
82 84 
82 85 
82 87 
82 91 
82 92 
82 96 
82 97 
82 98 
82 99 
82 101 
82 102 
82 105 
82 107 
82 108 
82 109 
82 110 
82 112 
82 113 
82 116 
82 117 
82 120 
82 122 
82 124 
82 125 
82 128 
83 84 
83 90 
83 91 
83 93 
83 95 
83 96 
83 99 
83 103 
83 104 
83 107 
83 111 
83 112 
83 113 
83 115 
83 118 
83 119 
83 121 
83 122 
83 123 
83 124 
83 125 
83 126 
83 128 
84 86 
84 87 
84 88 
84 90 
84 92 
84 93 
84 94 
84 95 
84 96 
84 99 
84 100 
84 101 
84 103 
84 106 
84 108 
84 112 
84 113 
84 114 
84 118 
84 122 
84 124 
84 125 
84 127 
85 90 
85 93 
85 94 
85 96 
85 97 
85 98 
85 99 
85 101 
85 102 
85 105 
85 106 
85 107 
85 111 
85 114 
85 115 
85 118 
85 121 
85 124 
86 88 
86 90 
86 93 
86 94 
86 95 
86 96 
86 97 
86 98 
86 99 
86 102 
86 103 
86 105 
86 107 
86 108 
86 111 
86 112 
86 115 
86 118 
86 120 
86 122 
86 123 
86 126 
87 88 
87 89 
87 93 
87 94 
87 96 
87 97 
87 98 
87 102 
87 110 
87 114 
87 115 
87 116 
87 117 
87 121 
87 122 
87 125 
87 126 
87 127 
88 89 
88 93 
88 94 
88 95 
88 96 
88 97 
88 98 
88 102 
88 103 
88 104 
88 110 
88 111 
88 112 
88 114 
88 115 
88 116 
88 122 
88 124 
88 125 
88 126 
88 127 
88 128 
89 92 
89 93 
89 96 
89 99 
89 100 
89 102 
89 103 
89 109 
89 110 
89 111 
89 119 
89 122 
89 124 
89 125 
89 126 
89 127 
89 128 
90 95 
90 97 
90 99 
90 100 
90 105 
90 107 
90 108 
90 109 
90 110 
90 125 
90 126 
90 127 
91 92 
91 97 
91 107 
91 110 
91 112 
91 113 
91 115 
91 119 
91 123 
91 125 
91 127 
91 128 
92 95 
92 96 
92 103 
92 104 
92 105 
92 109 
92 111 
92 115 
92 116 
92 117 
92 118 
92 120 
92 124 
92 125 
92 126 
92 127 
93 94 
93 95 
93 103 
93 104 
93 109 
93 111 
93 112 
93 113 
93 115 
93 118 
93 119 
93 121 
93 122 
93 125 
93 127 
93 128 
94 95 
94 96 
94 97 
94 102 
94 104 
94 106 
94 107 
94 108 
94 111 
94 114 
94 118 
94 120 
94 122 
94 127 
95 96 
95 97 
95 99 
95 101 
95 102 
95 105 
95 106 
95 112 
95 114 
95 115 
95 116 
95 117 
95 119 
95 120 
95 121 
95 125 
95 126 
96 97 
96 101 
96 102 
96 104 
96 105 
96 108 
96 109 
96 111 
96 112 
96 113 
96 115 
96 116 
96 117 
96 119 
96 120 
96 122 
96 126 
96 127 
96 128 
97 98 
97 99 
97 102 
97 104 
97 106 
97 107 
97 108 
97 110 
97 111 
97 112 
97 115 
97 116 
97 118 
97 119 
97 120 
97 121 
97 122 
97 124 
97 126 
97 127 
98 99 
98 102 
98 103 
98 105 
98 106 
98 110 
98 112 
98 115 
98 121 
98 126 
98 127 
99 100 
99 101 
99 108 
99 111 
99 112 
99 114 
99 115 
99 118 
99 121 
99 125 
99 127 
99 128 
100 104 
100 107 
100 111 
100 113 
100 114 
100 116 
100 122 
100 123 
100 125 
100 127 
101 103 
101 104 
101 105 
101 106 
101 108 
101 109 
101 110 
101 111 
101 114 
101 119 
101 124 
101 125 
102 104 
102 105 
102 107 
102 108 
102 109 
102 110 
102 112 
102 114 
102 116 
102 117 
102 118 
102 121 
102 122 
102 123 
102 124 
102 125 
102 126 
102 127 
102 128 
103 104 
103 105 
103 106 
103 107 
103 108 
103 110 
103 111 
103 113 
103 115 
103 117 
103 119 
103 121 
103 123 
103 126 
104 106 
104 110 
104 112 
104 114 
104 115 
104 116 
104 118 
104 119 
104 124 
104 125 
104 126 
104 128 
105 108 
105 109 
105 110 
105 112 
105 116 
105 117 
105 118 
105 121 
105 122 
105 123 
105 127 
105 128 
106 108 
106 109 
106 110 
106 111 
106 112 
106 113 
106 116 
106 117 
107 108 
107 112 
107 113 
107 119 
107 122 
107 126 
107 127 
107 128 
108 110 
108 113 
108 115 
108 119 
108 120 
108 124 
108 125 
108 127 
108 128 
109 112 
109 114 
109 117 
109 120 
109 121 
109 123 
109 124 
109 125 
109 126 
109 127 
110 114 
110 115 
110 117 
110 118 
110 120 
110 123 
110 127 
111 112 
111 113 
111 114 
111 117 
111 119 
111 121 
111 125 
112 121 
112 122 
112 123 
112 124 
112 126 
112 127 
113 116 
113 118 
113 121 
113 122 
113 124 
113 125 
114 118 
114 119 
114 122 
114 123 
114 126 
114 128 
115 117 
115 118 
115 120 
115 121 
115 123 
115 126 
115 127 
116 118 
116 121 
116 125 
116 126 
116 128 
117 119 
117 120 
117 126 
117 128 
118 119 
118 120 
118 122 
118 126 
118 127 
119 120 
119 121 
119 122 
119 125 
119 126 
120 121 
120 123 
120 124 
120 125 
120 126 
120 127 
121 122 
121 123 
121 124 
121 127 
122 124 
122 125 
122 127 
122 128 
123 124 
123 125 
123 126 
123 128 
124 125 
124 127 
125 126 
125 127 
126 128 
127 128 
