128 3413
1 3
1 7
1 9
1 10
1 12
1 13
1 16
1 23
1 27
1 30
1 34
1 36
1 37
1 39
1 43
1 44
1 47
1 53
1 56
1 58
1 61
1 62
1 66
1 70
1 74
1 75
1 76
1 77
1 78
1 83
1 85
1 86
1 88
1 90
1 92
1 95
1 97
1 98
1 104
1 106
1 110
1 111
1 115
1 117
1 120
1 121
1 122
1 123
1 124
1 128
2 4
2 7
2 8
2 9
2 10
2 11
2 12
2 13
2 17
2 18
2 20
2 22
2 23
2 25
2 26
2 28
2 30
2 31
2 34
2 35
2 39
2 41
2 42
2 45
2 48
2 49
2 50
2 51
2 55
2 56
2 58
2 60
2 63
2 72
2 75
2 77
2 78
2 82
2 86
2 87
2 91
2 94
2 99
2 100
2 102
2 105
2 110
2 114
2 116
2 117
2 119
2 123
3 4
3 6
3 9
3 11
3 12
3 16
3 18
3 19
3 20
3 21
3 26
3 27
3 28
3 29
3 34
3 37
3 38
3 40
3 41
3 43
3 49
3 50
3 54
3 56
3 58
3 60
3 61
3 63
3 65
3 70
3 71
3 72
3 74
3 76
3 77
3 79
3 81
3 84
3 85
3 89
3 92
3 93
3 94
3 100
3 101
3 102
3 103
3 108
3 112
3 113
3 115
3 117
3 118
3 119
3 120
3 123
3 126
3 127
3 128
4 8
4 9
4 10
4 11
4 12
4 20
4 21
4 24
4 29
4 32
4 33
4 34
4 41
4 42
4 44
4 48
4 50
4 53
4 56
4 58
4 59
4 62
4 64
4 68
4 69
4 71
4 73
4 74
4 79
4 83
4 86
4 87
4 88
4 90
4 93
4 94
4 95
4 100
4 109
4 110
4 115
4 117
4 118
4 120
4 125
4 127
5 7
5 8
5 9
5 10
5 12
5 13
5 16
5 17
5 18
5 20
5 21
5 23
5 26
5 32
5 33
5 35
5 41
5 44
5 48
5 49
5 50
5 52
5 56
5 59
5 60
5 62
5 63
5 65
5 67
5 69
5 70
5 71
5 74
5 76
5 77
5 79
5 81
5 85
5 87
5 93
5 94
5 100
5 101
5 102
5 109
5 113
5 114
5 116
5 118
5 119
5 125
5 128
6 7
6 8
6 9
6 10
6 12
6 14
6 16
6 17
6 19
6 20
6 25
6 30
6 33
6 34
6 37
6 40
6 42
6 43
6 44
6 47
6 48
6 49
6 50
6 53
6 54
6 55
6 57
6 63
6 65
6 66
6 67
6 68
6 73
6 75
6 76
6 78
6 80
6 83
6 84
6 85
6 87
6 89
6 90
6 93
6 96
6 98
6 99
6 100
6 101
6 102
6 103
6 106
6 107
6 114
6 116
6 120
6 121
6 122
6 125
6 127
7 9
7 15
7 17
7 20
7 21
7 23
7 25
7 29
7 36
7 37
7 38
7 40
7 41
7 43
7 44
7 45
7 46
7 47
7 48
7 50
7 52
7 53
7 59
7 62
7 66
7 69
7 71
7 73
7 74
7 76
7 77
7 78
7 80
7 84
7 88
7 89
7 92
7 95
7 97
7 100
7 101
7 102
7 110
7 113
7 114
7 115
7 117
7 121
7 122
7 123
7 125
8 9
8 11
8 12
8 14
8 16
8 18
8 23
8 24
8 26
8 28
8 31
8 32
8 33
8 39
8 41
8 42
8 45
8 47
8 49
8 51
8 54
8 56
8 58
8 60
8 61
8 64
8 65
8 69
8 70
8 71
8 72
8 75
8 76
8 77
8 79
8 80
8 83
8 84
8 85
8 87
8 88
8 91
8 93
8 94
8 97
8 104
8 105
8 106
8 111
8 113
8 117
8 126
9 11
9 13
9 19
9 23
9 24
9 28
9 31
9 35
9 38
9 39
9 42
9 45
9 46
9 50
9 58
9 61
9 63
9 64
9 67
9 68
9 70
9 71
9 72
9 74
9 76
9 78
9 79
9 81
9 82
9 83
9 87
9 88
9 89
9 92
9 94
9 103
9 112
9 113
9 114
9 119
9 122
9 123
9 128
10 14
10 17
10 18
10 22
10 23
10 24
10 29
10 31
10 33
10 34
10 36
10 38
10 39
10 40
10 41
10 42
10 45
10 48
10 61
10 64
10 66
10 67
10 68
10 69
10 76
10 78
10 79
10 80
10 81
10 92
10 99
10 100
10 102
10 103
10 106
10 107
10 111
10 112
10 114
10 116
10 119
10 122
10 124
10 125
11 13
11 16
11 17
11 19
11 20
11 24
11 26
11 29
11 31
11 35
11 38
11 39
11 40
11 42
11 44
11 45
11 47
11 48
11 50
11 51
11 55
11 57
11 58
11 59
11 61
11 62
11 63
11 65
11 67
11 71
11 73
11 74
11 75
11 76
11 80
11 84
11 91
11 94
11 95
11 101
11 102
11 103
11 106
11 107
11 110
11 111
11 112
11 115
11 116
11 117
11 118
11 123
11 125
11 128
12 15
12 18
12 20
12 21
12 22
12 23
12 26
12 27
12 28
12 31
12 32
12 33
12 36
12 43
12 44
12 47
12 48
12 50
12 58
12 59
12 60
12 66
12 68
12 69
12 72
12 74
12 76
12 77
12 78
12 84
12 85
12 88
12 89
12 92
12 95
12 96
12 97
12 100
12 105
12 106
12 108
12 110
12 112
12 113
12 118
12 119
12 125
12 126
12 128
13 14
13 16
13 17
13 18
13 23
13 25
13 26
13 27
13 34
13 36
13 38
13 39
13 40
13 43
13 45
13 46
13 51
13 53
13 54
13 55
13 58
13 60
13 61
13 62
13 64
13 67
13 70
13 73
13 80
13 82
13 84
13 87
13 88
13 89
13 90
13 93
13 98
13 100
13 102
13 105
13 107
13 108
13 109
13 110
13 114
13 115
13 116
13 118
13 119
13 121
13 124
13 127
14 18
14 19
14 23
14 25
14 30
14 32
14 35
14 36
14 42
14 44
14 45
14 48
14 49
14 50
14 52
14 53
14 54
14 55
14 56
14 57
14 63
14 65
14 67
14 70
14 71
14 73
14 74
14 75
14 77
14 79
14 80
14 81
14 83
14 84
14 86
14 92
14 94
14 95
14 97
14 98
14 99
14 100
14 101
14 102
14 103
14 104
14 106
14 107
14 111
14 115
14 117
14 119
14 120
14 123
14 124
14 127
15 19
15 23
15 24
15 27
15 29
15 30
15 31
15 32
15 35
15 37
15 38
15 40
15 43
15 44
15 45
15 47
15 48
15 52
15 53
15 57
15 61
15 62
15 64
15 65
15 68
15 69
15 70
15 74
15 76
15 79
15 85
15 88
15 89
15 90
15 92
15 95
15 96
15 97
15 98
15 99
15 100
15 102
15 103
15 105
15 108
15 111
15 113
15 115
15 116
15 117
15 118
15 119
15 122
15 126
16 17
16 22
16 27
16 28
16 29
16 30
16 32
16 36
16 37
16 39
16 40
16 41
16 44
16 50
16 55
16 59
16 60
16 62
16 70
16 72
16 73
16 74
16 75
16 79
16 85
16 86
16 87
16 88
16 95
16 96
16 97
16 99
16 101
16 103
16 104
16 106
16 107
16 110
16 111
16 113
16 117
16 120
16 122
16 127
16 128
17 18
17 20
17 21
17 25
17 26
17 29
17 30
17 31
17 33
17 34
17 36
17 37
17 39
17 40
17 43
17 45
17 46
17 48
17 49
17 50
17 56
17 59
17 63
17 64
17 65
17 66
17 69
17 72
17 73
17 74
17 75
17 76
17 80
17 81
17 85
17 88
17 89
17 90
17 91
17 92
17 97
17 98
17 99
17 102
17 105
17 107
17 108
17 109
17 111
17 114
17 115
17 117
17 120
17 123
17 124
17 125
17 126
18 27
18 28
18 33
18 34
18 37
18 41
18 42
18 45
18 46
18 47
18 48
18 49
18 51
18 53
18 54
18 57
18 58
18 62
18 64
18 67
18 70
18 71
18 72
18 75
18 77
18 78
18 80
18 82
18 87
18 88
18 89
18 90
18 94
18 96
18 98
18 99
18 101
18 102
18 103
18 104
18 105
18 106
18 109
18 111
18 112
18 118
18 120
18 122
18 123
18 127
19 30
19 32
19 33
19 35
19 38
19 42
19 45
19 49
19 50
19 53
19 56
19 59
19 61
19 63
19 64
19 67
19 76
19 79
19 84
19 87
19 88
19 92
19 94
19 95
19 96
19 102
19 113
19 114
19 117
19 118
19 124
19 126
19 127
19 128
20 24
20 25
20 28
20 30
20 31
20 37
20 38
20 39
20 41
20 44
20 52
20 53
20 58
20 59
20 61
20 70
20 71
20 73
20 75
20 76
20 79
20 82
20 85
20 87
20 92
20 93
20 94
20 95
20 96
20 97
20 98
20 99
20 100
20 103
20 112
20 113
20 114
20 115
20 117
20 118
20 119
20 120
20 121
20 122
20 125
20 127
21 24
21 25
21 27
21 29
21 31
21 32
21 37
21 38
21 41
21 45
21 48
21 49
21 53
21 54
21 58
21 60
21 67
21 68
21 69
21 73
21 74
21 77
21 79
21 82
21 84
21 86
21 90
21 92
21 93
21 96
21 97
21 98
21 99
21 102
21 105
21 106
21 107
21 108
21 111
21 112
21 115
21 118
21 120
21 122
21 124
21 125
21 128
22 24
22 25
22 28
22 30
22 33
22 34
22 36
22 38
22 39
22 41
22 42
22 44
22 45
22 46
22 54
22 56
22 61
22 63
22 65
22 67
22 68
22 73
22 75
22 82
22 87
22 88
22 89
22 90
22 92
22 96
22 97
22 98
22 99
22 100
22 104
22 107
22 108
22 110
22 112
22 113
22 115
22 116
22 117
22 118
22 119
22 122
22 124
22 125
22 126
22 127
22 128
23 24
23 27
23 29
23 30
23 32
23 34
23 38
23 39
23 40
23 46
23 49
23 52
23 53
23 54
23 59
23 60
23 68
23 69
23 73
23 75
23 76
23 77
23 81
23 88
23 91
23 93
23 95
23 96
23 97
23 100
23 101
23 102
23 103
23 109
23 112
23 116
23 117
23 119
23 120
23 125
23 127
23 128
24 32
24 33
24 38
24 39
24 40
24 42
24 45
24 47
24 49
24 50
24 52
24 53
24 55
24 59
24 61
24 63
24 64
24 65
24 68
24 71
24 72
24 73
24 75
24 76
24 77
24 80
24 84
24 85
24 87
24 93
24 96
24 98
24 100
24 102
24 107
24 108
24 109
24 110
24 111
24 113
24 115
24 117
24 118
24 121
24 122
24 124
24 126
24 127
24 128
25 26
25 28
25 30
25 32
25 34
25 35
25 39
25 40
25 41
25 43
25 44
25 49
25 50
25 54
25 55
25 56
25 60
25 61
25 62
25 63
25 64
25 65
25 67
25 71
25 72
25 73
25 75
25 78
25 79
25 80
25 81
25 82
25 83
25 86
25 88
25 93
25 95
25 98
25 99
25 100
25 103
25 105
25 109
25 122
25 124
26 27
26 30
26 33
26 35
26 36
26 38
26 39
26 40
26 42
26 44
26 48
26 49
26 54
26 58
26 60
26 61
26 62
26 65
26 70
26 71
26 72
26 73
26 78
26 82
26 86
26 89
26 91
26 94
26 95
26 100
26 109
26 114
26 116
26 118
26 122
26 124
26 125
26 126
26 127
27 29
27 30
27 31
27 35
27 37
27 39
27 40
27 41
27 42
27 43
27 46
27 49
27 50
27 58
27 59
27 60
27 62
27 63
27 64
27 66
27 67
27 68
27 76
27 80
27 82
27 84
27 85
27 92
27 97
27 100
27 103
27 111
27 113
27 114
27 115
27 116
27 117
27 124
27 126
27 127
27 128
28 32
28 33
28 37
28 38
28 43
28 45
28 46
28 48
28 53
28 55
28 57
28 58
28 61
28 65
28 73
28 77
28 79
28 82
28 84
28 85
28 86
28 88
28 89
28 90
28 93
28 94
28 96
28 99
28 100
28 103
28 104
28 105
28 108
28 109
28 110
28 113
28 115
28 117
28 124
28 125
29 33
29 34
29 35
29 38
29 40
29 43
29 45
29 46
29 47
29 53
29 55
29 57
29 58
29 64
29 65
29 66
29 70
29 72
29 74
29 75
29 76
29 77
29 81
29 84
29 88
29 89
29 91
29 92
29 93
29 95
29 96
29 97
29 98
29 100
29 104
29 106
29 111
29 114
29 119
29 120
29 125
29 128
30 34
30 35
30 36
30 37
30 38
30 39
30 42
30 45
30 48
30 50
30 54
30 55
30 58
30 61
30 63
30 64
30 66
30 68
30 69
30 70
30 72
30 73
30 74
30 78
30 79
30 81
30 82
30 86
30 87
30 89
30 91
30 92
30 94
30 96
30 98
30 100
30 104
30 109
30 110
30 112
30 113
30 114
30 117
30 118
30 120
30 121
30 123
30 125
31 34
31 35
31 36
31 37
31 38
31 41
31 42
31 46
31 47
31 48
31 52
31 56
31 59
31 62
31 67
31 69
31 71
31 73
31 76
31 81
31 82
31 86
31 88
31 91
31 93
31 94
31 96
31 103
31 104
31 110
31 111
31 112
31 113
31 115
31 117
31 118
31 124
32 36
32 43
32 44
32 49
32 50
32 52
32 53
32 54
32 61
32 62
32 64
32 65
32 68
32 69
32 76
32 80
32 82
32 86
32 89
32 98
32 103
32 104
32 106
32 108
32 109
32 111
32 112
32 115
32 117
32 122
32 126
33 34
33 35
33 37
33 41
33 52
33 57
33 67
33 72
33 74
33 75
33 83
33 84
33 86
33 88
33 89
33 93
33 96
33 99
33 100
33 103
33 109
33 110
33 112
33 115
33 119
33 120
33 122
33 125
33 126
34 36
34 37
34 38
34 39
34 42
34 43
34 45
34 46
34 50
34 51
34 53
34 54
34 55
34 56
34 57
34 60
34 61
34 62
34 64
34 65
34 69
34 72
34 73
34 75
34 77
34 80
34 82
34 88
34 92
34 94
34 98
34 99
34 100
34 103
34 106
34 108
34 109
34 110
34 111
34 113
34 114
34 115
34 116
34 117
34 118
34 120
34 121
34 122
34 123
34 127
35 43
35 46
35 49
35 52
35 58
35 60
35 61
35 72
35 74
35 76
35 77
35 79
35 83
35 85
35 87
35 89
35 90
35 91
35 92
35 93
35 98
35 102
35 105
35 106
35 107
35 109
35 111
35 114
35 115
35 116
35 117
35 119
35 121
35 122
35 124
35 125
35 126
36 37
36 39
36 41
36 42
36 46
36 51
36 53
36 56
36 57
36 59
36 61
36 62
36 64
36 66
36 68
36 71
36 74
36 75
36 78
36 81
36 82
36 88
36 89
36 91
36 93
36 94
36 95
36 98
36 101
36 104
36 106
36 108
36 109
36 111
36 118
36 119
36 123
37 46
37 47
37 48
37 51
37 52
37 53
37 57
37 58
37 59
37 61
37 62
37 63
37 64
37 67
37 68
37 69
37 73
37 75
37 78
37 79
37 82
37 85
37 86
37 87
37 90
37 91
37 95
37 98
37 99
37 102
37 104
37 105
37 106
37 107
37 109
37 113
37 114
37 116
37 119
37 121
37 122
38 41
38 43
38 44
38 45
38 52
38 54
38 55
38 56
38 57
38 62
38 65
38 66
38 69
38 70
38 71
38 73
38 75
38 78
38 79
38 82
38 83
38 85
38 88
38 90
38 91
38 98
38 102
38 103
38 105
38 112
38 117
38 118
38 120
38 123
38 124
38 127
39 42
39 45
39 48
39 49
39 51
39 53
39 55
39 56
39 57
39 60
39 62
39 63
39 64
39 65
39 67
39 69
39 71
39 73
39 76
39 84
39 85
39 87
39 88
39 89
39 91
39 93
39 95
39 97
39 98
39 100
39 101
39 102
39 104
39 109
39 114
39 116
39 117
39 118
39 123
39 124
39 125
39 126
39 127
40 43
40 44
40 45
40 48
40 51
40 53
40 60
40 66
40 67
40 68
40 69
40 70
40 75
40 77
40 80
40 82
40 84
40 85
40 89
40 90
40 94
40 97
40 99
40 100
40 101
40 102
40 104
40 109
40 110
40 113
40 117
40 120
40 123
40 124
40 125
40 126
40 127
40 128
41 42
41 43
41 44
41 45
41 48
41 49
41 52
41 53
41 55
41 59
41 60
41 61
41 62
41 63
41 67
41 71
41 72
41 74
41 77
41 78
41 79
41 80
41 81
41 82
41 83
41 84
41 85
41 86
41 88
41 89
41 93
41 94
41 97
41 99
41 100
41 101
41 103
41 106
41 115
41 116
41 117
41 118
41 120
41 122
41 125
41 127
42 43
42 47
42 49
42 51
42 52
42 56
42 60
42 62
42 64
42 68
42 74
42 77
42 78
42 79
42 80
42 84
42 85
42 93
42 94
42 95
42 99
42 100
42 101
42 104
42 106
42 108
42 111
42 114
42 117
42 121
42 125
42 127
42 128
43 44
43 45
43 48
43 49
43 51
43 58
43 59
43 61
43 63
43 66
43 69
43 70
43 71
43 75
43 76
43 79
43 80
43 81
43 83
43 84
43 85
43 89
43 91
43 95
43 96
43 99
43 101
43 103
43 105
43 107
43 109
43 111
43 113
43 117
43 121
43 123
43 124
44 47
44 50
44 51
44 57
44 60
44 64
44 65
44 66
44 70
44 71
44 77
44 80
44 85
44 93
44 94
44 97
44 98
44 99
44 101
44 105
44 108
44 109
44 110
44 113
44 119
44 121
44 122
44 123
44 125
44 126
45 49
45 50
45 51
45 62
45 64
45 69
45 70
45 72
45 76
45 80
45 82
45 89
45 90
45 93
45 95
45 96
45 97
45 102
45 103
45 106
45 107
45 109
45 113
45 114
45 115
45 117
45 118
45 120
45 122
45 126
45 127
46 47
46 48
46 51
46 52
46 53
46 54
46 55
46 56
46 60
46 63
46 64
46 65
46 66
46 67
46 69
46 70
46 71
46 72
46 77
46 79
46 80
46 81
46 87
46 88
46 89
46 90
46 92
46 95
46 96
46 98
46 100
46 104
46 110
46 111
46 113
46 114
46 116
46 117
46 120
46 123
46 124
46 126
46 127
47 48
47 49
47 53
47 54
47 56
47 57
47 58
47 60
47 64
47 66
47 68
47 70
47 71
47 72
47 74
47 78
47 79
47 82
47 89
47 91
47 93
47 94
47 96
47 97
47 98
47 102
47 107
47 109
47 114
47 115
47 117
47 118
47 121
47 123
47 124
47 125
48 50
48 52
48 53
48 54
48 55
48 56
48 58
48 62
48 66
48 71
48 72
48 73
48 74
48 76
48 77
48 78
48 79
48 82
48 84
48 85
48 88
48 89
48 93
48 95
48 97
48 98
48 99
48 100
48 101
48 102
48 103
48 105
48 106
48 109
48 111
48 113
48 114
48 117
48 120
48 123
48 126
49 50
49 54
49 56
49 57
49 58
49 60
49 66
49 67
49 68
49 72
49 73
49 74
49 75
49 80
49 81
49 84
49 86
49 89
49 94
49 102
49 104
49 107
49 108
49 109
49 111
49 113
49 114
49 116
49 117
49 118
49 120
49 121
49 125
49 126
49 127
50 52
50 54
50 58
50 59
50 61
50 66
50 72
50 74
50 75
50 76
50 79
50 85
50 87
50 88
50 92
50 94
50 96
50 107
50 108
50 111
50 114
50 115
50 118
50 119
50 121
50 123
50 124
51 53
51 56
51 58
51 61
51 62
51 63
51 64
51 66
51 69
51 74
51 79
51 82
51 83
51 84
51 86
51 91
51 93
51 94
51 95
51 96
51 97
51 98
51 99
51 102
51 104
51 108
51 109
51 112
51 116
51 117
51 118
51 119
51 123
51 124
51 125
52 53
52 54
52 55
52 57
52 59
52 61
52 62
52 63
52 64
52 75
52 76
52 77
52 80
52 81
52 83
52 85
52 86
52 87
52 88
52 90
52 93
52 97
52 99
52 101
52 102
52 103
52 106
52 108
52 109
52 110
52 111
52 112
52 114
52 115
52 118
52 121
52 122
52 124
52 125
52 128
53 55
53 58
53 65
53 71
53 74
53 75
53 78
53 79
53 83
53 85
53 86
53 88
53 91
53 92
53 95
53 98
53 99
53 100
53 101
53 103
53 104
53 107
53 113
53 119
53 122
53 126
53 127
54 57
54 59
54 61
54 64
54 67
54 68
54 69
54 71
54 73
54 75
54 77
54 79
54 80
54 85
54 87
54 90
54 91
54 92
54 99
54 107
54 108
54 109
54 110
54 115
54 116
54 122
54 123
54 124
54 125
54 126
55 69
55 70
55 74
55 76
55 77
55 81
55 82
55 83
55 87
55 88
55 90
55 91
55 93
55 94
55 95
55 100
55 102
55 103
55 104
55 105
55 108
55 114
55 119
55 123
55 124
55 125
55 126
56 58
56 60
56 61
56 62
56 66
56 69
56 75
56 84
56 85
56 86
56 92
56 93
56 96
56 99
56 104
56 105
56 107
56 110
56 111
56 112
56 113
56 115
56 121
56 123
56 125
56 127
56 128
57 62
57 63
57 67
57 68
57 69
57 70
57 72
57 76
57 77
57 78
57 79
57 87
57 91
57 92
57 94
57 100
57 103
57 105
57 106
57 107
57 110
57 112
57 113
57 115
57 116
57 118
57 119
57 120
57 122
57 123
57 125
57 128
58 60
58 62
58 63
58 64
58 71
58 72
58 74
58 84
58 87
58 89
58 91
58 92
58 101
58 103
58 104
58 107
58 112
58 114
58 115
58 118
58 120
58 125
58 127
59 60
59 61
59 65
59 66
59 67
59 68
59 70
59 73
59 75
59 76
59 78
59 79
59 85
59 88
59 91
59 95
59 102
59 104
59 107
59 108
59 114
59 115
59 118
59 119
59 122
59 123
59 124
59 125
59 126
59 127
59 128
60 61
60 64
60 65
60 68
60 71
60 74
60 76
60 77
60 79
60 80
60 83
60 87
60 89
60 90
60 92
60 94
60 96
60 99
60 104
60 106
60 110
60 112
60 113
60 115
60 116
60 125
60 127
61 62
61 63
61 64
61 66
61 67
61 68
61 71
61 72
61 73
61 74
61 76
61 77
61 79
61 80
61 81
61 86
61 87
61 90
61 94
61 95
61 96
61 97
61 101
61 102
61 104
61 105
61 111
61 112
61 118
61 119
61 120
61 125
61 127
62 63
62 65
62 67
62 69
62 70
62 71
62 74
62 75
62 77
62 79
62 80
62 81
62 84
62 85
62 88
62 91
62 92
62 95
62 102
62 111
62 113
62 114
62 118
62 119
62 120
62 121
62 122
62 124
62 127
63 64
63 65
63 66
63 68
63 72
63 74
63 77
63 81
63 83
63 85
63 88
63 91
63 94
63 100
63 103
63 105
63 107
63 108
63 111
63 112
63 115
63 122
63 124
63 125
63 126
63 127
63 128
64 65
64 67
64 71
64 72
64 73
64 74
64 77
64 79
64 80
64 84
64 88
64 93
64 94
64 95
64 96
64 97
64 100
64 105
64 109
64 111
64 114
64 115
64 116
64 117
64 119
64 122
64 123
64 124
64 126
65 67
65 68
65 73
65 77
65 78
65 79
65 83
65 85
65 86
65 87
65 89
65 90
65 94
65 95
65 96
65 97
65 100
65 104
65 107
65 110
65 111
65 114
65 116
65 118
65 122
65 124
65 125
65 127
66 68
66 70
66 72
66 74
66 80
66 82
66 83
66 84
66 87
66 88
66 93
66 95
66 98
66 101
66 102
66 106
66 111
66 114
66 120
66 121
66 123
66 124
66 128
67 68
67 70
67 71
67 73
67 77
67 80
67 81
67 82
67 84
67 88
67 89
67 91
67 92
67 93
67 94
67 98
67 100
67 108
67 112
67 115
67 119
67 120
67 121
67 125
67 126
67 127
67 128
68 72
68 74
68 75
68 83
68 84
68 89
68 90
68 91
68 96
68 98
68 99
68 102
68 105
68 109
68 113
68 116
68 118
68 121
68 123
68 126
69 71
69 74
69 75
69 78
69 79
69 84
69 93
69 94
69 96
69 106
69 109
69 110
69 114
69 121
69 122
69 123
69 127
69 128
70 71
70 76
70 84
70 89
70 91
70 93
70 95
70 97
70 105
70 106
70 108
70 112
70 114
70 116
70 117
70 118
70 119
70 121
70 122
70 123
70 125
70 127
71 72
71 74
71 75
71 76
71 77
71 81
71 82
71 87
71 91
71 93
71 94
71 95
71 98
71 100
71 101
71 102
71 103
71 112
71 113
71 115
71 128
72 73
72 74
72 76
72 77
72 78
72 79
72 82
72 83
72 85
72 93
72 94
72 98
72 101
72 102
72 104
72 106
72 111
72 112
72 113
72 116
72 118
72 120
72 123
72 124
72 125
72 127
73 76
73 77
73 81
73 83
73 87
73 89
73 90
73 91
73 92
73 94
73 95
73 102
73 104
73 105
73 108
73 109
73 115
73 117
73 120
73 121
73 122
73 125
74 79
74 80
74 84
74 85
74 86
74 91
74 97
74 98
74 99
74 101
74 103
74 104
74 110
74 112
74 115
74 116
74 119
74 121
74 127
75 79
75 81
75 86
75 87
75 91
75 94
75 97
75 98
75 104
75 105
75 107
75 109
75 111
75 112
75 113
75 115
75 116
75 118
75 121
75 123
75 124
75 125
75 127
76 77
76 82
76 85
76 86
76 87
76 90
76 92
76 93
76 99
76 100
76 104
76 105
76 107
76 108
76 110
76 112
76 114
76 116
76 117
76 118
76 119
76 120
76 121
76 124
76 125
76 128
77 78
77 80
77 83
77 85
77 86
77 90
77 93
77 100
77 101
77 103
77 105
77 109
77 116
77 121
77 126
78 79
78 80
78 87
78 88
78 95
78 97
78 100
78 103
78 104
78 106
78 107
78 109
78 111
78 112
78 113
78 118
78 121
78 124
78 125
78 126
79 85
79 90
79 91
79 93
79 95
79 100
79 101
79 107
79 108
79 111
79 112
79 117
79 118
79 119
79 121
79 122
79 123
79 125
80 81
80 82
80 84
80 85
80 87
80 88
80 93
80 98
80 102
80 103
80 105
80 107
80 112
80 113
80 114
80 115
80 117
80 121
81 86
81 87
81 89
81 90
81 91
81 92
81 94
81 96
81 98
81 100
81 101
81 104
81 105
81 106
81 107
81 109
81 110
81 111
81 115
81 117
81 120
81 122
81 123
81 124
81 125
82 83
82 84
82 85
82 90
82 102
82 103
82 108
82 119
82 120
82 122
82 124
82 125
82 127
83 85
83 87
83 89
83 91
83 95
83 97
83 98
83 100
83 101
83 106
83 109
83 112
83 113
83 116
83 117
83 119
83 121
83 124
83 126
83 128
84 87
84 91
84 93
84 94
84 95
84 96
84 102
84 115
84 118
84 123
84 125
84 127
85 86
85 87
85 88
85 89
85 90
85 96
85 98
85 99
85 100
85 101
85 106
85 109
85 110
85 117
85 120
85 121
85 123
85 124
85 127
86 87
86 92
86 94
86 95
86 96
86 98
86 100
86 101
86 103
86 104
86 109
86 110
86 114
86 115
86 116
86 117
86 119
86 123
86 126
87 89
87 90
87 93
87 100
87 102
87 104
87 108
87 110
87 111
87 114
87 122
87 123
87 125
87 127
88 89
88 90
88 91
88 92
88 94
88 95
88 97
88 107
88 108
88 109
88 110
88 113
88 114
88 115
88 116
88 117
88 118
88 119
88 122
88 125
88 128
89 90
89 95
89 98
89 99
89 103
89 106
89 107
89 108
89 109
89 110
89 113
89 114
89 120
90 92
90 96
90 98
90 99
90 102
90 103
90 104
90 107
90 112
90 114
90 115
90 118
90 121
90 124
90 127
91 93
91 95
91 98
91 99
91 101
91 104
91 105
91 106
91 107
91 109
91 112
91 113
91 116
91 124
91 125
92 93
92 95
92 96
92 102
92 105
92 107
92 110
92 114
92 116
92 117
92 118
92 119
92 122
92 126
92 127
93 94
93 98
93 100
93 104
93 110
93 116
93 121
93 124
93 126
93 128
94 98
94 99
94 107
94 109
94 111
94 113
94 114
94 115
94 117
94 122
94 126
95 97
95 100
95 105
95 106
95 109
95 110
95 114
95 121
95 122
95 124
95 125
96 97
96 98
96 100
96 102
96 103
96 106
96 110
96 115
96 120
96 122
96 124
96 125
96 127
97 99
97 102
97 103
97 104
97 105
97 106
97 111
97 112
97 113
97 116
97 121
97 126
97 128
98 103
98 104
98 106
98 108
98 110
98 111
98 112
98 115
98 116
98 117
98 118
98 119
98 120
98 123
98 124
98 126
98 127
98 128
99 102
99 107
99 108
99 109
99 113
99 114
99 117
99 118
99 120
99 125
99 128
100 103
100 110
100 111
100 113
100 114
100 118
100 120
100 121
100 123
100 128
101 102
101 103
101 104
101 107
101 114
101 115
101 116
101 121
101 122
101 126
101 128
102 103
102 107
102 108
102 112
102 114
102 117
102 120
102 122
102 125
102 126
102 127
103 104
103 106
103 111
103 114
103 116
103 117
103 120
103 121
103 122
103 123
103 126
103 127
103 128
104 106
104 111
104 114
104 115
104 116
104 118
104 126
104 128
105 108
105 109
105 115
105 119
105 120
105 121
105 123
105 126
105 127
106 107
106 108
106 112
106 113
106 116
106 118
106 120
106 121
106 122
106 125
107 109
107 110
107 114
107 118
107 120
107 121
107 124
107 127
107 128
108 111
108 112
108 114
108 118
108 119
109 112
109 113
109 114
109 116
109 123
109 125
109 127
110 111
110 113
110 118
110 125
110 126
111 114
111 115
111 117
111 121
111 122
111 124
111 125
111 128
112 113
112 115
112 118
112 119
112 121
112 123
113 114
113 115
113 116
113 117
113 118
113 119
113 120
113 123
113 125
113 126
113 127
114 116
114 117
114 123
114 124
114 125
114 126
114 128
115 118
115 119
115 120
115 122
115 125
115 126
115 128
116 118
116 122
116 126
116 127
117 118
117 119
117 123
117 125
117 126
118 119
118 120
118 122
118 123
118 125
118 127
119 125
119 127
120 122
120 123
120 126
120 127
121 123
121 125
121 127
121 128
122 123
122 125
122 126
123 124
123 125
123 127
124 125
125 127
125 128
126 127
126 128
127 128
