128 2481
1 5
1 9
1 11
1 12
1 16
1 18
1 20
1 22
1 23
1 24
1 29
1 30
1 36
1 40
1 42
1 44
1 45
1 46
1 52
1 54
1 59
1 60
1 65
1 76
1 78
1 81
1 83
1 86
1 88
1 90
1 94
1 95
1 97
1 105
1 108
1 110
1 111
1 114
1 116
1 118
1 121
1 122
1 123
1 126
2 3
2 5
2 10
2 12
2 13
2 16
2 17
2 18
2 20
2 22
2 23
2 25
2 26
2 31
2 36
2 49
2 56
2 64
2 65
2 66
2 69
2 77
2 79
2 80
2 81
2 82
2 83
2 84
2 86
2 89
2 93
2 94
2 96
2 97
2 98
2 104
2 105
2 106
2 109
2 111
2 118
2 121
3 9
3 11
3 22
3 23
3 25
3 32
3 41
3 51
3 57
3 60
3 64
3 65
3 68
3 74
3 75
3 77
3 87
3 88
3 90
3 93
3 102
3 110
3 113
3 118
3 119
3 122
3 123
3 127
3 128
4 9
4 10
4 17
4 18
4 21
4 23
4 30
4 33
4 34
4 37
4 41
4 44
4 46
4 47
4 48
4 62
4 65
4 67
4 68
4 76
4 80
4 84
4 85
4 86
4 90
4 91
4 92
4 95
4 96
4 100
4 101
4 103
4 112
4 114
4 123
4 126
5 6
5 11
5 22
5 23
5 24
5 25
5 35
5 36
5 37
5 39
5 42
5 43
5 46
5 47
5 50
5 51
5 58
5 60
5 65
5 69
5 72
5 73
5 75
5 78
5 79
5 81
5 82
5 91
5 95
5 96
5 98
5 100
5 103
5 107
5 109
5 111
5 112
5 113
5 121
5 125
6 8
6 12
6 13
6 18
6 20
6 23
6 26
6 27
6 34
6 36
6 38
6 39
6 40
6 43
6 47
6 49
6 51
6 54
6 56
6 60
6 62
6 63
6 77
6 78
6 80
6 81
6 84
6 85
6 86
6 87
6 90
6 92
6 93
6 95
6 98
6 101
6 106
6 108
6 117
6 120
6 123
6 128
7 9
7 18
7 19
7 21
7 22
7 24
7 26
7 30
7 31
7 34
7 38
7 41
7 46
7 48
7 49
7 58
7 67
7 76
7 78
7 81
7 85
7 88
7 100
7 102
7 105
7 108
7 114
7 115
7 116
7 118
7 119
7 122
7 126
7 127
8 12
8 13
8 14
8 23
8 33
8 38
8 47
8 48
8 50
8 52
8 54
8 59
8 64
8 70
8 71
8 72
8 75
8 76
8 78
8 79
8 81
8 82
8 84
8 88
8 92
8 95
8 98
8 99
8 102
8 105
8 106
8 107
8 108
8 110
8 111
8 118
8 120
8 121
8 123
8 125
8 127
9 15
9 17
9 20
9 25
9 34
9 35
9 42
9 45
9 46
9 47
9 48
9 49
9 51
9 52
9 55
9 57
9 61
9 68
9 82
9 83
9 85
9 92
9 94
9 96
9 98
9 99
9 101
9 103
9 105
9 106
9 113
9 116
9 117
9 119
9 125
9 127
9 128
10 15
10 17
10 18
10 19
10 23
10 24
10 25
10 30
10 31
10 32
10 33
10 37
10 40
10 47
10 57
10 59
10 60
10 63
10 65
10 68
10 71
10 72
10 73
10 80
10 81
10 82
10 83
10 85
10 88
10 91
10 98
10 102
10 103
10 104
10 107
10 108
10 109
10 110
10 111
10 115
10 117
10 119
10 121
10 125
11 20
11 28
11 30
11 31
11 32
11 33
11 36
11 37
11 41
11 46
11 50
11 51
11 56
11 64
11 68
11 69
11 70
11 72
11 75
11 80
11 87
11 88
11 90
11 91
11 92
11 93
11 94
11 95
11 96
11 97
11 105
11 106
11 107
11 112
11 114
11 115
11 120
11 121
11 126
11 127
11 128
12 13
12 14
12 16
12 17
12 18
12 19
12 20
12 24
12 25
12 27
12 29
12 30
12 45
12 50
12 55
12 56
12 57
12 58
12 60
12 61
12 67
12 69
12 72
12 73
12 74
12 77
12 82
12 83
12 91
12 98
12 103
12 108
12 110
12 111
12 114
12 116
12 118
12 119
12 123
12 126
12 127
12 128
13 19
13 31
13 33
13 38
13 47
13 55
13 57
13 58
13 59
13 62
13 64
13 68
13 74
13 77
13 88
13 92
13 93
13 96
13 97
13 99
13 105
13 111
13 113
13 114
14 18
14 19
14 21
14 32
14 34
14 35
14 36
14 37
14 40
14 41
14 42
14 44
14 45
14 46
14 50
14 51
14 52
14 55
14 64
14 68
14 71
14 72
14 76
14 77
14 78
14 80
14 81
14 82
14 89
14 91
14 94
14 96
14 97
14 101
14 108
14 115
14 127
14 128
15 16
15 25
15 26
15 27
15 28
15 29
15 39
15 40
15 41
15 42
15 43
15 48
15 51
15 52
15 57
15 58
15 59
15 61
15 63
15 65
15 67
15 68
15 69
15 76
15 79
15 86
15 87
15 89
15 90
15 91
15 92
15 98
15 100
15 103
15 106
15 107
15 109
15 110
15 115
15 117
15 122
15 123
15 125
15 126
16 24
16 25
16 28
16 29
16 31
16 32
16 37
16 39
16 43
16 54
16 57
16 58
16 59
16 64
16 66
16 67
16 68
16 69
16 71
16 82
16 87
16 88
16 101
16 102
16 103
16 107
16 112
16 114
16 115
16 120
16 121
17 26
17 30
17 31
17 32
17 37
17 38
17 43
17 46
17 47
17 49
17 57
17 61
17 65
17 66
17 72
17 79
17 80
17 82
17 88
17 90
17 95
17 96
17 98
17 103
17 108
17 110
17 111
17 123
17 127
18 19
18 20
18 21
18 25
18 28
18 29
18 32
18 33
18 35
18 38
18 39
18 40
18 43
18 44
18 52
18 57
18 59
18 62
18 64
18 68
18 71
18 73
18 80
18 84
18 88
18 89
18 91
18 93
18 94
18 95
18 96
18 98
18 99
18 101
18 104
18 105
18 108
18 109
18 116
18 120
18 124
18 125
19 20
19 23
19 29
19 30
19 35
19 39
19 40
19 41
19 43
19 44
19 47
19 49
19 50
19 51
19 52
19 56
19 60
19 70
19 74
19 75
19 77
19 79
19 81
19 82
19 86
19 87
19 92
19 94
19 97
19 105
19 106
19 107
19 109
19 116
19 119
19 122
19 128
20 21
20 24
20 27
20 28
20 38
20 42
20 52
20 56
20 58
20 59
20 60
20 63
20 67
20 73
20 74
20 77
20 78
20 80
20 82
20 84
20 86
20 87
20 92
20 94
20 99
20 101
20 102
20 104
20 115
20 119
20 122
21 22
21 30
21 31
21 34
21 35
21 40
21 42
21 43
21 44
21 46
21 52
21 53
21 58
21 61
21 62
21 67
21 69
21 71
21 73
21 77
21 80
21 82
21 88
21 90
21 91
21 93
21 94
21 100
21 102
21 111
21 112
21 113
21 116
21 118
21 119
21 121
21 123
21 128
22 24
22 26
22 33
22 37
22 38
22 41
22 43
22 53
22 61
22 71
22 74
22 77
22 78
22 79
22 86
22 88
22 96
22 98
22 101
22 110
22 111
22 115
22 117
22 118
22 119
22 123
22 124
22 126
22 127
23 25
23 26
23 27
23 36
23 37
23 40
23 43
23 44
23 46
23 47
23 48
23 49
23 50
23 52
23 53
23 54
23 58
23 67
23 68
23 69
23 74
23 75
23 80
23 81
23 83
23 85
23 89
23 92
23 95
23 104
23 107
23 108
23 111
23 114
23 115
23 126
23 128
24 26
24 28
24 35
24 36
24 39
24 45
24 47
24 51
24 61
24 62
24 70
24 72
24 73
24 77
24 86
24 90
24 91
24 92
24 93
24 95
24 96
24 97
24 100
24 104
24 109
24 115
24 125
25 30
25 43
25 45
25 46
25 55
25 64
25 65
25 68
25 74
25 75
25 76
25 78
25 79
25 82
25 83
25 84
25 92
25 97
25 98
25 100
25 102
25 104
25 107
25 117
25 121
25 122
25 123
25 126
25 127
25 128
26 29
26 30
26 35
26 43
26 48
26 49
26 51
26 58
26 62
26 63
26 64
26 67
26 70
26 73
26 74
26 90
26 91
26 95
26 99
26 100
26 101
26 102
26 105
26 106
26 108
26 112
26 113
26 114
26 118
26 119
26 123
26 124
26 128
27 31
27 34
27 36
27 38
27 42
27 44
27 48
27 51
27 56
27 59
27 60
27 61
27 66
27 67
27 72
27 75
27 76
27 78
27 80
27 81
27 88
27 89
27 91
27 94
27 98
27 99
27 101
27 104
27 109
27 115
27 116
27 121
27 123
27 125
27 128
28 29
28 30
28 34
28 35
28 37
28 38
28 39
28 42
28 43
28 49
28 50
28 56
28 60
28 61
28 65
28 66
28 68
28 70
28 74
28 75
28 76
28 80
28 81
28 82
28 89
28 96
28 97
28 102
28 104
28 105
28 107
28 108
28 111
28 114
28 115
28 122
28 124
28 125
28 128
29 36
29 46
29 53
29 59
29 62
29 65
29 69
29 70
29 74
29 84
29 86
29 95
29 96
29 98
29 99
29 101
29 103
29 113
29 115
29 121
29 123
29 125
30 31
30 38
30 39
30 48
30 50
30 55
30 59
30 64
30 69
30 71
30 73
30 78
30 86
30 94
30 104
30 107
30 108
30 110
30 112
30 118
30 119
30 120
30 124
30 125
30 126
31 35
31 37
31 38
31 44
31 50
31 54
31 61
31 63
31 67
31 75
31 78
31 79
31 81
31 82
31 83
31 86
31 90
31 95
31 96
31 99
31 100
31 101
31 107
31 116
31 117
31 120
31 121
31 123
31 128
32 33
32 35
32 36
32 39
32 41
32 43
32 45
32 47
32 61
32 62
32 65
32 66
32 70
32 74
32 75
32 78
32 79
32 81
32 82
32 87
32 90
32 96
32 101
32 109
32 110
32 112
32 113
32 114
32 121
32 122
32 123
32 126
33 36
33 47
33 50
33 53
33 54
33 60
33 62
33 64
33 65
33 73
33 74
33 75
33 80
33 82
33 86
33 88
33 90
33 96
33 97
33 98
33 99
33 101
33 105
33 107
33 108
33 111
33 114
33 117
33 119
33 127
34 37
34 40
34 42
34 44
34 48
34 49
34 54
34 58
34 62
34 66
34 73
34 74
34 76
34 78
34 81
34 83
34 95
34 99
34 101
34 103
34 106
34 110
34 111
34 115
34 116
34 117
34 118
34 120
34 123
34 124
34 126
34 127
35 41
35 45
35 49
35 52
35 55
35 57
35 58
35 59
35 60
35 61
35 63
35 67
35 76
35 77
35 80
35 86
35 95
35 107
35 112
35 116
35 122
35 125
35 127
35 128
36 38
36 39
36 52
36 55
36 62
36 64
36 65
36 68
36 69
36 70
36 77
36 83
36 84
36 88
36 89
36 95
36 96
36 100
36 104
36 105
36 110
36 111
36 113
36 116
36 117
36 121
37 38
37 39
37 43
37 48
37 53
37 56
37 57
37 58
37 59
37 66
37 71
37 72
37 74
37 80
37 92
37 93
37 95
37 106
37 109
37 114
37 116
37 120
37 123
37 128
38 39
38 40
38 42
38 43
38 46
38 53
38 54
38 60
38 61
38 70
38 71
38 72
38 74
38 81
38 85
38 87
38 89
38 93
38 94
38 104
38 108
38 110
38 117
38 118
38 119
38 120
38 124
38 127
38 128
39 42
39 49
39 50
39 52
39 53
39 55
39 58
39 61
39 69
39 70
39 71
39 74
39 75
39 76
39 80
39 83
39 89
39 92
39 96
39 101
39 102
39 103
39 106
39 107
39 108
39 114
39 118
39 122
39 124
39 126
40 47
40 49
40 53
40 54
40 61
40 62
40 65
40 67
40 73
40 75
40 78
40 81
40 82
40 84
40 92
40 96
40 99
40 108
40 110
40 111
40 114
40 116
40 121
40 122
40 124
40 125
41 43
41 54
41 57
41 59
41 60
41 66
41 67
41 74
41 79
41 81
41 82
41 92
41 94
41 95
41 100
41 103
41 105
41 108
41 111
41 114
41 115
41 116
41 122
41 123
41 127
41 128
42 43
42 44
42 45
42 46
42 52
42 55
42 58
42 59
42 60
42 61
42 62
42 68
42 71
42 76
42 79
42 81
42 84
42 85
42 90
42 94
42 95
42 101
42 105
42 108
42 110
42 115
42 120
43 45
43 46
43 54
43 56
43 58
43 63
43 70
43 73
43 74
43 77
43 80
43 87
43 90
43 93
43 94
43 102
43 105
43 109
43 111
43 112
43 114
43 115
43 116
43 117
43 120
43 121
43 124
44 48
44 56
44 60
44 67
44 71
44 73
44 75
44 78
44 79
44 82
44 86
44 91
44 92
44 105
44 107
44 109
44 111
44 114
44 115
44 118
44 123
44 127
45 51
45 53
45 55
45 63
45 69
45 71
45 74
45 76
45 78
45 85
45 86
45 102
45 105
45 112
45 113
45 119
45 122
45 126
46 48
46 51
46 53
46 54
46 59
46 60
46 61
46 64
46 67
46 69
46 70
46 71
46 75
46 76
46 81
46 85
46 88
46 99
46 103
46 104
46 105
46 106
46 113
46 114
46 116
46 120
46 126
47 53
47 54
47 55
47 56
47 57
47 59
47 60
47 69
47 73
47 86
47 87
47 90
47 94
47 95
47 96
47 101
47 106
47 111
47 113
47 116
47 123
47 126
47 127
47 128
48 50
48 52
48 55
48 56
48 61
48 63
48 66
48 71
48 73
48 77
48 78
48 80
48 91
48 92
48 102
48 104
48 107
48 108
48 111
48 113
48 114
48 120
48 122
48 125
49 54
49 55
49 57
49 58
49 67
49 68
49 70
49 72
49 73
49 74
49 80
49 85
49 87
49 96
49 97
49 98
49 99
49 100
49 103
49 116
49 118
49 121
49 123
49 124
49 128
50 53
50 54
50 56
50 61
50 62
50 70
50 71
50 73
50 77
50 78
50 80
50 81
50 86
50 87
50 95
50 101
50 108
50 116
50 118
51 55
51 56
51 61
51 63
51 72
51 73
51 78
51 80
51 81
51 82
51 84
51 85
51 93
51 97
51 99
51 102
51 103
51 107
51 110
51 126
52 55
52 59
52 70
52 72
52 74
52 81
52 83
52 84
52 85
52 88
52 90
52 95
52 98
52 101
52 104
52 106
52 107
52 108
52 110
52 113
52 117
52 127
53 59
53 62
53 66
53 67
53 68
53 69
53 75
53 86
53 87
53 102
53 105
53 106
53 107
53 108
53 112
53 118
53 119
53 126
53 127
53 128
54 55
54 60
54 63
54 66
54 68
54 78
54 80
54 85
54 87
54 90
54 95
54 96
54 97
54 99
54 104
54 105
54 107
54 110
54 111
54 114
54 116
54 119
54 121
54 124
54 127
54 128
55 66
55 73
55 75
55 79
55 80
55 83
55 85
55 90
55 95
55 103
55 105
55 106
55 108
55 109
55 111
55 112
55 113
55 115
55 119
55 125
55 126
55 127
56 59
56 60
56 62
56 63
56 64
56 69
56 70
56 72
56 76
56 80
56 81
56 84
56 87
56 91
56 93
56 94
56 95
56 96
56 107
56 116
56 120
56 121
56 123
56 124
56 128
57 59
57 60
57 65
57 68
57 70
57 77
57 86
57 88
57 91
57 92
57 93
57 97
57 98
57 100
57 101
57 103
57 106
57 110
57 115
57 116
57 117
57 125
57 126
58 62
58 66
58 71
58 74
58 77
58 79
58 83
58 88
58 89
58 91
58 94
58 97
58 98
58 100
58 101
58 102
58 104
58 105
58 106
58 107
58 109
58 113
58 117
58 122
58 124
58 125
59 60
59 63
59 64
59 66
59 67
59 69
59 71
59 73
59 75
59 76
59 78
59 82
59 86
59 87
59 93
59 99
59 104
59 105
59 106
59 110
59 114
59 116
59 122
59 127
60 61
60 64
60 66
60 67
60 69
60 72
60 75
60 81
60 85
60 87
60 91
60 92
60 95
60 98
60 101
60 102
60 103
60 106
60 113
60 114
60 115
60 122
60 126
61 64
61 65
61 66
61 67
61 76
61 84
61 95
61 102
61 111
61 114
61 118
61 119
61 120
61 121
61 122
61 123
61 125
61 126
62 64
62 65
62 70
62 71
62 77
62 78
62 82
62 85
62 91
62 95
62 97
62 98
62 103
62 104
62 107
62 108
62 109
62 117
62 123
62 126
62 128
63 72
63 74
63 78
63 79
63 80
63 81
63 86
63 87
63 91
63 92
63 93
63 95
63 98
63 100
63 102
63 104
63 106
63 107
63 108
63 109
63 110
63 113
63 114
63 124
63 127
64 65
64 66
64 69
64 78
64 79
64 80
64 88
64 90
64 91
64 98
64 103
64 104
64 105
64 107
64 112
64 115
64 118
64 126
64 127
65 69
65 72
65 76
65 78
65 79
65 82
65 85
65 87
65 91
65 97
65 98
65 109
65 110
65 117
65 118
65 120
65 121
65 123
65 124
65 125
65 127
66 67
66 71
66 75
66 80
66 83
66 87
66 90
66 92
66 94
66 98
66 100
66 102
66 104
66 107
66 110
66 115
66 126
67 68
67 72
67 73
67 76
67 77
67 82
67 83
67 85
67 88
67 89
67 94
67 98
67 102
67 104
67 105
67 107
67 108
67 115
67 116
67 119
67 122
67 123
68 71
68 74
68 75
68 76
68 86
68 88
68 89
68 92
68 93
68 103
68 106
68 108
68 109
68 111
68 112
68 114
68 120
68 121
68 126
68 128
69 70
69 73
69 75
69 76
69 85
69 86
69 87
69 90
69 104
69 107
69 116
69 120
69 122
69 127
69 128
70 73
70 75
70 78
70 83
70 85
70 88
70 89
70 95
70 105
70 109
70 115
70 116
70 118
70 119
70 120
70 127
71 72
71 73
71 76
71 77
71 78
71 89
71 92
71 97
71 98
71 99
71 101
71 107
71 108
71 109
71 110
71 111
71 114
71 115
71 117
71 118
72 73
72 76
72 77
72 82
72 85
72 90
72 93
72 95
72 97
72 99
72 104
72 117
72 118
72 121
72 128
73 74
73 76
73 79
73 84
73 85
73 86
73 87
73 88
73 93
73 95
73 97
73 98
73 99
73 103
73 104
73 105
73 106
73 107
73 108
73 112
73 113
73 116
73 123
73 127
73 128
74 75
74 76
74 78
74 83
74 91
74 103
74 105
74 107
74 112
74 113
74 114
74 115
74 117
74 125
74 128
75 81
75 87
75 88
75 89
75 90
75 94
75 97
75 99
75 108
75 111
75 113
75 114
75 115
75 119
75 124
75 126
75 128
76 79
76 85
76 86
76 88
76 89
76 90
76 94
76 95
76 98
76 102
76 103
76 104
76 106
76 110
76 113
76 118
76 122
76 125
77 78
77 82
77 84
77 87
77 94
77 98
77 107
77 109
77 110
77 113
77 126
78 82
78 83
78 88
78 91
78 92
78 94
78 99
78 100
78 110
78 111
78 115
78 116
78 121
78 123
78 126
79 81
79 84
79 90
79 102
79 110
79 116
79 117
79 119
79 121
79 123
79 127
80 89
80 92
80 94
80 99
80 103
80 107
80 110
80 111
80 113
80 115
80 116
80 117
80 124
80 126
81 82
81 86
81 88
81 90
81 93
81 96
81 100
81 105
81 106
81 107
81 113
81 115
81 118
81 119
81 121
81 122
82 83
82 89
82 91
82 97
82 104
82 110
82 121
82 125
83 86
83 90
83 96
83 100
83 103
83 107
83 108
83 112
83 114
83 116
83 121
84 87
84 91
84 98
84 99
84 103
84 107
84 108
84 111
84 116
84 120
84 125
84 127
85 88
85 91
85 92
85 96
85 100
85 101
85 103
85 107
85 109
85 113
86 91
86 98
86 102
86 105
86 108
86 112
86 117
86 119
86 120
86 124
86 125
86 126
87 90
87 94
87 96
87 97
87 98
87 110
87 112
87 116
87 117
87 118
87 119
87 120
87 121
87 128
88 89
88 91
88 95
88 96
88 97
88 98
88 110
88 116
88 117
88 119
88 120
88 124
88 125
88 126
88 127
88 128
89 90
89 94
89 98
89 100
89 102
89 108
89 111
89 112
89 119
89 124
90 96
90 101
90 102
90 113
90 115
90 116
90 122
90 128
91 96
91 103
91 106
91 107
91 111
91 112
91 113
91 116
91 118
91 127
92 94
92 95
92 96
92 99
92 105
92 112
92 116
92 119
92 126
92 127
92 128
93 104
93 105
93 107
93 108
93 109
93 115
93 119
93 123
94 96
94 98
94 99
94 104
94 107
94 109
94 110
94 112
94 113
94 114
94 124
94 125
94 126
94 128
95 102
95 106
95 107
95 109
95 115
95 127
96 107
96 110
96 120
96 122
96 124
96 128
97 99
97 102
97 106
97 107
97 108
97 113
97 121
97 122
97 123
97 126
98 101
98 102
98 111
98 122
98 124
98 125
99 100
99 105
99 109
99 111
99 112
99 114
99 115
99 116
99 119
99 122
99 123
99 124
100 101
100 103
100 104
100 107
100 108
100 116
100 119
100 122
100 123
101 104
101 105
101 106
101 108
101 114
101 115
101 116
101 125
102 103
102 107
102 111
102 118
102 119
102 124
102 125
102 127
103 104
103 107
103 111
103 115
103 121
103 128
104 106
104 110
104 113
104 116
104 120
104 121
104 125
105 108
105 113
105 123
105 125
106 117
106 119
106 123
106 125
106 127
107 109
107 121
107 127
108 114
108 115
108 116
108 117
108 118
108 122
108 125
109 111
109 114
109 115
109 119
109 123
109 128
110 112
110 114
110 116
110 122
110 127
111 112
111 115
111 121
111 126
112 113
112 117
112 122
113 124
113 125
114 119
114 121
114 127
115 119
115 120
115 124
115 127
115 128
116 117
116 118
116 123
116 124
116 125
116 127
116 128
117 120
117 124
117 126
118 119
118 126
118 127
118 128
119 127
120 123
120 124
120 126
121 127
122 124
123 124
123 125
123 126
123 128
125 126
126 127
