128 5026
1
2
3
4
5
6
7
8
9
10
11
12
13
14
15
16
17
18
19
20
21
22
23
24
25
26
27
28
29
30
31
32
33
34
35
36
37
38
39
40
41
42
43
44
45
46
47
48
49
50
51
52
53
54
55
56
57
58
59
60
61
62
63
64
65
66
67
68
69
70
71
72
73
74
75
76
77
78
79
80
81
82
83
84
85
86
87
88
89
90
91
92
93
94
95
96
97
98
99
100
101
102
103
104
105
106
107
108
109
110
111
112
113
114
115
116
117
118
119
120
121
122
123
124
125
126
127
128
1 3 
1 4 
1 5 
1 7 
1 8 
1 9 
1 10 
1 12 
1 13 
1 16 
1 17 
1 19 
1 22 
1 23 
1 24 
1 25 
1 28 
1 29 
1 30 
1 31 
1 32 
1 33 
1 34 
1 36 
1 38 
1 39 
1 40 
1 41 
1 43 
1 44 
1 50 
1 51 
1 52 
1 54 
1 55 
1 56 
1 57 
1 60 
1 63 
1 64 
1 66 
1 69 
1 72 
1 73 
1 74 
1 76 
1 78 
1 80 
1 82 
1 85 
1 94 
1 95 
1 96 
1 98 
1 99 
1 100 
1 101 
1 102 
1 103 
1 104 
1 105 
1 107 
1 108 
1 111 
1 112 
1 113 
1 116 
1 117 
1 119 
1 121 
1 123 
1 124 
1 125 
1 127 
1 128 
2 4 
2 6 
2 7 
2 11 
2 13 
2 14 
2 15 
2 16 
2 17 
2 18 
2 19 
2 20 
2 22 
2 24 
2 25 
2 27 
2 28 
2 32 
2 36 
2 38 
2 39 
2 40 
2 42 
2 43 
2 44 
2 45 
2 47 
2 48 
2 49 
2 50 
2 51 
2 52 
2 53 
2 54 
2 55 
2 59 
2 60 
2 62 
2 63 
2 66 
2 68 
2 70 
2 71 
2 74 
2 75 
2 76 
2 77 
2 79 
2 83 
2 87 
2 88 
2 89 
2 90 
2 91 
2 92 
2 94 
2 95 
2 96 
2 97 
2 100 
2 101 
2 102 
2 103 
2 104 
2 112 
2 113 
2 116 
2 117 
2 119 
2 121 
2 125 
2 126 
2 127 
2 128 
3 4 
3 5 
3 6 
3 7 
3 8 
3 10 
3 13 
3 14 
3 15 
3 17 
3 19 
3 23 
3 25 
3 27 
3 28 
3 29 
3 31 
3 33 
3 35 
3 36 
3 37 
3 38 
3 39 
3 40 
3 41 
3 42 
3 43 
3 44 
3 47 
3 48 
3 52 
3 53 
3 54 
3 57 
3 58 
3 60 
3 61 
3 63 
3 64 
3 65 
3 67 
3 69 
3 71 
3 75 
3 77 
3 80 
3 81 
3 84 
3 85 
3 88 
3 89 
3 91 
3 92 
3 93 
3 94 
3 95 
3 98 
3 99 
3 100 
3 102 
3 103 
3 107 
3 108 
3 111 
3 113 
3 114 
3 115 
3 117 
3 118 
3 119 
3 120 
3 121 
3 124 
3 125 
3 126 
3 127 
3 128 
4 6 
4 9 
4 12 
4 14 
4 15 
4 17 
4 18 
4 19 
4 20 
4 21 
4 22 
4 23 
4 25 
4 27 
4 31 
4 34 
4 35 
4 39 
4 40 
4 42 
4 43 
4 44 
4 45 
4 46 
4 47 
4 49 
4 50 
4 52 
4 53 
4 56 
4 60 
4 61 
4 62 
4 63 
4 66 
4 67 
4 71 
4 73 
4 76 
4 77 
4 78 
4 80 
4 81 
4 82 
4 83 
4 84 
4 88 
4 92 
4 93 
4 95 
4 97 
4 99 
4 100 
4 102 
4 104 
4 106 
4 107 
4 109 
4 110 
4 112 
4 113 
4 114 
4 116 
4 117 
4 119 
4 121 
4 123 
4 125 
4 126 
5 7 
5 8 
5 10 
5 11 
5 12 
5 14 
5 16 
5 19 
5 20 
5 21 
5 22 
5 23 
5 24 
5 25 
5 27 
5 28 
5 29 
5 30 
5 31 
5 32 
5 35 
5 36 
5 40 
5 42 
5 43 
5 44 
5 46 
5 47 
5 51 
5 52 
5 55 
5 57 
5 58 
5 61 
5 62 
5 63 
5 64 
5 65 
5 66 
5 68 
5 69 
5 70 
5 71 
5 74 
5 75 
5 77 
5 85 
5 87 
5 89 
5 90 
5 92 
5 93 
5 95 
5 96 
5 97 
5 98 
5 104 
5 105 
5 106 
5 107 
5 108 
5 109 
5 112 
5 113 
5 114 
5 116 
5 117 
5 118 
5 120 
5 121 
5 123 
5 124 
5 126 
5 127 
5 128 
6 7 
6 8 
6 9 
6 10 
6 11 
6 14 
6 15 
6 18 
6 19 
6 22 
6 23 
6 24 
6 26 
6 29 
6 31 
6 33 
6 34 
6 35 
6 39 
6 40 
6 41 
6 43 
6 44 
6 46 
6 47 
6 48 
6 50 
6 51 
6 53 
6 54 
6 55 
6 57 
6 58 
6 59 
6 61 
6 62 
6 64 
6 65 
6 68 
6 69 
6 71 
6 72 
6 73 
6 74 
6 75 
6 76 
6 77 
6 78 
6 79 
6 80 
6 81 
6 83 
6 84 
6 85 
6 87 
6 89 
6 90 
6 91 
6 92 
6 93 
6 95 
6 96 
6 97 
6 98 
6 99 
6 102 
6 105 
6 106 
6 107 
6 110 
6 111 
6 112 
6 113 
6 114 
6 115 
6 116 
6 119 
6 120 
6 122 
6 123 
6 125 
6 126 
6 127 
7 9 
7 10 
7 12 
7 13 
7 14 
7 15 
7 17 
7 18 
7 22 
7 24 
7 25 
7 27 
7 28 
7 29 
7 30 
7 31 
7 32 
7 34 
7 35 
7 37 
7 38 
7 39 
7 40 
7 45 
7 46 
7 47 
7 48 
7 49 
7 51 
7 53 
7 54 
7 56 
7 57 
7 58 
7 59 
7 60 
7 61 
7 63 
7 68 
7 69 
7 70 
7 74 
7 76 
7 77 
7 79 
7 80 
7 81 
7 83 
7 85 
7 86 
7 88 
7 89 
7 90 
7 91 
7 93 
7 95 
7 96 
7 97 
7 98 
7 100 
7 104 
7 105 
7 107 
7 108 
7 109 
7 112 
7 114 
7 115 
7 116 
7 117 
7 118 
7 120 
7 123 
7 124 
7 126 
7 128 
8 10 
8 11 
8 13 
8 14 
8 15 
8 17 
8 19 
8 21 
8 24 
8 25 
8 27 
8 29 
8 30 
8 32 
8 33 
8 34 
8 35 
8 36 
8 39 
8 41 
8 43 
8 44 
8 45 
8 47 
8 48 
8 50 
8 51 
8 52 
8 55 
8 56 
8 61 
8 62 
8 63 
8 65 
8 66 
8 67 
8 68 
8 70 
8 74 
8 75 
8 77 
8 78 
8 80 
8 82 
8 85 
8 87 
8 88 
8 89 
8 90 
8 92 
8 93 
8 94 
8 95 
8 96 
8 97 
8 99 
8 103 
8 104 
8 106 
8 107 
8 108 
8 109 
8 110 
8 111 
8 113 
8 115 
8 117 
8 118 
8 119 
8 120 
8 121 
8 122 
8 124 
8 125 
8 126 
8 128 
9 11 
9 14 
9 16 
9 17 
9 20 
9 21 
9 22 
9 23 
9 24 
9 25 
9 26 
9 28 
9 30 
9 31 
9 33 
9 34 
9 37 
9 38 
9 39 
9 42 
9 43 
9 46 
9 47 
9 49 
9 50 
9 51 
9 54 
9 55 
9 57 
9 59 
9 61 
9 62 
9 63 
9 64 
9 67 
9 68 
9 69 
9 70 
9 72 
9 73 
9 74 
9 76 
9 79 
9 80 
9 82 
9 83 
9 84 
9 85 
9 87 
9 89 
9 90 
9 91 
9 92 
9 93 
9 94 
9 96 
9 98 
9 99 
9 103 
9 104 
9 109 
9 110 
9 112 
9 113 
9 114 
9 115 
9 116 
9 117 
9 118 
9 119 
9 120 
9 122 
9 123 
9 125 
9 126 
9 128 
10 13 
10 19 
10 20 
10 22 
10 23 
10 25 
10 29 
10 30 
10 32 
10 33 
10 34 
10 36 
10 37 
10 39 
10 41 
10 42 
10 43 
10 44 
10 46 
10 48 
10 49 
10 51 
10 53 
10 55 
10 56 
10 59 
10 60 
10 61 
10 62 
10 63 
10 67 
10 68 
10 70 
10 71 
10 74 
10 75 
10 76 
10 77 
10 79 
10 80 
10 82 
10 85 
10 88 
10 90 
10 94 
10 95 
10 96 
10 99 
10 100 
10 104 
10 106 
10 109 
10 110 
10 113 
10 115 
10 116 
10 117 
10 121 
10 122 
10 125 
11 13 
11 16 
11 17 
11 18 
11 21 
11 27 
11 28 
11 29 
11 30 
11 31 
11 32 
11 33 
11 35 
11 38 
11 39 
11 40 
11 43 
11 46 
11 47 
11 48 
11 49 
11 50 
11 52 
11 53 
11 54 
11 55 
11 56 
11 57 
11 58 
11 60 
11 61 
11 62 
11 64 
11 65 
11 66 
11 68 
11 69 
11 70 
11 75 
11 78 
11 79 
11 84 
11 85 
11 87 
11 88 
11 89 
11 90 
11 91 
11 93 
11 96 
11 97 
11 99 
11 100 
11 101 
11 104 
11 105 
11 106 
11 109 
11 110 
11 111 
11 112 
11 114 
11 116 
11 120 
11 123 
11 124 
11 125 
11 126 
12 13 
12 14 
12 16 
12 18 
12 19 
12 20 
12 21 
12 22 
12 23 
12 25 
12 26 
12 28 
12 31 
12 32 
12 33 
12 34 
12 35 
12 36 
12 37 
12 39 
12 40 
12 42 
12 43 
12 44 
12 47 
12 50 
12 51 
12 54 
12 58 
12 59 
12 60 
12 61 
12 63 
12 65 
12 66 
12 67 
12 68 
12 69 
12 71 
12 75 
12 77 
12 78 
12 80 
12 82 
12 86 
12 87 
12 88 
12 91 
12 93 
12 97 
12 98 
12 101 
12 102 
12 103 
12 104 
12 107 
12 108 
12 109 
12 110 
12 111 
12 112 
12 113 
12 114 
12 116 
12 118 
12 119 
12 121 
12 122 
12 124 
12 125 
13 15 
13 16 
13 17 
13 18 
13 19 
13 20 
13 22 
13 23 
13 25 
13 27 
13 28 
13 29 
13 32 
13 34 
13 36 
13 37 
13 38 
13 40 
13 42 
13 43 
13 44 
13 46 
13 49 
13 50 
13 51 
13 52 
13 53 
13 54 
13 56 
13 58 
13 61 
13 62 
13 63 
13 64 
13 65 
13 66 
13 67 
13 68 
13 69 
13 71 
13 72 
13 73 
13 74 
13 75 
13 79 
13 80 
13 82 
13 83 
13 85 
13 87 
13 88 
13 89 
13 92 
13 98 
13 100 
13 101 
13 103 
13 104 
13 106 
13 108 
13 110 
13 111 
13 113 
13 115 
13 118 
13 121 
13 127 
14 15 
14 16 
14 17 
14 19 
14 20 
14 21 
14 23 
14 24 
14 25 
14 26 
14 27 
14 28 
14 32 
14 33 
14 35 
14 36 
14 38 
14 39 
14 40 
14 45 
14 46 
14 47 
14 48 
14 49 
14 50 
14 52 
14 54 
14 55 
14 57 
14 58 
14 59 
14 61 
14 62 
14 63 
14 65 
14 67 
14 68 
14 69 
14 70 
14 72 
14 73 
14 74 
14 75 
14 76 
14 77 
14 78 
14 79 
14 80 
14 83 
14 84 
14 85 
14 87 
14 88 
14 89 
14 90 
14 97 
14 99 
14 100 
14 102 
14 103 
14 104 
14 105 
14 107 
14 108 
14 110 
14 111 
14 113 
14 114 
14 115 
14 116 
14 117 
14 118 
14 122 
14 124 
14 126 
14 127 
14 128 
15 16 
15 17 
15 18 
15 19 
15 20 
15 21 
15 23 
15 24 
15 29 
15 30 
15 31 
15 32 
15 33 
15 34 
15 38 
15 40 
15 41 
15 43 
15 44 
15 45 
15 46 
15 48 
15 49 
15 50 
15 52 
15 53 
15 54 
15 57 
15 58 
15 60 
15 61 
15 63 
15 64 
15 65 
15 66 
15 67 
15 68 
15 69 
15 70 
15 71 
15 72 
15 73 
15 74 
15 77 
15 78 
15 79 
15 80 
15 83 
15 84 
15 85 
15 86 
15 89 
15 90 
15 93 
15 94 
15 95 
15 97 
15 98 
15 99 
15 100 
15 101 
15 102 
15 104 
15 106 
15 107 
15 108 
15 109 
15 110 
15 112 
15 113 
15 114 
15 115 
15 116 
15 118 
15 119 
15 122 
15 123 
15 124 
15 125 
15 126 
16 19 
16 21 
16 22 
16 24 
16 26 
16 27 
16 29 
16 30 
16 31 
16 33 
16 36 
16 37 
16 39 
16 40 
16 44 
16 45 
16 46 
16 47 
16 48 
16 51 
16 52 
16 53 
16 54 
16 55 
16 58 
16 59 
16 60 
16 62 
16 63 
16 65 
16 66 
16 67 
16 68 
16 69 
16 70 
16 71 
16 74 
16 75 
16 76 
16 77 
16 79 
16 80 
16 82 
16 85 
16 86 
16 87 
16 88 
16 89 
16 90 
16 91 
16 93 
16 95 
16 96 
16 97 
16 102 
16 103 
16 104 
16 105 
16 107 
16 109 
16 111 
16 113 
16 115 
16 118 
16 127 
16 128 
17 18 
17 20 
17 21 
17 22 
17 25 
17 26 
17 27 
17 28 
17 29 
17 30 
17 32 
17 36 
17 39 
17 41 
17 44 
17 47 
17 50 
17 51 
17 53 
17 54 
17 55 
17 56 
17 57 
17 58 
17 60 
17 61 
17 64 
17 65 
17 66 
17 67 
17 70 
17 72 
17 73 
17 75 
17 78 
17 81 
17 82 
17 85 
17 87 
17 91 
17 92 
17 94 
17 95 
17 96 
17 97 
17 99 
17 100 
17 101 
17 102 
17 104 
17 107 
17 108 
17 110 
17 111 
17 112 
17 113 
17 114 
17 115 
17 116 
17 117 
17 118 
17 119 
17 123 
17 127 
17 128 
18 19 
18 20 
18 21 
18 23 
18 24 
18 25 
18 27 
18 29 
18 30 
18 31 
18 32 
18 34 
18 35 
18 36 
18 37 
18 39 
18 40 
18 41 
18 42 
18 43 
18 44 
18 45 
18 47 
18 48 
18 49 
18 51 
18 52 
18 54 
18 57 
18 58 
18 60 
18 61 
18 64 
18 67 
18 68 
18 70 
18 71 
18 72 
18 73 
18 74 
18 75 
18 76 
18 77 
18 78 
18 79 
18 80 
18 83 
18 84 
18 85 
18 86 
18 87 
18 88 
18 90 
18 93 
18 95 
18 98 
18 102 
18 103 
18 104 
18 105 
18 106 
18 107 
18 108 
18 109 
18 110 
18 111 
18 113 
18 114 
18 115 
18 117 
18 120 
18 122 
18 126 
18 128 
19 21 
19 22 
19 23 
19 27 
19 29 
19 30 
19 31 
19 36 
19 37 
19 38 
19 39 
19 40 
19 41 
19 42 
19 43 
19 45 
19 46 
19 47 
19 48 
19 52 
19 53 
19 55 
19 56 
19 58 
19 60 
19 61 
19 64 
19 65 
19 66 
19 67 
19 69 
19 70 
19 71 
19 73 
19 74 
19 76 
19 77 
19 78 
19 79 
19 80 
19 81 
19 83 
19 84 
19 85 
19 86 
19 87 
19 88 
19 89 
19 90 
19 91 
19 92 
19 93 
19 95 
19 97 
19 100 
19 101 
19 103 
19 104 
19 105 
19 106 
19 108 
19 109 
19 115 
19 117 
19 118 
19 120 
19 122 
19 123 
19 124 
19 125 
19 127 
20 22 
20 23 
20 24 
20 25 
20 28 
20 29 
20 30 
20 34 
20 36 
20 37 
20 38 
20 43 
20 45 
20 47 
20 48 
20 49 
20 50 
20 51 
20 53 
20 54 
20 55 
20 56 
20 58 
20 59 
20 60 
20 62 
20 63 
20 64 
20 65 
20 66 
20 67 
20 70 
20 71 
20 73 
20 77 
20 78 
20 79 
20 80 
20 81 
20 82 
20 85 
20 87 
20 88 
20 89 
20 91 
20 92 
20 93 
20 94 
20 95 
20 96 
20 98 
20 99 
20 102 
20 104 
20 105 
20 106 
20 108 
20 111 
20 112 
20 115 
20 117 
20 119 
20 120 
20 121 
20 123 
20 124 
20 126 
21 22 
21 23 
21 24 
21 25 
21 26 
21 27 
21 28 
21 33 
21 35 
21 36 
21 37 
21 38 
21 41 
21 42 
21 44 
21 47 
21 51 
21 55 
21 61 
21 63 
21 65 
21 66 
21 67 
21 68 
21 70 
21 71 
21 73 
21 75 
21 76 
21 82 
21 83 
21 84 
21 87 
21 88 
21 89 
21 91 
21 93 
21 97 
21 102 
21 106 
21 107 
21 108 
21 109 
21 110 
21 111 
21 113 
21 115 
21 118 
21 120 
21 121 
21 122 
21 125 
21 126 
21 128 
22 26 
22 27 
22 28 
22 32 
22 34 
22 35 
22 36 
22 37 
22 38 
22 39 
22 41 
22 43 
22 44 
22 45 
22 48 
22 49 
22 50 
22 53 
22 62 
22 64 
22 65 
22 67 
22 68 
22 69 
22 71 
22 72 
22 76 
22 77 
22 79 
22 80 
22 81 
22 83 
22 84 
22 85 
22 87 
22 90 
22 91 
22 92 
22 93 
22 95 
22 96 
22 98 
22 99 
22 100 
22 101 
22 102 
22 105 
22 106 
22 108 
22 109 
22 110 
22 111 
22 114 
22 115 
22 117 
22 121 
22 122 
22 128 
23 25 
23 26 
23 28 
23 29 
23 30 
23 31 
23 32 
23 33 
23 34 
23 35 
23 37 
23 40 
23 42 
23 43 
23 44 
23 46 
23 47 
23 48 
23 52 
23 53 
23 56 
23 57 
23 59 
23 60 
23 63 
23 64 
23 66 
23 68 
23 72 
23 76 
23 77 
23 78 
23 79 
23 81 
23 82 
23 83 
23 84 
23 87 
23 88 
23 89 
23 93 
23 94 
23 95 
23 97 
23 100 
23 101 
23 102 
23 103 
23 108 
23 111 
23 114 
23 115 
23 121 
23 122 
23 124 
23 126 
24 25 
24 26 
24 27 
24 29 
24 31 
24 33 
24 35 
24 36 
24 38 
24 39 
24 40 
24 41 
24 45 
24 46 
24 47 
24 49 
24 50 
24 52 
24 54 
24 55 
24 56 
24 57 
24 58 
24 60 
24 61 
24 62 
24 64 
24 65 
24 66 
24 67 
24 70 
24 73 
24 74 
24 76 
24 77 
24 79 
24 81 
24 82 
24 85 
24 86 
24 87 
24 88 
24 89 
24 90 
24 91 
24 92 
24 93 
24 94 
24 95 
24 96 
24 97 
24 98 
24 99 
24 100 
24 102 
24 103 
24 104 
24 105 
24 107 
24 108 
24 111 
24 112 
24 113 
24 114 
24 116 
24 117 
24 122 
24 124 
24 127 
25 26 
25 27 
25 28 
25 29 
25 31 
25 33 
25 34 
25 37 
25 38 
25 39 
25 40 
25 41 
25 43 
25 47 
25 48 
25 51 
25 52 
25 54 
25 56 
25 57 
25 59 
25 60 
25 61 
25 62 
25 66 
25 67 
25 68 
25 69 
25 70 
25 74 
25 75 
25 77 
25 78 
25 80 
25 82 
25 83 
25 85 
25 87 
25 88 
25 89 
25 90 
25 91 
25 92 
25 93 
25 95 
25 96 
25 97 
25 99 
25 100 
25 102 
25 103 
25 104 
25 112 
25 114 
25 115 
25 121 
25 122 
25 125 
25 127 
26 27 
26 28 
26 29 
26 30 
26 31 
26 32 
26 33 
26 34 
26 36 
26 38 
26 40 
26 41 
26 42 
26 43 
26 44 
26 47 
26 48 
26 50 
26 51 
26 52 
26 53 
26 54 
26 55 
26 56 
26 58 
26 60 
26 63 
26 65 
26 66 
26 67 
26 68 
26 69 
26 70 
26 72 
26 73 
26 81 
26 82 
26 83 
26 85 
26 87 
26 89 
26 91 
26 92 
26 94 
26 97 
26 99 
26 101 
26 104 
26 108 
26 109 
26 112 
26 114 
26 115 
26 117 
26 119 
26 120 
26 121 
26 123 
26 124 
26 127 
27 29 
27 31 
27 32 
27 34 
27 35 
27 37 
27 39 
27 40 
27 42 
27 46 
27 47 
27 48 
27 50 
27 51 
27 52 
27 53 
27 55 
27 56 
27 58 
27 60 
27 61 
27 62 
27 63 
27 64 
27 68 
27 70 
27 72 
27 73 
27 77 
27 78 
27 79 
27 84 
27 85 
27 86 
27 91 
27 94 
27 96 
27 98 
27 100 
27 101 
27 102 
27 104 
27 106 
27 108 
27 110 
27 113 
27 114 
27 115 
27 118 
27 120 
27 121 
27 124 
27 125 
27 126 
27 127 
27 128 
28 29 
28 30 
28 33 
28 36 
28 37 
28 38 
28 39 
28 44 
28 47 
28 49 
28 50 
28 51 
28 52 
28 53 
28 54 
28 56 
28 58 
28 61 
28 63 
28 65 
28 67 
28 69 
28 70 
28 74 
28 75 
28 78 
28 79 
28 80 
28 81 
28 82 
28 83 
28 85 
28 88 
28 89 
28 91 
28 93 
28 96 
28 97 
28 98 
28 99 
28 101 
28 103 
28 104 
28 105 
28 107 
28 109 
28 110 
28 111 
28 112 
28 113 
28 115 
28 116 
28 117 
28 120 
28 121 
28 123 
28 124 
28 126 
28 128 
29 31 
29 32 
29 33 
29 34 
29 35 
29 36 
29 39 
29 40 
29 41 
29 44 
29 45 
29 46 
29 47 
29 49 
29 51 
29 52 
29 54 
29 56 
29 57 
29 58 
29 65 
29 66 
29 67 
29 68 
29 69 
29 70 
29 71 
29 72 
29 73 
29 74 
29 75 
29 76 
29 77 
29 79 
29 81 
29 84 
29 85 
29 86 
29 87 
29 89 
29 90 
29 91 
29 92 
29 93 
29 94 
29 96 
29 97 
29 99 
29 100 
29 101 
29 102 
29 103 
29 104 
29 107 
29 109 
29 110 
29 111 
29 112 
29 116 
29 117 
29 118 
29 122 
29 126 
29 128 
30 32 
30 33 
30 34 
30 35 
30 40 
30 41 
30 42 
30 43 
30 44 
30 45 
30 46 
30 47 
30 49 
30 50 
30 51 
30 53 
30 54 
30 55 
30 57 
30 58 
30 62 
30 64 
30 66 
30 68 
30 69 
30 70 
30 73 
30 75 
30 76 
30 78 
30 79 
30 80 
30 81 
30 83 
30 87 
30 89 
30 90 
30 91 
30 92 
30 93 
30 94 
30 95 
30 96 
30 97 
30 98 
30 102 
30 109 
30 110 
30 112 
30 117 
30 119 
30 120 
30 121 
30 122 
30 125 
30 126 
30 127 
31 34 
31 35 
31 36 
31 37 
31 39 
31 40 
31 41 
31 45 
31 48 
31 49 
31 50 
31 53 
31 55 
31 56 
31 57 
31 58 
31 60 
31 61 
31 62 
31 63 
31 64 
31 66 
31 67 
31 69 
31 71 
31 72 
31 74 
31 75 
31 76 
31 77 
31 79 
31 80 
31 81 
31 83 
31 84 
31 85 
31 88 
31 89 
31 92 
31 93 
31 94 
31 97 
31 98 
31 100 
31 101 
31 102 
31 103 
31 104 
31 106 
31 107 
31 108 
31 109 
31 112 
31 115 
31 116 
31 122 
31 123 
31 124 
31 126 
32 33 
32 37 
32 38 
32 41 
32 44 
32 46 
32 47 
32 48 
32 50 
32 51 
32 52 
32 55 
32 56 
32 58 
32 59 
32 60 
32 61 
32 62 
32 63 
32 64 
32 65 
32 66 
32 68 
32 69 
32 70 
32 71 
32 72 
32 75 
32 76 
32 81 
32 82 
32 83 
32 84 
32 85 
32 87 
32 88 
32 96 
32 99 
32 101 
32 102 
32 103 
32 106 
32 107 
32 111 
32 114 
32 116 
32 118 
32 120 
32 122 
32 123 
32 124 
32 125 
32 126 
32 127 
33 35 
33 36 
33 38 
33 40 
33 41 
33 42 
33 43 
33 44 
33 46 
33 50 
33 53 
33 54 
33 56 
33 57 
33 60 
33 61 
33 64 
33 66 
33 67 
33 68 
33 69 
33 70 
33 71 
33 73 
33 74 
33 76 
33 77 
33 78 
33 79 
33 80 
33 81 
33 85 
33 86 
33 89 
33 90 
33 93 
33 94 
33 95 
33 96 
33 97 
33 98 
33 100 
33 101 
33 102 
33 103 
33 104 
33 105 
33 107 
33 108 
33 109 
33 110 
33 112 
33 113 
33 114 
33 115 
33 116 
33 117 
33 118 
33 119 
33 123 
33 124 
33 125 
33 126 
34 35 
34 36 
34 39 
34 40 
34 42 
34 43 
34 45 
34 50 
34 55 
34 56 
34 59 
34 60 
34 62 
34 65 
34 66 
34 67 
34 68 
34 69 
34 70 
34 71 
34 72 
34 73 
34 74 
34 79 
34 80 
34 83 
34 84 
34 86 
34 88 
34 90 
34 91 
34 93 
34 94 
34 95 
34 96 
34 99 
34 100 
34 101 
34 102 
34 103 
34 105 
34 106 
34 109 
34 111 
34 112 
34 114 
34 116 
34 118 
34 119 
34 120 
34 122 
34 126 
34 127 
35 36 
35 38 
35 39 
35 42 
35 43 
35 44 
35 47 
35 48 
35 49 
35 51 
35 54 
35 55 
35 56 
35 58 
35 61 
35 62 
35 65 
35 66 
35 67 
35 68 
35 69 
35 72 
35 73 
35 74 
35 75 
35 76 
35 79 
35 81 
35 82 
35 84 
35 85 
35 86 
35 87 
35 88 
35 89 
35 90 
35 92 
35 95 
35 96 
35 97 
35 98 
35 102 
35 104 
35 106 
35 107 
35 109 
35 113 
35 114 
35 115 
35 116 
35 117 
35 118 
35 119 
35 121 
35 122 
35 123 
35 124 
35 125 
35 126 
35 127 
36 37 
36 39 
36 40 
36 41 
36 42 
36 44 
36 45 
36 46 
36 47 
36 48 
36 49 
36 50 
36 51 
36 53 
36 56 
36 57 
36 58 
36 60 
36 61 
36 62 
36 64 
36 65 
36 66 
36 67 
36 69 
36 71 
36 73 
36 74 
36 75 
36 78 
36 79 
36 81 
36 82 
36 83 
36 84 
36 86 
36 87 
36 88 
36 89 
36 91 
36 92 
36 94 
36 95 
36 97 
36 98 
36 99 
36 100 
36 102 
36 104 
36 106 
36 107 
36 109 
36 111 
36 112 
36 114 
36 115 
36 116 
36 118 
36 127 
37 38 
37 39 
37 42 
37 44 
37 46 
37 51 
37 52 
37 53 
37 54 
37 56 
37 57 
37 58 
37 59 
37 60 
37 62 
37 63 
37 64 
37 65 
37 66 
37 67 
37 68 
37 69 
37 70 
37 71 
37 74 
37 76 
37 78 
37 79 
37 80 
37 81 
37 82 
37 83 
37 84 
37 85 
37 86 
37 87 
37 88 
37 90 
37 91 
37 92 
37 96 
37 98 
37 99 
37 100 
37 102 
37 104 
37 106 
37 107 
37 108 
37 109 
37 110 
37 111 
37 112 
37 117 
37 118 
37 122 
37 124 
37 126 
37 127 
38 39 
38 40 
38 41 
38 44 
38 45 
38 46 
38 47 
38 49 
38 50 
38 52 
38 55 
38 56 
38 58 
38 59 
38 60 
38 63 
38 69 
38 70 
38 72 
38 73 
38 74 
38 76 
38 80 
38 81 
38 83 
38 84 
38 85 
38 90 
38 92 
38 95 
38 98 
38 100 
38 101 
38 103 
38 105 
38 107 
38 108 
38 111 
38 112 
38 113 
38 115 
38 116 
38 117 
38 118 
38 119 
38 120 
38 121 
38 122 
38 123 
38 125 
38 126 
38 128 
39 40 
39 43 
39 45 
39 46 
39 49 
39 50 
39 51 
39 53 
39 54 
39 55 
39 58 
39 59 
39 60 
39 61 
39 62 
39 63 
39 66 
39 67 
39 68 
39 70 
39 73 
39 74 
39 75 
39 76 
39 77 
39 79 
39 80 
39 81 
39 82 
39 83 
39 84 
39 86 
39 87 
39 89 
39 90 
39 91 
39 93 
39 94 
39 95 
39 97 
39 99 
39 100 
39 103 
39 106 
39 108 
39 109 
39 110 
39 111 
39 113 
39 116 
39 118 
39 119 
39 120 
39 121 
39 122 
39 123 
39 124 
39 126 
40 43 
40 46 
40 47 
40 48 
40 49 
40 51 
40 52 
40 53 
40 55 
40 56 
40 57 
40 58 
40 59 
40 61 
40 62 
40 63 
40 65 
40 66 
40 67 
40 68 
40 69 
40 70 
40 72 
40 73 
40 76 
40 77 
40 78 
40 79 
40 80 
40 81 
40 84 
40 85 
40 86 
40 87 
40 88 
40 91 
40 92 
40 93 
40 97 
40 98 
40 99 
40 101 
40 104 
40 105 
40 106 
40 108 
40 109 
40 110 
40 111 
40 112 
40 113 
40 115 
40 116 
40 117 
40 119 
40 120 
40 121 
40 122 
40 124 
40 125 
40 128 
41 46 
41 51 
41 53 
41 54 
41 55 
41 56 
41 57 
41 62 
41 64 
41 69 
41 71 
41 72 
41 73 
41 75 
41 77 
41 78 
41 79 
41 82 
41 84 
41 85 
41 86 
41 89 
41 90 
41 91 
41 93 
41 94 
41 95 
41 96 
41 98 
41 100 
41 101 
41 102 
41 104 
41 105 
41 106 
41 107 
41 108 
41 109 
41 110 
41 111 
41 112 
41 113 
41 114 
41 116 
41 118 
41 120 
41 123 
41 124 
41 127 
42 44 
42 45 
42 49 
42 50 
42 51 
42 52 
42 54 
42 55 
42 56 
42 57 
42 58 
42 59 
42 60 
42 61 
42 62 
42 63 
42 64 
42 66 
42 68 
42 69 
42 70 
42 71 
42 72 
42 74 
42 78 
42 79 
42 80 
42 81 
42 82 
42 83 
42 85 
42 86 
42 87 
42 88 
42 89 
42 90 
42 91 
42 92 
42 93 
42 96 
42 98 
42 99 
42 102 
42 103 
42 104 
42 105 
42 106 
42 107 
42 109 
42 110 
42 111 
42 113 
42 114 
42 115 
42 116 
42 119 
42 121 
42 122 
42 123 
42 124 
42 128 
43 44 
43 45 
43 46 
43 47 
43 48 
43 50 
43 52 
43 53 
43 57 
43 59 
43 60 
43 61 
43 62 
43 63 
43 64 
43 65 
43 67 
43 68 
43 69 
43 71 
43 73 
43 74 
43 75 
43 76 
43 78 
43 80 
43 82 
43 85 
43 86 
43 87 
43 89 
43 90 
43 93 
43 94 
43 97 
43 98 
43 101 
43 102 
43 103 
43 104 
43 107 
43 109 
43 112 
43 113 
43 114 
43 115 
43 116 
43 117 
43 118 
43 119 
43 120 
43 121 
43 122 
43 123 
43 124 
43 126 
43 128 
44 45 
44 46 
44 47 
44 49 
44 50 
44 51 
44 53 
44 54 
44 55 
44 58 
44 60 
44 62 
44 63 
44 64 
44 65 
44 67 
44 68 
44 69 
44 70 
44 71 
44 73 
44 74 
44 75 
44 77 
44 78 
44 80 
44 81 
44 83 
44 88 
44 90 
44 91 
44 92 
44 93 
44 94 
44 95 
44 97 
44 98 
44 101 
44 103 
44 104 
44 105 
44 110 
44 111 
44 112 
44 114 
44 115 
44 116 
44 117 
44 118 
44 122 
44 123 
44 125 
44 128 
45 46 
45 47 
45 49 
45 53 
45 54 
45 56 
45 59 
45 60 
45 62 
45 63 
45 64 
45 65 
45 67 
45 68 
45 69 
45 71 
45 74 
45 75 
45 76 
45 77 
45 78 
45 79 
45 80 
45 81 
45 83 
45 84 
45 86 
45 87 
45 88 
45 89 
45 90 
45 91 
45 93 
45 95 
45 96 
45 98 
45 99 
45 100 
45 101 
45 102 
45 103 
45 105 
45 106 
45 108 
45 110 
45 111 
45 113 
45 114 
45 117 
45 118 
45 123 
45 125 
45 127 
46 47 
46 48 
46 50 
46 53 
46 55 
46 57 
46 58 
46 59 
46 62 
46 63 
46 66 
46 67 
46 72 
46 73 
46 74 
46 76 
46 77 
46 79 
46 80 
46 81 
46 82 
46 83 
46 84 
46 85 
46 86 
46 87 
46 89 
46 90 
46 92 
46 93 
46 94 
46 96 
46 97 
46 98 
46 99 
46 100 
46 101 
46 102 
46 103 
46 104 
46 105 
46 106 
46 108 
46 110 
46 111 
46 112 
46 113 
46 115 
46 120 
46 122 
46 123 
46 126 
46 128 
47 49 
47 50 
47 51 
47 53 
47 54 
47 56 
47 58 
47 59 
47 60 
47 61 
47 64 
47 65 
47 69 
47 70 
47 72 
47 73 
47 74 
47 75 
47 78 
47 79 
47 80 
47 81 
47 82 
47 84 
47 85 
47 86 
47 88 
47 89 
47 92 
47 93 
47 94 
47 96 
47 97 
47 102 
47 103 
47 104 
47 106 
47 107 
47 108 
47 110 
47 111 
47 112 
47 113 
47 115 
47 121 
47 122 
47 123 
47 124 
47 125 
47 127 
47 128 
48 50 
48 52 
48 53 
48 54 
48 55 
48 57 
48 58 
48 60 
48 62 
48 63 
48 64 
48 65 
48 66 
48 67 
48 71 
48 73 
48 74 
48 76 
48 78 
48 79 
48 80 
48 81 
48 83 
48 84 
48 85 
48 87 
48 89 
48 90 
48 91 
48 93 
48 94 
48 95 
48 96 
48 97 
48 99 
48 100 
48 101 
48 103 
48 106 
48 107 
48 108 
48 109 
48 110 
48 115 
48 117 
48 118 
48 119 
48 120 
48 122 
48 123 
48 125 
48 127 
48 128 
49 51 
49 52 
49 54 
49 55 
49 58 
49 59 
49 62 
49 63 
49 65 
49 66 
49 67 
49 68 
49 69 
49 71 
49 74 
49 75 
49 77 
49 79 
49 80 
49 82 
49 86 
49 87 
49 89 
49 90 
49 91 
49 93 
49 97 
49 98 
49 100 
49 103 
49 105 
49 107 
49 108 
49 109 
49 110 
49 111 
49 115 
49 117 
49 119 
49 122 
49 123 
49 124 
49 126 
49 127 
49 128 
50 52 
50 54 
50 55 
50 56 
50 57 
50 58 
50 59 
50 63 
50 64 
50 65 
50 67 
50 68 
50 71 
50 72 
50 73 
50 77 
50 78 
50 79 
50 82 
50 83 
50 85 
50 86 
50 90 
50 91 
50 92 
50 94 
50 97 
50 98 
50 99 
50 100 
50 101 
50 102 
50 105 
50 106 
50 107 
50 111 
50 112 
50 114 
50 115 
50 117 
50 119 
50 120 
50 121 
50 122 
50 123 
50 124 
50 126 
50 127 
50 128 
51 52 
51 53 
51 55 
51 56 
51 57 
51 58 
51 60 
51 65 
51 68 
51 75 
51 77 
51 79 
51 80 
51 82 
51 84 
51 88 
51 89 
51 90 
51 92 
51 93 
51 97 
51 98 
51 100 
51 101 
51 105 
51 106 
51 109 
51 110 
51 112 
51 113 
51 115 
51 117 
51 118 
51 121 
51 122 
51 124 
51 125 
51 126 
51 127 
51 128 
52 53 
52 55 
52 56 
52 57 
52 58 
52 59 
52 60 
52 61 
52 62 
52 64 
52 66 
52 69 
52 70 
52 71 
52 73 
52 76 
52 77 
52 78 
52 79 
52 80 
52 81 
52 84 
52 87 
52 88 
52 91 
52 92 
52 94 
52 96 
52 101 
52 102 
52 103 
52 105 
52 107 
52 108 
52 109 
52 110 
52 112 
52 113 
52 114 
52 116 
52 117 
52 118 
52 119 
52 123 
52 125 
52 126 
52 127 
53 54 
53 55 
53 56 
53 57 
53 58 
53 59 
53 60 
53 62 
53 63 
53 66 
53 70 
53 71 
53 74 
53 76 
53 80 
53 82 
53 84 
53 85 
53 86 
53 88 
53 89 
53 92 
53 93 
53 94 
53 95 
53 96 
53 98 
53 99 
53 102 
53 103 
53 105 
53 107 
53 110 
53 111 
53 113 
53 115 
53 117 
53 120 
53 121 
53 123 
53 124 
53 127 
54 56 
54 59 
54 62 
54 63 
54 65 
54 66 
54 68 
54 69 
54 70 
54 71 
54 73 
54 75 
54 76 
54 78 
54 79 
54 80 
54 82 
54 84 
54 85 
54 86 
54 88 
54 89 
54 91 
54 92 
54 93 
54 94 
54 95 
54 96 
54 101 
54 104 
54 105 
54 107 
54 108 
54 109 
54 111 
54 112 
54 113 
54 114 
54 116 
54 117 
54 119 
54 121 
54 123 
54 125 
55 56 
55 57 
55 58 
55 59 
55 60 
55 63 
55 64 
55 65 
55 66 
55 68 
55 69 
55 71 
55 72 
55 73 
55 74 
55 75 
55 76 
55 77 
55 78 
55 80 
55 81 
55 83 
55 84 
55 85 
55 86 
55 92 
55 93 
55 94 
55 95 
55 96 
55 98 
55 99 
55 100 
55 101 
55 103 
55 104 
55 107 
55 108 
55 109 
55 110 
55 111 
55 112 
55 114 
55 115 
55 116 
55 118 
55 119 
55 123 
55 125 
55 126 
56 57 
56 58 
56 59 
56 61 
56 62 
56 63 
56 64 
56 65 
56 66 
56 68 
56 69 
56 72 
56 74 
56 75 
56 76 
56 77 
56 79 
56 81 
56 82 
56 83 
56 84 
56 85 
56 86 
56 87 
56 89 
56 92 
56 94 
56 99 
56 100 
56 101 
56 102 
56 103 
56 106 
56 107 
56 108 
56 111 
56 112 
56 113 
56 115 
56 117 
56 118 
56 119 
56 120 
56 121 
56 124 
56 125 
56 126 
56 127 
56 128 
57 63 
57 64 
57 65 
57 67 
57 68 
57 69 
57 70 
57 71 
57 72 
57 76 
57 77 
57 80 
57 81 
57 82 
57 84 
57 85 
57 87 
57 88 
57 89 
57 90 
57 91 
57 92 
57 95 
57 96 
57 97 
57 100 
57 102 
57 103 
57 104 
57 106 
57 108 
57 111 
57 112 
57 113 
57 115 
57 117 
57 119 
57 120 
57 121 
57 122 
57 123 
57 126 
57 127 
57 128 
58 59 
58 60 
58 62 
58 63 
58 64 
58 65 
58 67 
58 68 
58 69 
58 70 
58 71 
58 73 
58 74 
58 75 
58 76 
58 77 
58 79 
58 83 
58 84 
58 85 
58 87 
58 88 
58 90 
58 91 
58 92 
58 94 
58 95 
58 96 
58 98 
58 99 
58 100 
58 101 
58 102 
58 103 
58 104 
58 106 
58 107 
58 108 
58 109 
58 110 
58 111 
58 113 
58 115 
58 116 
58 117 
58 119 
58 120 
58 121 
58 123 
58 124 
58 125 
58 126 
58 128 
59 60 
59 61 
59 62 
59 63 
59 64 
59 65 
59 66 
59 69 
59 70 
59 71 
59 73 
59 76 
59 79 
59 81 
59 82 
59 83 
59 84 
59 87 
59 89 
59 90 
59 92 
59 94 
59 95 
59 96 
59 97 
59 98 
59 99 
59 100 
59 102 
59 104 
59 107 
59 108 
59 109 
59 115 
59 116 
59 118 
59 120 
59 121 
59 123 
59 126 
59 127 
60 63 
60 64 
60 65 
60 66 
60 68 
60 69 
60 70 
60 72 
60 74 
60 76 
60 79 
60 80 
60 81 
60 82 
60 83 
60 84 
60 85 
60 86 
60 87 
60 88 
60 90 
60 91 
60 93 
60 96 
60 98 
60 101 
60 102 
60 104 
60 106 
60 107 
60 109 
60 110 
60 114 
60 115 
60 117 
60 120 
60 123 
60 124 
60 126 
60 127 
61 63 
61 66 
61 68 
61 69 
61 70 
61 71 
61 72 
61 73 
61 74 
61 75 
61 77 
61 80 
61 83 
61 84 
61 85 
61 86 
61 88 
61 89 
61 91 
61 93 
61 94 
61 96 
61 97 
61 99 
61 100 
61 102 
61 103 
61 104 
61 108 
61 109 
61 110 
61 112 
61 114 
61 115 
61 116 
61 118 
61 119 
61 120 
61 122 
61 123 
61 124 
61 126 
61 127 
61 128 
62 65 
62 67 
62 68 
62 69 
62 70 
62 71 
62 72 
62 73 
62 75 
62 77 
62 78 
62 79 
62 82 
62 83 
62 84 
62 85 
62 86 
62 87 
62 89 
62 90 
62 92 
62 94 
62 96 
62 97 
62 98 
62 100 
62 102 
62 103 
62 106 
62 107 
62 108 
62 110 
62 111 
62 113 
62 114 
62 115 
62 116 
62 118 
62 121 
62 123 
62 125 
62 127 
63 64 
63 67 
63 68 
63 69 
63 70 
63 72 
63 73 
63 75 
63 76 
63 77 
63 82 
63 83 
63 85 
63 86 
63 88 
63 89 
63 94 
63 96 
63 97 
63 98 
63 99 
63 100 
63 102 
63 103 
63 104 
63 105 
63 109 
63 111 
63 112 
63 114 
63 118 
63 119 
63 123 
63 124 
63 126 
63 127 
64 65 
64 66 
64 68 
64 69 
64 70 
64 71 
64 72 
64 74 
64 75 
64 77 
64 78 
64 80 
64 81 
64 82 
64 83 
64 84 
64 86 
64 88 
64 89 
64 90 
64 91 
64 92 
64 94 
64 96 
64 102 
64 103 
64 107 
64 108 
64 109 
64 110 
64 113 
64 114 
64 116 
64 117 
64 119 
64 120 
64 121 
64 123 
64 124 
64 125 
64 126 
64 127 
65 67 
65 72 
65 73 
65 76 
65 77 
65 78 
65 79 
65 81 
65 82 
65 84 
65 86 
65 88 
65 91 
65 92 
65 94 
65 96 
65 97 
65 98 
65 101 
65 106 
65 107 
65 108 
65 109 
65 110 
65 112 
65 113 
65 115 
65 117 
65 118 
65 119 
65 121 
65 123 
65 124 
65 125 
66 67 
66 71 
66 73 
66 74 
66 76 
66 78 
66 80 
66 81 
66 84 
66 87 
66 90 
66 91 
66 92 
66 93 
66 94 
66 95 
66 96 
66 98 
66 99 
66 101 
66 103 
66 104 
66 106 
66 107 
66 109 
66 110 
66 111 
66 112 
66 113 
66 114 
66 121 
66 123 
66 124 
66 125 
66 126 
66 127 
66 128 
67 70 
67 71 
67 72 
67 73 
67 75 
67 77 
67 78 
67 80 
67 81 
67 82 
67 85 
67 86 
67 87 
67 90 
67 91 
67 92 
67 93 
67 97 
67 99 
67 100 
67 102 
67 104 
67 107 
67 108 
67 110 
67 111 
67 112 
67 114 
67 116 
67 118 
67 119 
67 120 
67 123 
67 125 
67 126 
67 127 
68 69 
68 74 
68 75 
68 76 
68 77 
68 78 
68 80 
68 82 
68 84 
68 85 
68 88 
68 91 
68 92 
68 94 
68 95 
68 96 
68 99 
68 100 
68 103 
68 104 
68 105 
68 106 
68 108 
68 109 
68 110 
68 111 
68 114 
68 115 
68 116 
68 117 
68 118 
68 119 
68 124 
68 125 
68 126 
68 127 
68 128 
69 70 
69 71 
69 72 
69 73 
69 74 
69 77 
69 81 
69 84 
69 85 
69 87 
69 89 
69 94 
69 96 
69 97 
69 98 
69 99 
69 101 
69 103 
69 104 
69 105 
69 106 
69 107 
69 109 
69 110 
69 111 
69 115 
69 116 
69 117 
69 119 
69 120 
69 121 
69 122 
69 123 
69 124 
69 125 
69 126 
69 127 
69 128 
70 72 
70 73 
70 74 
70 75 
70 76 
70 78 
70 79 
70 82 
70 86 
70 87 
70 88 
70 90 
70 91 
70 92 
70 93 
70 96 
70 97 
70 98 
70 101 
70 102 
70 104 
70 106 
70 107 
70 108 
70 110 
70 111 
70 112 
70 113 
70 116 
70 118 
70 121 
70 122 
70 124 
70 127 
70 128 
71 72 
71 73 
71 74 
71 75 
71 76 
71 77 
71 78 
71 79 
71 81 
71 83 
71 84 
71 86 
71 87 
71 88 
71 89 
71 90 
71 93 
71 94 
71 95 
71 97 
71 98 
71 99 
71 100 
71 101 
71 105 
71 106 
71 107 
71 108 
71 111 
71 113 
71 114 
71 115 
71 116 
71 118 
71 119 
71 120 
71 121 
71 122 
71 124 
71 127 
71 128 
72 76 
72 77 
72 78 
72 80 
72 82 
72 83 
72 84 
72 85 
72 86 
72 87 
72 88 
72 89 
72 91 
72 93 
72 96 
72 98 
72 99 
72 100 
72 101 
72 103 
72 104 
72 106 
72 108 
72 109 
72 110 
72 112 
72 113 
72 114 
72 115 
72 117 
72 121 
72 122 
72 126 
72 127 
72 128 
73 74 
73 76 
73 77 
73 79 
73 81 
73 82 
73 84 
73 85 
73 86 
73 87 
73 88 
73 89 
73 90 
73 91 
73 93 
73 95 
73 96 
73 97 
73 98 
73 100 
73 102 
73 103 
73 105 
73 106 
73 110 
73 111 
73 112 
73 115 
73 118 
73 119 
73 121 
73 122 
73 124 
73 126 
73 128 
74 75 
74 76 
74 78 
74 79 
74 81 
74 82 
74 83 
74 85 
74 86 
74 87 
74 90 
74 91 
74 93 
74 94 
74 95 
74 96 
74 97 
74 98 
74 100 
74 101 
74 103 
74 104 
74 105 
74 106 
74 107 
74 108 
74 111 
74 112 
74 114 
74 115 
74 116 
74 118 
74 119 
74 121 
74 122 
74 125 
74 126 
74 127 
75 76 
75 77 
75 80 
75 81 
75 83 
75 84 
75 86 
75 88 
75 90 
75 91 
75 93 
75 94 
75 99 
75 100 
75 101 
75 102 
75 103 
75 105 
75 109 
75 110 
75 111 
75 112 
75 113 
75 116 
75 117 
75 118 
75 119 
75 122 
75 123 
75 124 
75 125 
75 127 
76 77 
76 78 
76 79 
76 81 
76 82 
76 83 
76 86 
76 88 
76 90 
76 91 
76 92 
76 93 
76 94 
76 95 
76 96 
76 98 
76 100 
76 101 
76 102 
76 103 
76 107 
76 108 
76 110 
76 112 
76 113 
76 114 
76 115 
76 116 
76 117 
76 119 
76 122 
76 123 
76 126 
76 128 
77 79 
77 80 
77 81 
77 82 
77 83 
77 84 
77 85 
77 87 
77 88 
77 89 
77 91 
77 94 
77 95 
77 99 
77 101 
77 102 
77 104 
77 105 
77 109 
77 110 
77 112 
77 113 
77 115 
77 120 
77 121 
77 122 
77 123 
77 124 
77 125 
77 127 
77 128 
78 80 
78 81 
78 83 
78 84 
78 85 
78 87 
78 88 
78 89 
78 90 
78 91 
78 92 
78 93 
78 94 
78 98 
78 99 
78 100 
78 103 
78 105 
78 108 
78 109 
78 111 
78 112 
78 115 
78 116 
78 117 
78 119 
78 121 
78 122 
78 123 
78 124 
78 125 
78 126 
78 127 
78 128 
79 80 
79 81 
79 82 
79 83 
79 84 
79 86 
79 88 
79 90 
79 91 
79 92 
79 94 
79 95 
79 96 
79 97 
79 98 
79 101 
79 103 
79 104 
79 106 
79 107 
79 108 
79 109 
79 110 
79 111 
79 113 
79 114 
79 115 
79 116 
79 117 
79 119 
79 120 
79 121 
79 123 
79 126 
79 127 
80 81 
80 82 
80 83 
80 84 
80 85 
80 86 
80 88 
80 89 
80 90 
80 92 
80 95 
80 96 
80 99 
80 100 
80 101 
80 103 
80 104 
80 105 
80 106 
80 107 
80 110 
80 111 
80 114 
80 116 
80 117 
80 120 
80 123 
80 124 
80 126 
80 127 
80 128 
81 84 
81 86 
81 87 
81 88 
81 93 
81 94 
81 96 
81 97 
81 99 
81 100 
81 101 
81 103 
81 104 
81 105 
81 106 
81 107 
81 108 
81 110 
81 111 
81 112 
81 113 
81 114 
81 116 
81 117 
81 118 
81 119 
81 120 
81 121 
81 122 
81 123 
81 124 
81 125 
81 126 
81 127 
82 84 
82 86 
82 88 
82 90 
82 91 
82 92 
82 94 
82 96 
82 99 
82 100 
82 102 
82 103 
82 104 
82 105 
82 106 
82 107 
82 110 
82 111 
82 112 
82 115 
82 117 
82 119 
82 120 
82 121 
82 123 
82 124 
82 127 
82 128 
83 86 
83 87 
83 88 
83 89 
83 90 
83 91 
83 93 
83 94 
83 95 
83 96 
83 99 
83 102 
83 103 
83 104 
83 105 
83 107 
83 109 
83 110 
83 112 
83 115 
83 118 
83 119 
83 120 
83 122 
83 124 
83 125 
83 127 
83 128 
84 85 
84 87 
84 90 
84 93 
84 96 
84 99 
84 101 
84 102 
84 103 
84 105 
84 107 
84 108 
84 109 
84 110 
84 115 
84 116 
84 118 
84 120 
84 122 
84 126 
84 127 
84 128 
85 86 
85 87 
85 88 
85 89 
85 92 
85 93 
85 94 
85 95 
85 96 
85 98 
85 99 
85 100 
85 101 
85 102 
85 103 
85 104 
85 106 
85 108 
85 111 
85 113 
85 115 
85 117 
85 118 
85 119 
85 120 
85 121 
85 122 
85 127 
86 87 
86 88 
86 89 
86 90 
86 91 
86 94 
86 95 
86 96 
86 98 
86 99 
86 100 
86 101 
86 102 
86 103 
86 104 
86 105 
86 106 
86 107 
86 108 
86 110 
86 111 
86 112 
86 114 
86 115 
86 117 
86 121 
86 122 
86 123 
86 125 
86 126 
86 127 
87 88 
87 89 
87 90 
87 91 
87 92 
87 93 
87 94 
87 95 
87 96 
87 98 
87 101 
87 102 
87 103 
87 104 
87 105 
87 109 
87 112 
87 114 
87 115 
87 117 
87 118 
87 120 
87 121 
87 122 
87 123 
87 126 
87 127 
87 128 
88 91 
88 92 
88 94 
88 96 
88 97 
88 99 
88 100 
88 101 
88 102 
88 105 
88 107 
88 108 
88 111 
88 113 
88 115 
88 116 
88 117 
88 118 
88 119 
88 120 
88 122 
88 123 
88 124 
88 125 
88 127 
88 128 
89 90 
89 91 
89 97 
89 98 
89 99 
89 100 
89 101 
89 103 
89 105 
89 107 
89 108 
89 109 
89 110 
89 111 
89 115 
89 118 
89 119 
89 120 
89 121 
89 122 
89 124 
89 125 
90 91 
90 92 
90 95 
90 98 
90 99 
90 100 
90 101 
90 102 
90 103 
90 104 
90 105 
90 108 
90 109 
90 111 
90 115 
90 117 
90 118 
90 119 
90 120 
90 121 
90 122 
90 123 
90 124 
91 92 
91 93 
91 95 
91 96 
91 97 
91 98 
91 101 
91 105 
91 107 
91 109 
91 110 
91 111 
91 112 
91 113 
91 114 
91 115 
91 117 
91 118 
91 120 
91 121 
91 122 
91 124 
91 126 
91 128 
92 93 
92 94 
92 96 
92 97 
92 99 
92 101 
92 103 
92 105 
92 108 
92 109 
92 110 
92 111 
92 112 
92 113 
92 114 
92 115 
92 118 
92 120 
92 123 
92 124 
92 126 
92 128 
93 95 
93 96 
93 99 
93 101 
93 103 
93 104 
93 105 
93 106 
93 110 
93 111 
93 112 
93 115 
93 116 
93 118 
93 120 
93 122 
93 123 
93 124 
93 125 
93 126 
93 127 
93 128 
94 95 
94 97 
94 99 
94 100 
94 101 
94 102 
94 104 
94 107 
94 109 
94 110 
94 111 
94 112 
94 115 
94 117 
94 119 
94 120 
94 122 
94 125 
94 126 
94 127 
94 128 
95 96 
95 97 
95 99 
95 100 
95 101 
95 102 
95 105 
95 106 
95 108 
95 110 
95 112 
95 113 
95 114 
95 116 
95 117 
95 118 
95 119 
95 120 
95 122 
95 126 
95 127 
96 98 
96 99 
96 101 
96 102 
96 103 
96 104 
96 107 
96 108 
96 109 
96 112 
96 113 
96 116 
96 118 
96 120 
96 121 
96 122 
96 123 
96 124 
96 125 
96 126 
96 127 
96 128 
97 98 
97 100 
97 101 
97 103 
97 105 
97 106 
97 107 
97 108 
97 109 
97 110 
97 111 
97 112 
97 113 
97 114 
97 119 
97 120 
97 122 
97 123 
97 125 
97 127 
98 100 
98 103 
98 104 
98 105 
98 106 
98 107 
98 108 
98 109 
98 111 
98 112 
98 113 
98 116 
98 118 
98 120 
98 123 
98 125 
98 126 
99 100 
99 101 
99 104 
99 105 
99 106 
99 107 
99 109 
99 110 
99 111 
99 113 
99 114 
99 115 
99 116 
99 117 
99 118 
99 119 
99 121 
99 123 
99 128 
100 101 
100 102 
100 106 
100 107 
100 108 
100 109 
100 110 
100 115 
100 116 
100 118 
100 119 
100 120 
100 122 
100 123 
100 124 
100 126 
100 127 
101 104 
101 106 
101 109 
101 111 
101 112 
101 113 
101 114 
101 116 
101 118 
101 120 
101 126 
101 127 
101 128 
102 104 
102 106 
102 108 
102 109 
102 111 
102 112 
102 113 
102 114 
102 115 
102 116 
102 118 
102 119 
102 120 
102 121 
102 122 
102 123 
102 124 
102 125 
102 127 
102 128 
103 107 
103 108 
103 110 
103 111 
103 113 
103 115 
103 117 
103 119 
103 123 
103 124 
103 125 
103 126 
103 127 
104 105 
104 106 
104 107 
104 109 
104 110 
104 111 
104 113 
104 114 
104 116 
104 117 
104 118 
104 119 
104 120 
104 122 
104 123 
104 125 
104 126 
104 127 
105 106 
105 107 
105 109 
105 110 
105 112 
105 113 
105 114 
105 116 
105 118 
105 119 
105 120 
105 121 
105 123 
105 125 
105 128 
106 107 
106 110 
106 111 
106 112 
106 113 
106 114 
106 117 
106 118 
106 119 
106 121 
106 123 
106 125 
106 126 
106 128 
107 108 
107 109 
107 110 
107 111 
107 112 
107 115 
107 117 
107 119 
107 120 
107 124 
107 126 
107 127 
107 128 
108 111 
108 112 
108 114 
108 115 
108 117 
108 118 
108 119 
108 123 
108 125 
108 126 
108 127 
108 128 
109 110 
109 114 
109 116 
109 118 
109 119 
109 123 
109 124 
109 125 
109 126 
109 127 
109 128 
110 111 
110 112 
110 113 
110 115 
110 116 
110 117 
110 119 
110 120 
110 121 
110 124 
110 125 
111 113 
111 114 
111 115 
111 116 
111 117 
111 118 
111 119 
111 121 
111 122 
111 127 
111 128 
112 113 
112 117 
112 118 
112 119 
112 120 
112 122 
112 123 
112 125 
112 127 
113 114 
113 115 
113 116 
113 117 
113 118 
113 121 
113 123 
113 125 
113 128 
114 115 
114 116 
114 117 
114 121 
114 122 
114 124 
114 125 
114 126 
114 127 
114 128 
115 118 
115 119 
115 120 
115 121 
115 123 
115 125 
116 118 
116 119 
116 120 
116 123 
116 124 
116 125 
116 127 
117 118 
117 119 
117 120 
117 121 
117 122 
117 125 
117 126 
117 127 
117 128 
118 120 
118 122 
118 124 
118 125 
118 128 
119 122 
119 124 
119 126 
119 127 
120 124 
120 125 
120 126 
120 128 
121 122 
121 123 
121 124 
121 125 
121 126 
121 127 
121 128 
122 123 
122 124 
122 125 
122 126 
122 128 
123 125 
123 126 
123 128 
124 125 
124 126 
125 127 
125 128 
126 128 
