128 585
1
2
3
4
5
6
7
8
9
10
11
12
13
14
15
16
17
18
19
20
21
22
23
24
25
26
27
28
29
30
31
32
33
34
35
36
37
38
39
40
41
42
43
44
45
46
47
48
49
50
51
52
53
54
55
56
57
58
59
60
61
62
63
64
65
66
67
68
69
70
71
72
73
74
75
76
77
78
79
80
81
82
83
84
85
86
87
88
89
90
91
92
93
94
95
96
97
98
99
100
101
102
103
104
105
106
107
108
109
110
111
112
113
114
115
116
117
118
119
120
121
122
123
124
125
126
127
128
1 2 
1 37 
1 47 
1 68 
1 78 
1 80 
1 85 
1 86 
1 113 
1 119 
2 30 
2 31 
2 40 
2 62 
2 64 
2 69 
2 85 
2 89 
2 92 
2 99 
2 116 
2 123 
3 7 
3 31 
3 34 
3 62 
3 70 
3 121 
4 7 
4 36 
4 37 
4 51 
4 58 
4 72 
4 102 
4 120 
5 21 
5 24 
5 28 
5 43 
5 45 
5 66 
5 73 
5 85 
5 100 
5 110 
5 115 
6 24 
6 27 
6 31 
6 54 
6 62 
6 77 
6 88 
6 124 
6 125 
7 23 
7 68 
7 79 
7 105 
7 110 
7 116 
7 118 
7 119 
8 45 
8 46 
8 51 
8 58 
8 59 
8 104 
8 115 
9 13 
9 14 
9 34 
9 36 
9 41 
9 44 
9 47 
9 61 
9 77 
9 79 
9 88 
9 100 
9 108 
10 24 
10 26 
10 27 
10 47 
10 50 
10 59 
10 60 
10 63 
10 113 
10 128 
11 29 
11 32 
11 33 
11 43 
11 60 
11 76 
11 83 
11 96 
11 97 
11 110 
12 20 
12 46 
12 59 
12 81 
12 95 
12 108 
13 25 
13 29 
13 49 
13 55 
13 69 
13 75 
13 76 
13 83 
13 85 
13 86 
13 91 
13 122 
14 29 
14 33 
14 35 
14 36 
14 43 
14 53 
15 16 
15 31 
15 41 
15 52 
15 63 
15 99 
16 19 
16 34 
16 51 
16 58 
16 60 
16 70 
16 84 
16 93 
17 57 
17 71 
17 79 
17 84 
17 85 
17 93 
17 95 
17 119 
18 23 
18 39 
18 78 
18 89 
18 92 
18 128 
19 20 
19 31 
19 46 
19 58 
19 66 
19 76 
19 77 
19 86 
19 87 
19 98 
19 115 
19 120 
19 126 
20 26 
20 44 
20 54 
20 56 
20 57 
20 78 
20 113 
20 126 
21 28 
21 66 
21 72 
21 78 
21 86 
21 88 
21 114 
21 128 
22 32 
22 54 
22 68 
22 76 
22 83 
22 106 
22 113 
22 122 
22 125 
23 31 
23 34 
23 47 
23 63 
23 65 
23 78 
23 87 
23 94 
24 25 
24 33 
24 52 
24 60 
24 67 
24 89 
24 90 
24 92 
24 98 
25 35 
25 38 
25 58 
25 81 
25 95 
25 97 
25 107 
25 110 
25 119 
26 30 
26 34 
26 36 
26 51 
26 80 
26 123 
27 61 
27 65 
27 78 
27 93 
27 104 
27 114 
27 116 
27 120 
28 42 
28 60 
28 63 
28 108 
28 124 
29 30 
29 31 
29 39 
29 40 
29 75 
29 92 
29 100 
29 108 
29 112 
29 114 
30 45 
30 62 
30 118 
30 120 
31 40 
31 58 
31 72 
31 84 
31 118 
31 124 
32 39 
32 51 
32 58 
32 69 
32 76 
32 83 
32 88 
32 90 
32 93 
32 101 
33 38 
33 56 
33 68 
33 74 
33 84 
33 93 
33 95 
33 118 
34 73 
34 80 
34 110 
34 112 
34 125 
35 84 
35 102 
35 114 
35 124 
35 128 
36 44 
36 83 
36 122 
37 48 
37 61 
37 86 
37 91 
37 125 
38 84 
39 54 
39 55 
39 62 
39 65 
39 93 
39 105 
40 44 
40 73 
40 81 
40 95 
40 103 
41 71 
41 76 
41 80 
41 112 
41 114 
41 115 
41 126 
42 53 
42 68 
42 69 
42 76 
42 78 
42 80 
42 81 
42 84 
42 101 
42 106 
43 64 
43 73 
43 86 
43 91 
43 107 
43 109 
44 53 
44 81 
44 83 
44 101 
44 109 
45 54 
45 101 
45 125 
46 47 
46 57 
46 72 
46 77 
46 80 
46 84 
46 94 
46 107 
46 127 
47 85 
47 86 
47 99 
47 122 
48 66 
48 104 
48 124 
48 126 
49 51 
49 60 
49 64 
49 81 
49 85 
49 101 
49 103 
49 106 
49 116 
49 126 
50 55 
50 92 
50 99 
50 101 
50 103 
51 106 
51 125 
52 58 
52 75 
52 102 
52 104 
52 110 
52 123 
52 124 
53 69 
53 100 
53 128 
54 55 
54 67 
54 72 
54 97 
54 106 
54 122 
55 70 
55 110 
56 84 
56 111 
56 118 
56 123 
57 93 
58 60 
58 78 
58 88 
58 109 
58 120 
59 60 
59 72 
59 94 
59 102 
59 115 
60 61 
60 67 
60 72 
60 73 
60 80 
60 85 
60 86 
60 89 
60 92 
60 94 
60 103 
61 75 
61 87 
61 88 
61 103 
61 104 
61 112 
61 125 
62 63 
62 76 
62 100 
62 108 
63 69 
63 73 
63 80 
63 89 
63 90 
63 97 
63 114 
64 66 
64 73 
64 79 
64 83 
64 86 
64 103 
64 111 
64 125 
65 68 
65 80 
65 86 
65 90 
65 117 
65 119 
65 127 
66 67 
66 82 
66 90 
66 99 
67 85 
67 94 
67 95 
67 115 
68 75 
68 78 
68 82 
68 86 
68 92 
68 109 
68 116 
68 118 
68 125 
69 80 
69 104 
69 124 
70 79 
70 81 
70 95 
70 99 
70 101 
70 104 
70 111 
71 81 
71 91 
71 101 
71 103 
71 127 
72 102 
72 125 
73 75 
73 103 
73 128 
74 75 
74 104 
74 107 
75 84 
75 94 
75 95 
75 102 
75 104 
75 108 
75 117 
75 125 
76 124 
76 128 
77 103 
77 120 
78 89 
78 92 
78 105 
78 106 
78 108 
78 111 
78 125 
79 102 
79 111 
79 125 
80 100 
80 101 
81 91 
81 98 
82 83 
82 92 
82 112 
83 86 
83 115 
84 87 
84 104 
84 106 
85 93 
85 96 
85 118 
85 126 
86 105 
86 107 
86 127 
87 90 
87 91 
87 108 
88 92 
88 101 
88 104 
88 110 
89 90 
89 125 
90 112 
90 114 
90 117 
90 127 
91 102 
91 116 
91 123 
92 104 
92 128 
93 102 
93 108 
93 112 
93 113 
93 126 
94 105 
95 109 
95 125 
95 126 
96 123 
96 124 
96 127 
97 99 
97 116 
97 123 
99 103 
99 105 
101 102 
102 108 
102 123 
103 124 
104 105 
104 113 
104 116 
104 119 
104 124 
105 115 
105 128 
106 126 
107 122 
108 111 
109 124 
110 128 
112 119 
114 118 
122 127 
125 126 
