128 945
1
2
3
4
5
6
7
8
9
10
11
12
13
14
15
16
17
18
19
20
21
22
23
24
25
26
27
28
29
30
31
32
33
34
35
36
37
38
39
40
41
42
43
44
45
46
47
48
49
50
51
52
53
54
55
56
57
58
59
60
61
62
63
64
65
66
67
68
69
70
71
72
73
74
75
76
77
78
79
80
81
82
83
84
85
86
87
88
89
90
91
92
93
94
95
96
97
98
99
100
101
102
103
104
105
106
107
108
109
110
111
112
113
114
115
116
117
118
119
120
121
122
123
124
125
126
127
128
1 12 
1 13 
1 19 
1 25 
1 28 
1 29 
1 37 
1 46 
1 52 
1 54 
1 61 
1 72 
1 75 
1 78 
1 84 
1 91 
1 102 
1 112 
1 116 
2 4 
2 6 
2 10 
2 40 
2 47 
2 50 
2 82 
2 99 
3 45 
3 47 
3 68 
3 77 
3 91 
3 97 
3 102 
3 122 
4 22 
4 41 
4 49 
4 51 
4 62 
4 79 
4 117 
4 121 
5 9 
5 16 
5 30 
5 43 
5 52 
5 58 
5 62 
5 66 
5 68 
5 84 
5 90 
5 97 
5 99 
5 110 
6 8 
6 31 
6 35 
6 52 
6 70 
6 72 
6 83 
6 94 
6 104 
6 106 
6 107 
6 108 
6 114 
6 126 
7 9 
7 14 
7 15 
7 16 
7 19 
7 38 
7 42 
7 43 
7 55 
7 57 
7 66 
7 88 
7 101 
7 116 
7 127 
8 21 
8 23 
8 47 
8 53 
8 54 
8 61 
8 78 
8 82 
8 90 
8 96 
8 100 
8 101 
8 109 
8 110 
8 119 
8 122 
9 18 
9 20 
9 22 
9 33 
9 41 
9 88 
9 89 
9 121 
10 46 
10 66 
10 97 
10 104 
10 109 
10 113 
10 114 
11 16 
11 20 
11 39 
11 51 
11 55 
11 84 
11 90 
11 109 
11 110 
12 14 
12 17 
12 32 
12 36 
12 40 
12 43 
12 49 
12 55 
12 57 
12 64 
12 67 
12 70 
12 71 
12 87 
12 90 
12 96 
12 122 
13 25 
13 29 
13 34 
13 37 
13 43 
13 47 
13 56 
13 61 
13 66 
13 70 
13 73 
13 76 
13 82 
13 89 
13 98 
13 101 
13 103 
13 104 
13 114 
13 121 
13 128 
14 15 
14 19 
14 21 
14 36 
14 45 
14 55 
14 76 
14 106 
15 24 
15 27 
15 33 
15 43 
15 48 
15 51 
15 56 
15 81 
15 89 
15 98 
15 102 
15 120 
15 122 
16 17 
16 19 
16 21 
16 52 
16 55 
16 65 
16 72 
16 78 
16 89 
16 109 
16 122 
17 18 
17 32 
17 35 
17 36 
17 45 
17 48 
17 50 
17 55 
17 70 
17 87 
17 97 
17 115 
17 123 
18 36 
18 41 
18 56 
18 60 
18 71 
18 84 
18 85 
18 91 
18 102 
18 103 
18 105 
18 112 
18 117 
18 127 
19 28 
19 31 
19 52 
19 56 
19 57 
19 62 
19 74 
19 81 
19 83 
19 86 
19 95 
19 114 
19 117 
19 122 
19 123 
19 124 
20 22 
20 24 
20 36 
20 39 
20 42 
20 50 
20 85 
20 90 
20 96 
20 104 
20 110 
20 113 
20 122 
20 125 
21 30 
21 34 
21 35 
21 59 
21 61 
21 63 
21 89 
21 90 
21 95 
21 96 
21 103 
21 108 
21 115 
21 116 
22 23 
22 25 
22 46 
22 49 
22 57 
22 58 
22 69 
22 74 
22 76 
22 83 
22 84 
22 88 
22 101 
22 102 
22 113 
23 37 
23 44 
23 53 
23 56 
23 65 
23 82 
23 89 
23 95 
23 109 
23 122 
24 31 
24 43 
24 51 
24 66 
24 72 
24 77 
24 79 
24 82 
24 88 
24 94 
24 100 
24 101 
24 102 
24 106 
24 108 
24 112 
24 115 
24 122 
25 26 
25 35 
25 51 
25 53 
25 60 
25 68 
25 74 
25 75 
25 80 
25 90 
25 92 
25 113 
25 114 
25 115 
25 124 
25 127 
26 27 
26 40 
26 42 
26 60 
26 92 
26 94 
26 102 
26 109 
26 112 
26 118 
26 119 
26 123 
26 126 
27 34 
27 43 
27 49 
27 52 
27 78 
27 80 
27 86 
27 97 
27 107 
27 116 
28 31 
28 38 
28 39 
28 55 
28 57 
28 66 
28 79 
28 85 
28 90 
28 93 
28 95 
28 97 
28 116 
28 118 
29 38 
29 42 
29 46 
29 49 
29 50 
29 55 
29 61 
29 63 
29 102 
29 119 
29 124 
30 46 
30 54 
30 62 
30 65 
30 70 
30 71 
30 73 
30 74 
30 79 
30 81 
30 85 
30 91 
30 93 
30 99 
30 104 
30 110 
30 128 
31 36 
31 37 
31 47 
31 57 
31 58 
31 60 
31 62 
31 67 
31 74 
31 77 
31 87 
31 92 
31 93 
31 99 
31 110 
31 112 
31 126 
32 35 
32 48 
32 58 
32 71 
32 74 
32 76 
32 77 
32 80 
32 81 
32 83 
32 86 
32 89 
32 108 
32 109 
32 117 
32 121 
32 126 
33 50 
33 54 
33 59 
33 67 
33 76 
33 80 
33 81 
33 90 
33 92 
33 99 
33 100 
33 108 
33 126 
34 46 
34 47 
34 61 
34 83 
34 98 
34 112 
34 114 
35 43 
35 48 
35 50 
35 68 
35 91 
35 94 
35 95 
35 96 
35 100 
35 102 
35 104 
35 113 
35 119 
35 120 
35 123 
35 128 
36 38 
36 45 
36 54 
36 69 
36 71 
36 86 
36 95 
36 101 
36 105 
36 111 
36 112 
36 127 
37 56 
37 67 
37 68 
37 71 
37 74 
37 76 
37 78 
37 85 
37 86 
37 89 
37 95 
37 116 
37 118 
37 120 
37 121 
37 128 
38 46 
38 81 
38 91 
38 97 
38 98 
38 106 
38 117 
38 122 
39 67 
39 71 
39 76 
39 85 
39 88 
39 98 
39 113 
39 121 
40 43 
40 63 
40 74 
40 113 
40 118 
40 126 
41 58 
41 62 
41 79 
41 88 
41 89 
41 93 
41 100 
41 105 
41 115 
42 45 
42 62 
42 65 
42 68 
42 74 
42 87 
42 89 
42 90 
42 107 
42 122 
42 123 
43 49 
43 55 
43 61 
43 76 
43 91 
43 94 
43 108 
43 111 
43 114 
44 54 
44 59 
44 64 
44 68 
44 75 
44 95 
44 113 
45 61 
45 69 
45 78 
45 81 
45 91 
45 99 
45 106 
45 114 
46 49 
46 55 
46 63 
46 85 
46 97 
46 108 
47 56 
47 60 
47 72 
47 73 
47 76 
47 82 
47 85 
47 87 
47 101 
47 110 
47 116 
47 119 
47 128 
48 49 
48 68 
48 74 
48 76 
48 79 
48 86 
48 90 
48 91 
48 110 
48 123 
48 125 
49 72 
49 108 
49 123 
49 124 
49 127 
50 56 
50 96 
51 53 
51 56 
51 75 
51 81 
51 84 
51 89 
51 91 
51 92 
51 93 
51 99 
51 105 
51 106 
51 111 
51 115 
51 122 
52 58 
52 62 
52 68 
52 85 
52 93 
53 54 
53 78 
53 81 
53 91 
53 101 
53 108 
53 113 
53 121 
53 122 
54 58 
54 75 
54 83 
54 85 
54 86 
54 94 
54 109 
54 111 
54 112 
54 113 
54 117 
54 118 
55 57 
55 58 
55 61 
55 64 
55 85 
55 88 
55 95 
55 100 
55 114 
55 118 
55 121 
55 123 
56 71 
56 81 
56 93 
56 100 
56 101 
56 103 
56 107 
56 114 
56 120 
57 64 
57 68 
57 75 
57 101 
57 102 
57 114 
57 117 
57 121 
58 65 
58 72 
58 80 
58 86 
58 87 
58 88 
58 93 
58 98 
58 115 
59 71 
59 90 
59 92 
59 97 
59 103 
59 107 
59 113 
59 121 
59 124 
60 61 
60 67 
60 76 
60 77 
60 79 
60 98 
60 112 
60 122 
61 64 
61 69 
61 71 
61 75 
61 101 
61 104 
61 124 
61 126 
62 77 
62 79 
62 84 
62 91 
62 103 
62 104 
62 116 
62 118 
62 125 
63 68 
63 83 
63 98 
63 100 
63 106 
63 112 
63 117 
64 67 
64 71 
64 88 
64 105 
64 113 
64 127 
65 79 
65 85 
65 90 
65 92 
65 94 
65 101 
65 104 
65 112 
65 120 
65 121 
65 128 
66 73 
66 76 
66 84 
66 85 
66 120 
67 68 
67 71 
67 72 
67 92 
67 98 
67 118 
67 126 
68 69 
68 79 
68 106 
68 117 
69 73 
69 78 
69 80 
69 91 
69 123 
70 71 
70 96 
71 82 
71 83 
71 97 
71 114 
72 74 
72 76 
72 79 
72 83 
72 85 
72 91 
72 93 
72 101 
72 112 
72 119 
73 77 
73 81 
73 97 
73 118 
73 120 
73 124 
73 125 
73 126 
73 127 
74 77 
74 82 
74 94 
75 76 
75 84 
75 108 
75 123 
75 124 
76 85 
76 87 
76 111 
76 113 
76 128 
77 79 
77 88 
77 126 
78 83 
78 87 
78 102 
78 104 
78 107 
78 108 
79 88 
79 92 
79 104 
79 128 
80 90 
80 92 
80 103 
81 82 
81 85 
81 92 
81 94 
81 105 
81 115 
82 84 
82 94 
82 109 
82 113 
82 121 
82 122 
82 126 
83 88 
83 90 
83 104 
83 121 
83 122 
84 85 
84 98 
84 107 
84 114 
84 118 
84 119 
84 126 
85 101 
85 109 
85 111 
85 112 
85 113 
85 125 
86 88 
86 92 
86 97 
86 98 
86 116 
87 96 
87 118 
88 89 
88 90 
88 103 
88 112 
88 113 
88 114 
88 119 
89 93 
89 95 
89 100 
89 101 
89 109 
89 116 
89 124 
89 127 
90 94 
90 100 
91 112 
91 113 
91 117 
92 100 
92 104 
92 112 
92 122 
92 125 
92 128 
93 99 
93 123 
93 124 
93 127 
94 105 
94 122 
94 125 
94 128 
95 99 
95 104 
95 114 
95 115 
95 116 
95 119 
96 104 
96 112 
96 113 
96 116 
96 127 
97 106 
97 115 
97 121 
98 103 
98 104 
98 105 
98 107 
98 122 
99 100 
99 104 
99 115 
99 116 
99 117 
100 102 
100 118 
100 120 
100 124 
100 127 
100 128 
101 126 
102 105 
102 108 
102 113 
102 125 
103 108 
103 120 
103 121 
104 128 
105 106 
105 111 
106 116 
106 117 
106 121 
108 122 
108 127 
109 121 
110 112 
110 122 
110 125 
111 119 
111 124 
112 121 
112 128 
114 117 
115 116 
115 124 
115 125 
116 118 
116 127 
117 119 
117 122 
117 126 
118 126 
120 123 
121 127 
124 128 
126 127 
127 128 
